-27.1395
178.176
168.846
54.642
-13.4336
-119.032
-76.2628
45.6015
145.627
-60.0699
-65.7156
-95.1969
-36.8334
-128.69
-88.2078
-102.458
-198.835
-102.767
173.42
-77.7877
78.0781
-158.843
-85.1943
-40.3189
-131.486
-104.528
-54.4786
-25.0337
28.628
20.2593
-96.8125
-66.4962
-59.7976
-165.56
154.159
149.113
-14.7769
-146.753
-79.3852
116.6
43.8225
212.341
93.8535
89.4604
162.437
199.688
-6.49895
114.385
20.2593
108.776
-174.092
21.294
-57.7825
141.688
24.0897
-112.515
-36.7063
-104.165
-187.761
-191.12
-154.377
85.4666
95.1606
11.4004
166.486
42.5881
-106.906
-120.866
48.0523
-164.38
45.8375
95.3058
68.8925
-43.1508
-4.03007
-87.2275
115.002
65.5522
-177.251
75.0102
-201.177
-177.85
-135.951
5.68204
-88.4801
107.069
-45.3474
110.827
115.692
44.8936
-37.9408
133.174
-58.073
-56.6026
129.616
-2.25103
66.6596
32.3132
59.38
69.6005
-48.7603
-173.075
-6.44449
52.8992
-92.0563
135.243
161.911
22.3832
184.512
-185.347
176.434
-70.0906
194.878
-165.759
-134.917
-139.292
-81.0916
89.4422
-48.1249
97.9199
22.5648
55.6223
-167.647
2.08765
-63.283
-88.5345
-197.129
-46.4366
-192.699
99.8078
160.459
7.82415
-173.348
10.2386
68.0029
114.603
163.962
-85.0672
-94.9427
-4.91959
3.44916
136.95
-50.1762
154.305
-1.99688
19.1701
175.889
-155.303
-17.5
-13.0887
-109.593
19.4968
174.872
-110.7
164.561
12.9253
89.4241
93.6175
-139.927
76.9345
145.064
-54.642
16.8827
-163.018
100.28
8.64106
-14.8314
121.066
50.1399
-15.8117
75.2099
16.2474
150.674
100.407
-5.15559
182.007
-82.5439
-94.7793
-31.0788
-124.642
175.417
-14.7043
80.1839
81.2913
71.434
166.286
192.554
-154.032
-192.318
-187.634
14.9222
57.8915
186.4
158.607
130.033
-102.186
-98.7913
112.497
-65.4252
-28.2831
101.151
-5.2282
48.9962
-196.475
65.3525
-174.437
87.7902
-27.7748
-188.07
-136.133
168.773
-89.2425
-154.722
-191.701
34.5279
86.3198
-160.459
-88.3712
51.9553
69.0922
-19.8599
164.743
153.415
173.693
-33.711
176.633
180.464
-85.4484
143.939
21.3848
192.136
29.4813
186.545
83.7783
167.339
-12.8164
-156.991
-90.7856
11.001
20.1867
-137.494
-137.912
-188.252
-115.674
-172.585
100.389
-24.0352
-92.3468
-150.293
-86.4287
-183.06
-44.4942
-46.0735
-89.1336
-97.9925
41.6985
-184.33
-173.021
147.152
-125.894
25.4512
-116.291
39.1026
-121.556
-157.627
160.077
-29.572
-16.2111
-31.2421
126.53
-154.613
168.21
-47.3987
-176.161
-114.149
65.9516
86.1746
-6.73494
165.868
184.476
148.35
106.198
124.242
-185.075
168.846
-60.2151
-40.1918
119.813
-34.891
-162.891
-145.954
-79.4215
115.856
-123.534
157.318
54.8235
194.878
3.17686
-122.155
-75.3914
-16.0658
-153.76
-188.724
32.4766
149.603
17.4092
139.183
-27.8837
-175.453
-58.0367
68.9288
64.7172
-104.855
75.8997
55.6041
-119.377
-193.807
-162.928
-176.942
28.8096
-80.6559
-150.129
95.215
182.315
89.6056
-94.6341
-133.882
154.958
28.6825
-107.686
-120.975
170.026
168.773
-185.674
-68.1663
-113.877
-191.719
-164.452
190.158
-162.819
47.1809
184.566
133.737
-57.7462
140.181
140.925
-89.8779
128
169.79
-99.118
-147.061
-151.255
102.113
-142.85
-136.532
13.3791
46.2369
47.1446
-192.136
113.55
-118.905
-98.0833
100.48
146.844
-18.2806
183.877
-186.146
-94.0713
128.726
-48.1975
-74.0662
-56.8386
-66.9137
177.487
-196.929
-123.389
-65.9516
-157.137
-74.9739
-146.244
14.7588
135.697
127.801
-4.91959
76.9163
-198.98
-188.143
-77.6606
145.3
58.073
-139.292
-24.126
-98.882
3.24947
14.5591
-176.815
24.3075
8.13276
-31.6234
-176.416
-57.3469
-54.7691
-181.008
-117.326
89.4967
-189.105
165.051
3.68516
116.346
-3.53993
-146.608
-71.2161
-193.444
170.915
-130.487
89.0973
140
119.668
-108.685
162.782
-160.204
172.041
-193.008
-127.728
-120.394
-59.017
-186.709
-174.872
47.3806
-180.5
-126.947
-15.1945
180.881
182.951
-31.4237
-186.218
-64.2633
-29.0819
142.124
158.571
-191.846
65.8427
-132.956
170.425
30.4797
75.8452
-58.2182
138.511
-94.2529
-90.2954
167.557
110.954
-40.2644
75.8816
-176.543
6.82571
113.695
182.061
167.593
-39.8832
-106.96
-109.901
109.484
-187.199
-181.39
-119.777
70.617
-157.481
-74.1207
-179.847
77.2612
-145.355
-64.4812
-154.069
-116.781
-86.7192
158.571
-52.6633
-23.1275
-42.1161
43.9677
161.602
-128.527
-100.062
135.734
94.8883
51.7556
-153.034
-0.326763
182.315
167.048
-146.825
-55.949
-141.071
-183.259
0.0907674
111.045
-63.1197
158.916
-192.917
-165.433
-190.176
-153.379
-165.977
7.31585
92.8914
-181.535
-56.0035
-110.046
-153.742
-4.21161
-53.4439
-18.4802
-192.717
-23.182
112.824
-98.7913
133.755
-188.905
-82.4168
2.8864
165.16
-2.90456
20.5134
126.53
157.627
-179.611
181.553
-155.503
-23.5995
-157.209
-182.678
-56.185
-84.4682
55.5315
-87.3001
61.2862
81.9811
-130.179
-20.4953
-183.441
-91.9474
96.5947
-82.798
-183.241
-158.825
-162.728
-161.475
160.894
48.7966
101.514
-133.682
19.4424
-156.265
141.833
100.371
23.8537
168.319
54.9506
-80.5107
-160.931
85.7571
-50.2488
198.654
-127.619
-3.64885
-106.452
162.637
86.574
82.0537
-168.954
82.7073
91.9837
15.8843
54.17
-189.74
-106.815
136.024
95.6144
75.4096
-122.482
-170.715
183.931
-107.741
-157.354
-174.854
-88.3167
64.6446
108.739
-72.4869
167.738
158.262
-176.379
139.655
86.9189
-95.0153
-117.362
-73.6487
-54.2608
-156.193
52.7177
134.191
157.227
-48.1612
-169.082
-136.805
-203.083
50.1036
184.512
164.035
-52.3002
188.469
90.4951
-174.509
154.45
-47.308
-163.545
51.7919
118.597
139.419
-125.368
98.1196
-134.009
146.571
180.536
-178.104
-159.079
-194.533
-177.341
107.378
141.688
57.9096
165.523
-124.841
20.6042
2.68672
182.57
148.786
-168.047
146.045
-10.9465
-184.566
15.5212
-64.4812
-133.791
-24.5072
23.3091
2.6141
146.662
70.3629
108.794
-88.1896
41.2266
56.9656
-172.059
83.6149
130.433
-166.576
2.39626
70.8893
-4.93775
-105.817
-21.3303
-125.041
-37.2691
114.04
71.9967
178.775
28.9548
-144.411
-187.38
150.383
134.535
57.3469
104.074
-29.4631
-127.601
175.962
26.6312
-150.928
-120.666
137.386
18.571
157.826
-15.6665
100.225
-25.7235
-69.3281
109.847
29.8625
-200.65
-29.9169
134.699
-34.7458
147.061
-169.898
-112.316
-158.661
90.4225
51.3925
135.788
-130.887
-61.1772
-189.885
89.9505
178.176
-180.954
87.9718
-120.612
105.127
126.403
139.582
85.0309
128.472
154.159
159.17
33.0393
-83.4697
-112.134
8.06015
102.64
-80.1295
-117.362
110.264
179.756
-146.226
16.4471
-193.589
85.9023
99.0272
-180.064
96.2679
-159.732
-171.932
-159.624
-82.3624
-195.204
-9.02228
-140.599
-30.8609
-80.8738
143.376
-82.3987
123.226
165.088
-194.859
182.787
-174.146
-87.7176
93.2544
95.923
-136.442
115.402
-89.533
94.1258
67.1134
-180.627
-125.531
-85.2851
-132.539
93.9987
-20.7131
-191.156
-65.2436
-115.166
-55.4044
34.9636
149.839
190.212
-50.2851
-82.8525
171.805
-143.975
37.6503
-82.1627
-81.0916
-20.3864
84.0506
92.0563
-172.095
153.47
1.45228
-192.427
140.072
-178.667
-29.0274
95.2695
168.392
172.603
-169.426
151.945
-119.577
29.4268
40.9179
-93.908
121.538
-173.329
76.1539
189.159
142.741
20.5497
-24.3801
-65.1892
-14.8859
177.45
-172.077
-169.408
-171.732
-64.0999
-103.457
65.7882
13.3791
-99.4629
-76.6985
-130.868
-148.786
-143.213
117.544
-83.6512
193.28
148.967
-15.8298
-172.458
-13.4336
-76.8982
117.507
-4.37499
36.7971
-38.5943
147.515
-165.124
-172.041
19.8962
62.0668
-23.9263
-57.9278
53.5165
-89.2788
193.444
32.876
-136.296
128.127
16.6649
-146.825
180.772
126.203
106.742
-96.2861
25.669
188.669
-117.816
-28.2287
-187.961
143.776
-148.967
-152.725
-199.362
161.875
-6.89832
51.1928
-137.44
-65.5522
-129.162
185.51
14.0326
100.516
-154.45
-46.2551
69.31
170.262
-146.48
196.348
-40.0466
61.4314
66.8956
-162.619
153.669
-15.4486
-94.7249
20.7131
148.459
102.095
-190.43
-113.096
127.147
74.9013
-150.293
-123.916
-185.147
154.377
-64.9532
180.046
-6.69864
-158.099
118.923
114.149
142.523
-114.639
163.999
0.41753
40.2463
-67.1134
-165.832
169.354
-102.622
56.421
-120.049
62.684
-179.883
-0.816907
174.146
-71.7607
7.0254
-100.153
-68.5112
-70.1451
177.468
59.6523
-76.1176
161.094
-60.9594
149.984
104.401
-185.347
-175.127
-117.253
13.5425
-199.253
-132.702
-60.6145
-151.527
-189.922
-178.576
-178.267
-166.467
-42.9693
-55.6223
165.215
-51.4651
-11.7271
150.093
-111.172
-147.933
-171.859
-123.553
-201.449
-39.3931
46.6181
96.0501
107.65
107.505
167.248
125.677
-184.748
-145.373
114.167
-58.8173
-133.265
144.683
19.3335
-187.634
181.371
143.14
-47.8889
185.184
-42.3521
-184.566
146.063
48.8329
-191.646
-25.1607
-140.109
-67.7125
138.965
-125.622
-182.551
117.635
177.723
165.705
124.969
-154.395
-23.7811
-188.451
64.935
-117.38
-204.644
-181.117
-156.392
5.50051
-135.951
-158.607
-32.876
186.491
-102.967
40.0647
177.65
188.07
116.691
35.5264
136.986
-5.42789
-196.838
64.7716
102.985
102.204
173.221
78.2415
-156.356
-3.28578
81.5273
-78.5864
-81.4547
33.7655
-171.841
70.1632
120.594
114.204
-29.2453
-107.269
79.7301
96.8307
-124.188
-131.685
40.1192
-35.7442
35.1633
169.281
76.7529
-107.868
174.255
158.298
176.434
-174.727
-81.7451
11.7998
-172.367
76.8255
131.05
-21.0762
-119.105
-55.6404
136.623
-83.8328
-134.281
8.0783
-93.1274
171.46
181.771
-182.896
-27.4481
52.4636
191.882
-173.565
-59.38
44.349
136.877
151.418
54.3697
2.59595
-125.713
49.1959
173.221
-132.811
-21.9839
-156.193
65.6248
-113.314
-178.285
-145.064
-82.8525
188.542
-1.3252
138.021
-7.46108
-118.796
-31.0243
136.206
-152.181
18.9341
-164.071
-139.746
70.2903
181.807
-166.431
-92.0926
-179.937
-139.274
-154.758
137.876
35.1996
170.969
-169.953
2.52333
8.49583
72.1782
78.7861
-139.128
-137.059
67.295
86.9007
-94.9246
134.1
-134.463
-197.891
190.775
144.756
128.98
59.9065
-66.95
23.9263
58.4542
-73.1948
-165.959
-174.165
179.955
-178.794
-121.701
123.68
167.048
-157.717
141.633
79.24
-135.824
-145.972
-104.473
3.88485
-183.986
97.0122
15.5394
66.3147
138.656
-49.6498
124.279
31.3511
36.3977
-119.268
-178.267
-167.847
19.0248
121.937
-183.35
88.825
-22.0383
-0.7806
-128.872
163.036
-123.153
39.5201
-28.7733
199.815
-3.08609
0.435684
183.913
72.1601
162.129
143.267
170.606
-67.1497
151.781
-11.6182
-119.795
86.9007
46.5092
94.8883
144.429
-137.749
204.045
-162.71
-181.989
199.815
-135.007
145.337
23.3272
71.5066
-188.923
81.4184
70.5444
-140.29
180.21
156.392
162.819
-143.431
70.5626
144.738
78.06
108.449
108.031
-156.737
144.665
163.145
152.598
36.67
25.669
-168.083
162.165
128.944
19.0067
-86.6466
-172.022
-154.159
167.557
-136.55
-74.756
-62.9018
150.075
32.5673
126.13
14.2142
-176.597
5.7365
-97.0848
135.08
-182.37
163.182
1.47043
73.3038
27.2484
35.1814
-102.513
-174.455
83.3971
-116.564
-102.531
17.3547
-161.021
153.887
-180.718
166.032
185.402
85.4121
162.637
158.516
92.7643
-53.2805
172.277
-70.9075
66.1513
-88.825
-149.621
89.8597
88.9884
108.195
98.5553
-179.157
-119.377
-156.029
-126.33
-24.1441
37.6685
68.9469
110.627
24.9247
136.841
156.882
46.8541
-131.286
-167.865
-11.8724
166.268
-55.2774
39.9014
-30.6249
-83.4516
137.113
27.2302
-187.271
-10.6924
-150.71
138.584
-73.449
111.589
-188.869
-175.708
-5.10113
-153.996
76.1902
157.191
152.943
127.837
97.1756
-91.3483
-183.314
-114.494
139.11
-106.888
-121.229
145.409
20.459
-108.612
-149.675
-164.67
83.4153
107.16
-88.8795
44.6939
-69.9091
156.773
-154.25
107.378
80.9101
-169.59
-11.7271
-165.778
-138.783
-71.325
-25.4875
175.907
112.189
125.84
-181.208
61.3043
-93.2907
162.982
-34.2919
-22.3469
144.139
-184.076
138.221
19.5695
18.1172
125.695
-185.583
-89.2607
-5.08298
-161.167
-85.8297
124.061
189.087
191.61
-185.928
-188.106
-180.482
149.821
51.9916
133.138
-4.35684
75.1191
-159.424
-150.728
-164.779
99.6445
-128.581
86.5921
-163.454
130.524
-89.1518
-152.58
161.312
5.86357
-51.6285
-188.143
165.741
-9.69396
105.218
25.197
-87.8084
186.255
-174.655
-5.59127
88.117
13.7059
39.1026
-170.625
-174.201
-63.1923
121.665
-33.4206
97.2119
-175.744
88.7524
-94.8156
13.5425
-59.3256
62.9018
-77.3338
-133.573
154.069
-197.601
71.5792
49.3049
161.893
-151.146
-82.4713
110.718
66.1513
-56.3847
77.6424
14.7406
176.18
-150.583
-189.94
36.5974
-146.48
-131.794
14.668
151.836
42.4065
172.767
-177.124
110.827
-50.7571
-61.0683
-89.896
88.5164
37.9045
160.695
6.53525
188.125
-50.4485
-175.108
187.58
-123.77
153.923
-25.7416
10.4201
-147.424
179.865
-150.075
174.491
145.99
142.723
166.304
152.38
175.508
-147.152
2.39626
-123.952
80.4562
-170.08
-180.119
131.377
170.606
-72.8318
172.204
-95.1242
91.3302
113.26
-83.5968
-183.35
87.7721
112.552
-188.143
168.501
32.9304
152.598
12.6348
-34.7821
-41.4081
19.8054
-185.855
-29.1
-28.7733
-170.643
164.779
-184.657
162.474
11.945
-54.6057
120.394
89.9324
47.6529
101.696
167.938
-27.2665
-49.5409
159.732
53.0082
86.6103
-36.2162
177.632
-198.182
110.9
135.752
161.312
179.175
-49.8676
81.963
97.8291
153.996
-179.102
-179.683
-108.866
-58.6357
152.108
-113.314
-190.503
-110.645
-176.815
-17.0643
134.808
-174.001
-191.12
-147.806
39.974
-34.2012
175.254
22.3832
140.617
184.367
9.45796
-175.526
93.7446
-153.234
190.648
-92.7461
130.179
-92.964
-5.66389
-8.96782
148.042
21.639
-171.587
7.07986
151.073
38.7214
-135.316
-136.678
133.628
-71.1435
179.157
163.454
54.0611
196.076
-59.1077
-29.1726
-27.4481
30.8609
-172.113
-2.68672
-82.9977
22.6011
-147.842
-6.2811
-120.43
-178.104
64.7353
-114.821
76.5895
-144.847
125.985
-145.5
-198.581
167.666
-171.696
-88.7161
174.927
-177.487
177.723
26.2681
-24.0352
-173.311
-189.468
115.238
-82.3442
-159.732
44.3671
-7.66077
-195.586
164.107
163.345
114.494
67.8759
-182.987
-184.058
122.082
165.396
105.508
-181.952
172.767
146.971
50.4848
85.2306
-107.469
-19.6602
77.0252
39.6654
19.2064
145.518
143.031
129.688
-45.3111
-59.2893
136.659
-111.735
-105.29
159.732
145.391
47.7618
35.1451
-183.786
-155.938
-114.222
-93.6175
176.906
-181.408
38.6488
176.125
-47.2717
-73.8121
-79.6575
113.35
-63.5372
137.059
153.106
74.9194
-6.31741
49.4501
43.5865
-69.7457
183.332
-167.284
-48.1249
50.7934
159.932
-59.9791
93.0003
-178.54
55.9672
128.164
-134.354
106.18
-186.69
168.61
-81.3094
58.5813
147.388
-81.7633
35.7987
83.8691
75.3733
163.599
-168.519
-175.816
107.814
-157.79
43.8951
156.483
11.0918
6.2448
143.086
-189.831
73.1948
-144.266
-191.029
100.171
-82.8343
23.2183
114.058
32.0772
53.6617
-126.276
40.8635
108.322
193.099
-74.4656
-99.0999
178.975
82.8888
-171.895
-188.342
-173.801
177.723
183.495
188.506
-162.038
-96.2679
-185.91
158.734
-103.983
-104.473
-113.441
-19.2608
-186.981
-93.7083
40.8635
-203.083
-19.5331
-120.92
-192.409
-47.9433
144.175
87.3001
124.206
-167.175
169.644
-47.3624
16.3018
165.306
-129.18
80.7104
5.4642
38.9755
-117.326
34.4553
34.9455
162.02
-99.9168
178.903
-59.9973
43.4231
149.567
20.6587
-154.922
172.041
-141.942
180.337
-63.9729
-122.826
-97.7565
-159.496
66.0605
-76.8437
-132.103
-36.9605
46.6363
-31.9683
-41.989
185.347
-197.147
-31.6778
154.904
-145.536
-180.791
191.628
-83.506
-87.5361
60.2151
73.9391
-124.424
-38.5398
-160.386
-173.166
147.08
152.38
43.4776
-8.45952
-15.4486
-172.313
-190.049
172.24
-165.324
-129.761
-120.231
-156.12
174.092
-111.953
-120.122
-197.474
-70.5626
-7.62446
-43.9133
63.283
35.2904
71.3432
18.0264
61.4858
-45.4926
-149.675
105.29
-162.201
-135.207
163.49
173.202
147.806
181.099
-178.485
165.868
151.11
81.0371
115.783
-63.2104
-174.219
-171.95
153.542
65.2618
-135.407
170.897
-143.34
-162.347
79.5849
147.188
151.037
-186.182
-9.74842
-45.3656
-141.579
111.281
-27.5025
-74.2114
128.599
-146.008
-17.8993
-167.629
-119.577
40.2463
-21.8205
165.088
126.366
-147.969
-15.6301
56.2213
-122.391
9.62135
-41.5896
52.4999
-164.779
-133.501
163.345
-160.332
-40.337
132.43
58.073
-196.403
29.4813
-152.398
153.669
-120.122
-87.2093
-49.9765
2.41441
198.744
-103.911
8.00569
42.5518
22.2743
106.143
174.491
0.108921
-113.641
-49.323
-135.352
137.585
66.5325
-33.9107
-71.9241
159.043
67.7851
-198.309
-1.77904
30.5523
164.434
36.0528
111.444
-109.756
-27.1576
-78.2415
-23.0549
168.537
-194.26
54.2971
-22.8371
120.92
-94.2529
90.1683
-61.6855
-18.8252
132.248
-116.836
83.3426
-67.7488
-41.9709
150.928
41.3899
170.606
121.81
38.6669
-62.6477
122.917
-92.1834
118.687
-178.703
8.84075
4.35684
-80.5288
142.577
27.4662
-193.28
-38.2312
73.7939
103.656
-153.234
187.344
42.9874
112.533
-118.125
-121.32
99.826
58.9625
71.1435
-106.706
-112.388
-159.279
198.672
88.2259
-94.9609
142.723
64.9532
19.7328
-89.5693
-139.092
186.672
-29.9714
-171.786
-100.879
72.6502
-2.37811
-97.4479
179.756
38.794
-162.746
121.392
119.268
140.399
98.646
130.614
115.402
-104.982
170.062
-2.97717
181.154
146.408
74.0662
54.1518
-99.7171
106.634
151.382
59.0714
32.0227
130.814
-4.46576
166.231
-63.9003
-167.847
93.2181
102.785
174.945
-10.2567
114.24
-160.622
-86.7736
-83.8691
175.78
1.12552
141.543
-129.507
-56.0216
-32.295
-90.5677
28.8096
48.6876
-50.8661
-0.980288
-4.21161
42.3884
-138.929
3.79408
157.917
111.335
159.878
-161.566
-69.0558
-166.322
145.355
-3.903
88.4075
42.461
-64.9169
133.011
180.337
-186.436
191.301
113.296
184.875
-4.57468
108.34
-111.245
-55.4226
50.1036
185.819
-176.724
-22.7826
110.972
-80.5288
-122.99
-193.371
-173.638
-24.5072
-125.005
-188.578
62.7384
7.57
-175.907
3.667
107.85
-4.61098
-146.862
-179.393
-157.3
184.222
-118.415
54.7691
-173.693
-177.36
-144.411
-76.2991
-186.999
-12.5985
22.8552
-94.0713
96.5221
-164.271
-122.028
180.046
49.5045
131.958
-184.948
150.874
68.2026
76.1357
89.6964
-74.0117
-17.3729
-156.429
-67.6399
-159.17
143.812
-69.8909
-201.122
-166.831
-22.7282
7.95123
50.0855
-101.296
-143.993
40.7909
-112.08
-170.842
-191.701
146.626
38.8848
-171.55
33.7292
78.895
-111.953
143.612
-52.3002
-176.325
106.198
-66.587
-127.002
98.5734
113.223
-1.86981
-68.6202
8.5866
-163.036
-33.003
51.1747
183.986
-192.536
-53.7525
-54.2971
-151.981
-132.139
-57.2379
-30.28
170.897
170.171
-94.2166
136.859
145.482
56.2758
-55.5497
-183.169
-190.013
-187.997
13.361
-126.766
8.82259
48.9599
165.487
-168.482
-19.7691
172.985
167.902
-200.269
-172.749
-79.367
113.241
-69.7638
141.633
109.193
158.28
138.021
-148.55
-112.842
44.7846
-20.4771
127.111
-142.414
146.208
109.847
-8.11461
11.2189
-21.1125
32.5855
-4.33868
-47.78
14.3413
-52.5906
129.053
-85.9749
194.406
-6.84386
130.469
-120.739
189.577
-134.372
-143.049
-30.9517
0.0181535
-150.474
1.0529
-64.0636
98.283
-33.3298
1.03475
-122.899
169.771
-96.7218
53.7343
-157.772
166.413
159.097
-43.169
-174.455
-159.642
99.4266
-53.4983
-97.0122
-78.0963
-35.6716
-22.0383
-181.335
109.974
-169.662
-28.6099
47.5984
-150.438
26.7038
44.9299
-121.066
116.945
-9.94811
36.2707
-143.903
186.146
-72.2327
112.261
-165.378
140.181
-27.6841
-197.401
79.2944
86.3198
-206.441
-179.756
145.192
-11.3278
-189.777
115.565
-174.655
-97.6657
-23.5451
66.714
149.911
-40.7909
91.076
123.171
-136.369
-40.8998
-138.693
185.674
108.249
-193.589
62.7929
-56.2213
-21.5845
-172.222
-171.732
-81.0371
-150.783
-44.3127
-113.332
-11.4185
-70.0361
40.3915
-174.528
-175.072
111.426
-172.258
125.059
-88.3167
-173.892
64.5356
34.8728
-181.045
119.141
-170.153
57.601
-169.681
157.391
92.1289
6.46264
183.15
-92.4375
-87.8447
144.375
-48.9418
75.1373
83.1974
-6.93463
-51.4107
53.7706
196.747
-138.475
105.018
65.7156
156.447
-10.2567
39.3023
169.172
-15.1219
87.409
-98.0651
-92.3831
-5.40974
25.1426
-1.41597
-40.8816
34.4008
80.7467
-168.138
-153.942
-54.4423
168.246
155.194
-68.8743
158.117
-86.0294
-173.039
-24.961
-18.6436
-90.0776
-165.905
-90.005
132.212
-26.5404
62.1938
-15.2126
-61.8489
169.572
-100.08
71.9967
-196.983
152.961
-188.288
-27.2847
119.867
1.52489
193.444
157.318
-74.393
-23.1275
135.734
-57.8188
164.235
109.683
75.6456
-48.0523
136.732
-30.988
151.382
-48.8147
-6.42633
-98.7731
145.446
39.5201
125.84
-73.3219
-155.993
181.499
124.66
-78.4412
-0.653525
-31.9864
-67.4765
-128.817
-62.4661
190.14
164.398
60.3422
-34.0922
-42.2432
145.246
-100.933
-89.0065
-162.474
146.299
118.923
148.332
65.7338
41.5352
-116.092
186.345
-27.557
-179.066
-125.695
-75.5366
95.9593
169.154
172.73
109.357
2.23288
90.2228
73.3038
85.63
25.6872
72.1056
48.7421
121.501
38.7395
-196.257
-114.385
144.248
-128.926
117.271
-183.659
76.9345
180.936
-109.611
-135.951
170.153
-182.061
-83.9054
99.4266
84.1051
-158.752
15.376
-109.429
166.068
41.0632
-172.422
153.796
22.4014
137.476
178.594
-21.766
-181.244
-139.782
-22.3469
-142.959
126.076
-163.617
32.4403
-50.6845
-169.281
86.7736
119.305
161.276
-94.7612
-116.436
-197.583
181.789
-88.6616
64.5175
26.5585
-187.58
-165.324
74.1751
-143.358
32.5129
-113.604
-146.898
176.942
-186.854
184.149
185.456
-139.001
-92.3105
174.401
165.505
169.009
56.8386
-172.131
105.072
147.443
168.864
206.405
8.47768
182.098
-66.0424
34.0015
-142.85
78.7317
-69.8728
78.9132
91.8022
22.3106
22.9097
178.63
178.794
72.1964
-96.3405
134.59
90.8945
-190.612
-99.0454
-102.15
91.1668
74.9013
106.016
-152.453
-147.824
123.553
-2.66856
-192.264
-115.783
-118.433
-33.6021
0.744293
-107.668
111.535
-134.771
-22.5829
-65.7701
16.32
162.528
131.903
180.791
38.2131
9.18566
-65.643
-58.0911
183.858
125.604
-101.46
-168.791
151.781
190.067
185.51
178.739
-158.371
-54.8598
-75.9179
-187.453
142.705
-181.317
-81.7996
-190.593
101.133
101.424
-176.724
-175.871
-194.769
-164.507
-64.227
178.231
-186.981
63.3557
-128.781
141.906
144.248
169.154
-138.003
22.6737
74.1388
-11.1825
-189.341
29.1908
168.228
158.934
-152.507
193.952
155.466
193.643
-91.4028
-100.244
-151.727
-138.693
170.443
-32.2224
55.4044
-46.4366
-18.1716
-92.8551
-54.1881
-165.051
179.011
-11.8361
-90.2591
171.823
-156.32
97.6657
-111.372
155.775
93.3452
136.659
85.8115
197.546
-171.696
102.603
26.4859
-146.844
18.807
121.138
111.154
89.1154
168.9
128.98
189.559
-85.158
-143.086
-184.076
130.778
95.1424
-200.251
-30.6249
-111.88
112.769
41.2629
91.3846
175.217
191.029
-86.3017
-35.0362
-166.958
-159.769
-73.5761
-11.0192
34.9818
62.4298
-84.3048
140.018
-76.3354
98.1014
33.9833
-146.589
-59.1985
-17.7904
186.636
-102.985
72.2327
54.1337
-152.326
-134.045
-71.797
-107.251
144.229
171.151
-9.96626
-58.4542
113.496
55.7857
-26.9398
-30.6612
-164.271
-98.174
170.643
-58.2727
153.234
89.7327
-92.6372
167.647
-66.8774
113.005
181.135
-134.318
15.7935
75.5729
59.4527
-100.588
-28.1561
-158.226
-151.273
-124.587
-69.1466
60.4148
67.0953
-89.5148
-91.0579
-138.275
-158.28
182.116
128.545
198.944
-89.9687
53.3712
86.9007
61.3769
-158.117
-27.5933
-78.9676
-134.445
90.4951
104.419
-80.3473
-116.382
-173.602
38.9392
13.3065
140.817
101.877
6.39003
-174.782
-186.69
-50.975
182.697
-63.2286
187.507
-90.4225
-130.251
191.556
148.096
117.689
142.922
190.739
-158.498
125.64
-16.1021
62.7929
-159.478
101.968
-23.1275
-178.267
-151.219
-175.98
-163.545
-117.834
-59.7431
-129.035
167.103
-71.9604
31.1151
-86.0112
-18.3895
-56.657
100.044
73.0678
156.501
25.3241
70.5444
88.3712
-48.7784
86.7373
187.398
68.3842
154.668
-35.3085
-4.32053
-35.127
37.5777
-121.229
68.1663
162.002
-190.248
-36.0891
-35.6353
-160.695
75.1373
-107.487
150.692
-92.2378
9.65765
92.8369
151.091
82.0356
180.954
-159.025
111.789
-65.3162
-85.2124
50.3759
-181.517
-181.244
-163.962
-82.3987
157.173
135.371
-205.497
-174.364
183.023
-56.9475
4.03007
10.2567
-180.536
70.3811
123.153
-66.7685
-129.144
-56.1669
-175.998
-194.914
-201.794
133.664
67.2768
128.763
-39.266
-139.074
190.43
-194.006
123.77
29.209
162.764
-78.532
169.499
-34.9455
-168.827
158.625
-56.4936
-178.013
75.0102
87.1186
-18.335
-56.3121
-148.223
79.3126
134.844
-78.7317
22.6192
-117.526
-3.06794
90.8945
-106.506
-0.41753
68.0029
177.414
88.7524
-35.1088
88.5345
170.498
-80.2021
-29.4086
-179.211
199.979
-62.92
-72.2872
187.816
63.3738
-188.633
-123.135
91.4391
-64.6809
-14.5772
45.0206
-42.0435
77.2431
46.1643
23.4361
133.7
-37.7411
122.954
72.7229
-166.177
-197.764
96.6491
-105.254
-0.0726139
25.4512
157.5
174.183
-77.0434
132.992
-178.667
195.858
-13.2702
-57.4921
-85.4484
-168.501
-168.718
100.552
130.197
95.0879
-121.029
-81.8541
-42.9148
-49.1596
174.237
-45.4563
37.6322
158.698
152.816
-47.1446
-108.322
-142.214
170.879
-75.101
-200.723
127.71
-70.1451
-189.795
184.621
91.6932
140.072
-89.9324
-200.614
-189.486
-136.042
-37.7048
90.604
-111.063
-149.022
42.1524
20.7494
38.2131
-171.296
113.913
92.1834
-118.76
-159.751
-179.701
68.3842
183.532
-166.068
189.722
-80.2384
-162.873
-27.7385
177.468
-121.265
43.3505
-122.3
86.1746
-1.67012
110.537
171.605
-157.935
185.347
45.0206
94.9246
-85.7207
106.234
-27.3573
126.911
30.7157
-132.484
3.93931
68.6746
91.8022
198.599
-21.9113
154.813
159.297
144.883
-0.689832
-14.5591
-28.9911
-21.3122
-28.7007
-182.152
-97.2482
130.814
82.9796
90.2228
-75.4277
173.329
31.46
-18.8978
153.488
-178.794
-130.088
189.813
166.522
-169.644
-70.3992
-73.7939
75.6819
-86.2109
58.4179
40.0647
174.637
111.499
168.446
180.246
-184.875
68.4386
178.267
96.1227
190.43
-30.4797
-75.0828
-113.568
122.99
92.728
-95.5962
-108.086
-68.6928
-121.592
28.6643
-118.796
112.061
-164.616
-130.687
175.853
-86.1564
-59.2167
20.9673
-108.394
77.4791
-101.859
0.326763
97.5205
-154.541
106.18
-176.561
18.9522
133.519
153.451
192.282
-81.2005
-102.204
-36.8879
-27.3391
58.4905
-10.9465
-54.1881
24.3438
-59.3619
106.561
-84.9765
-116.636
112.37
166.831
-172.295
134.136
-178.775
136.333
-41.4989
-191.483
-75.5366
105.599
4.46576
-29.5176
40.5186
-18.571
-56.0761
29.7173
-195.477
94.38
-88.9702
118.052
-57.4558
-182.787
45.6379
-64.6082
-114.258
133.682
-198.418
-66.3691
-83.5968
131.903
-67.3313
79.3307
-180.137
124.551
62.5387
136.986
142.487
164.489
103.057
174.364
85.9749
-139.165
-193.734
183.187
-173.584
-29.9351
-173.565
144.701
17.5363
-193.444
-186.073
38.4491
-194.805
-91.6206
72.9588
-17.4637
148.223
-25.1789
31.5871
-182.098
-43.0964
133.519
171.514
135.352
-140.054
-153.197
32.9667
-100.897
-187.417
158.026
152.961
9.49427
169.989
-93.6538
-53.4439
-17.264
-162.764
-191.646
-11.6545
-116.273
156.537
-161.838
-171.968
-127.401
-0.816907
38.1586
-191.501
-137.113
-162.728
-129.616
16.792
18.807
171.768
26.7582
-77.7877
26.2862
-198.272
25.1607
-18.0627
-165.015
-40.101
-118.343
-190.757
-149.603
103.602
147.025
-190.775
-154.613
88.8795
194.478
144.012
-80.4381
-102.222
-140.599
-33.5839
-179.592
-15.9388
-16.5378
-106.742
51.1928
-114.839
-195.35
46.9631
195.277
-163.49
193.335
75.0828
3.44916
-125.005
-92.2378
69.782
-140.199
88.6435
13.0524
-38.7214
58.6721
146.081
136.369
147.37
-59.2893
52.5543
153.034
-70.7441
51.0113
90.2954
105.798
81.491
8.16907
116.545
9.4035
-68.1663
136.442
126.185
39.7198
-51.9371
88.7705
159.624
-121.392
-2.6141
165.995
-31.5689
179.356
-127.093
83.6876
-138.856
-34.2193
-21.2759
-183.423
-115.184
12.6893
-181.916
-146.462
-173.457
194.297
-72.0512
-171.024
116.418
-141.978
-134.59
145.518
151.291
-140.726
85.0491
-13.9056
-178.249
94.4163
9.4035
183.804
-29.0819
-129.271
107.559
-75.5366
107.432
181.371
-189.976
-152.181
-109.829
169.735
-174.6
118.197
149.022
114.875
-6.31741
174.655
-153.415
-151.509
51.1928
-152.471
-4.77437
123.008
161.148
54.8417
-16.6286
88.2804
136.95
197.583
34.8365
41.5715
126.729
-185.892
19.043
148.859
170.479
-124.025
-86.229
-58.1456
-145.827
15.6665
-153.07
-114.676
-127.728
-56.5481
164.18
32.6944
92.8369
19.6602
21.1307
45.2748
-100.044
117.344
-134.227
153.724
125.15
6.62602
172.059
145.609
-4.61098
94.8156
-107.922
-164.761
-172.948
173.366
145.536
181.117
179.629
-124.624
24.834
150.383
-84.7949
161.167
-117.798
-149.458
-85.2669
-10.1115
148.023
-59.1804
137.513
-103.947
9.74842
-90.4588
-85.7026
21.3122
166.377
-173.602
164.943
-188.143
-101.714
-166.504
-1.3252
-141.633
187.653
-151.836
152.417
-168.482
-24.5072
151.745
191.447
-155.43
96.6673
-156.374
-195.985
-171.841
-141.198
126.621
188.143
-184.24
44.1311
195.15
-176.815
162.002
173.311
155.267
-111.426
-134.517
-58.1275
-160.459
-137.367
170.752
-142.904
176.76
-141.034
108.558
-36.3251
-68.0211
23.7629
-108.703
65.0439
-75.9723
136.841
-4.26607
-82.8525
166.431
146.934
-178.231
-122.99
17.1369
37.3236
-12.5259
132.956
-190.539
-193.208
167.375
153.633
-52.3728
-193.843
-171.097
97.938
-142.904
-41.2629
-21.9113
-106.615
-178.54
182.588
-79.7119
-58.3816
159.605
-60.6145
174.945
-164.779
24.3257
-51.919
-168.9
-142.686
-108.63
-50.9387
155.158
52.4091
128.599
-16.2111
-132.085
164.616
146.462
-107.106
-81.1461
192.59
-72.5595
53.7343
-160.005
95.5055
-125.822
-11.9995
-119.305
154.958
170.153
-172.277
34.8184
-133.791
-88.8795
77.8603
-40.1555
111.226
-106.851
-48.3972
120.92
-15.0674
73.0859
163.345
-91.3483
19.515
35.1996
103.62
-9.60319
-57.5102
-44.476
148.514
-49.0507
9.25828
7.55185
77.2794
38.8121
199.162
-195.931
161.167
91.7659
-90.3317
147.86
185.057
98.1377
119.759
63.3557
-58.6902
68.9832
-183.568
108.503
-182.424
-23.2546
-176.161
-112.606
142.414
138.457
81.2005
90.2954
-67.4765
-146.662
-63.7369
-156.193
203.137
-51.5196
-66.8774
-26.5767
37.9045
-171.605
154.069
-203.954
-181.39
188.143
156.193
173.892
-60.6689
98.4463
188.125
1.8335
74.2477
181.317
-74.992
-118.052
-120.539
8.94967
-15.8661
-103.511
15.376
53.1171
-108.685
-128.781
54.0974
-189.341
-168.156
187.78
76.0268
136.224
18.6981
23.7629
174.709
84.9946
47.0901
-191.664
110.264
-65.407
-166.867
-100.97
-142.069
-159.932
-0.526451
-134.826
41.9164
-34.0922
58.1638
-127.801
-128.327
-180.21
72.2146
92.7098
116.4
-123.407
150.402
-94.6341
178.176
16.1021
-95.0153
-7.42477
-119.922
12.653
130.015
-176.524
-161.639
-168.882
-23.2909
-154.069
-75.101
-1.81535
101.768
-99.9894
73.6668
-179.901
-189.032
-128.763
-125.023
-161.239
24.2531
-167.23
-160.949
9.4035
-58.6902
-87.173
17.2277
79.1855
9.25828
56.3121
79.0403
-38.5762
-149.657
-143.63
-137.585
37.1602
15.0311
46.4366
155.757
-187.87
-105.091
73.8665
94.4163
-138.275
174.146
116.981
-117.58
-16.1566
-58.9081
85.5392
112.642
-134.771
-175.671
145.9
133.501
172.894
119.359
119.123
192.245
-91.3302
-119.359
147.116
-12.0902
66.8593
191.12
104.528
-151.309
65.1892
66.6414
100.788
-40.809
-167.829
-111.299
-27.557
-12.0902
119.032
-99.6082
95.2876
-53.8614
134.681
19.5513
-171.932
86.102
-118.034
-145.337
-185.547
18.6981
183.622
74.6834
-181.952
-81.4547
62.2846
98.646
-37.4506
37.7774
-69.8183
-5.53681
-172.149
157.863
126.475
113.804
152.979
105.599
-1.96058
85.6118
-181.117
-20.8584
93.0184
-159.061
-128.254
-167.375
-133.101
45.8557
-177.468
23.7811
91.2031
96.8488
-135.933
59.38
-166.195
-123.28
96.8851
160.931
-183.296
176.089
81.7814
-112.279
196.82
-164.416
125.913
175.653
194.932
62.2483
143.231
202.321
-170.062
-111.353
-137.404
-127.492
149.258
177.36
-151.854
145.881
-133.065
-10.6016
45.6923
-115.438
-110.137
-151.69
124.841
153.234
-188.633
-12.1628
194.46
7.31585
-199.307
14.432
121.556
-167.103
-183.659
-57.2379
-126.13
-192.209
-17.5544
-76.2991
3.17686
-6.71679
90.2591
60.7416
149.276
-90.2954
-33.0393
62.8292
-135.951
-183.641
174.618
20.9854
-26.141
85.4847
113.477
-170.171
59.9065
-191.973
-187.943
-19.0793
-197.092
-96.4858
-138.674
135.28
136.659
-201.431
-129.87
-150.783
-51.2291
190.63
171.006
-189.087
176.107
127.238
-39.1026
58.3271
165.523
-84.0869
147.824
-165.36
105.508
27.5025
152.253
95.8867
181.68
43.9496
140.236
-77.7695
-65.0439
-185.765
189.359
152.489
14.2142
164.616
-56.3666
104.873
-185.456
-156.846
-183.332
-2.45072
189.577
-192.046
-61.2499
71.6336
-88.9702
68.3116
-198.926
154.758
-36.2888
28.9548
-107.505
77.1523
43.6228
111.027
40.6093
99.2451
-103.348
101.024
-78.423
190.23
4.19345
144.048
51.5014
-39.3749
170.479
0.562758
-136.968
-30.6794
16.6831
84.7768
66.8411
7.0254
-81.2913
153.342
179.247
-171.224
-6.97094
150.42
-129.108
76.0631
-116.927
107.832
-17.3003
43.0056
-170.389
-154.958
-77.1886
14.8677
-175.453
164.634
-67.5128
-142.305
-189.214
-141.089
161.62
-143.848
60.3966
170.298
-34.3645
-167.774
-41.517
-176.579
169.771
-8.53214
138.802
152.199
110.137
-16.3563
-55.3863
76.9163
-88.2804
17.863
-194.006
33.2935
40.2281
-82.5257
-17.3729
96.5402
20.3864
67.7306
47.6166
18.7344
131.359
-59.5253
132.865
-110.464
-167.157
9.14936
163.781
-137.494
176.343
-160.985
35.835
24.8158
-106.797
174.818
-119.504
148.877
-50.4304
159.043
-158.171
144.012
178.086
-73.2493
119.178
-30.6794
-80.6196
-151.818
64.1726
16.3381
133.011
-172.803
137.567
44.7665
-25.3786
147.987
-185.71
-178.866
116.455
-84.7949
137.876
126.221
-131.268
-106.434
-149.24
-187.181
158.879
-166.359
52.3183
-183.386
83.9417
84.0506
-121.846
-162.147
194.315
104.147
79.9298
-143.376
4.48391
-181.244
-144.157
-96.4131
-176.071
-171.314
-69.4734
-167.938
70.9801
-95.6507
-145.9
-180.064
160.459
169.935
33.4387
157.009
-15.3215
-145.682
172.712
-192.717
-135.189
150.728
-67.6399
-34.7821
102.404
-61.7218
10.9102
-102.041
8.71367
6.08142
50.0128
79.1492
-152.634
136.387
33.4206
-100.425
-40.2826
85.63
-124.134
-156.537
-9.85734
-61.5222
88.6253
41.753
165.251
-133.355
48.252
110.754
-160.713
98.7913
37.7774
71.9604
127.982
-33.7473
69.1648
-175.944
-61.5766
-52.9174
-47.072
-132.775
-189.777
88.2804
-116.636
111.971
-72.6321
121.338
-28.2831
177.704
-91.1123
-33.2209
-18.1716
35.7987
-88.353
-63.864
-62.4661
14.0871
172.876
-163.399
-5.68204
51.8463
78.8769
61.4495
115.928
10.1296
-154.758
104.891
40.4823
3.26763
115.22
-159.987
-100.08
-60.9775
-58.8173
138.166
-120.013
174.564
-111.027
-155.049
-170.425
13.9237
-70.9438
187.58
-71.9604
-164.235
170.389
-65.7156
-175.653
-2.59595
135.897
151.636
17.9356
-170.171
-161.13
-22.3832
162.51
-97.7747
-163.781
-83.8509
136.042
190.521
-168.827
17.8993
48.615
-50.2125
-175
85.8841
109.102
-195.513
-198.98
157.118
92.8551
166.449
191.61
-163.617
47.3624
-134.427
119.94
1.12552
122.354
141.053
-32.4403
72.8318
-33.4569
130.796
182.588
-189.668
-173.493
193.861
19.6965
153.07
137.331
15.3034
82.1445
-179.266
-130.941
170.062
-187.816
-16.5741
198.817
34.0015
1.25259
-116.418
13.3791
147.17
-49.4138
147.788
-1.59751
178.812
11.6364
36.5974
169.608
-27.1939
-149.367
-67.2768
-87.2638
126.675
-196.366
-178.667
149.766
-94.3073
71.9059
-120.83
-174.219
11.9813
122.845
140.635
88.4256
86.3561
-107.85
8.60475
0.0907674
-132.085
156.665
-157.754
-162.256
128.454
-27.2847
165.923
-170.57
-28.0653
88.5164
26.9216
83.6149
156.138
-162.401
-180.645
35.8713
-13.488
168.537
-150.22
89.769
-195.041
-142.922
143.304
-20.2774
31.5689
139.727
54.6057
-110.246
88.0625
130.052
-174.437
109.429
-172.603
-181.517
-46.1825
-168.809
3.79408
-131.758
-159.097
123.625
-165.868
61.9941
181.226
173.003
-182.715
138.838
179.919
158.734
-44.9662
-176.143
-178.866
-157.3
159.043
-113.042
-171.913
-180.845
-58.5087
171.205
10.4927
155.938
132.448
105.345
50.9024
-154.014
190.884
99.5355
-169.426
-207.712
-163.236
75.3914
-27.1031
-134.79
189.177
166.885
-196.639
-165.578
-29.572
-181.299
190.612
-14.5591
-180.736
19.4061
-101.895
178.848
-91.2576
127.746
26.5404
175.762
49.6135
-149.24
142.378
-34.5824
152.235
100.225
134.644
-177.069
-160.549
69.8728
-160.386
47.7437
123.952
29.8262
-163.853
-45.8375
100.77
-192.318
-16.084
48.7239
-173.91
35.8713
-178.521
-189.595
183.259
-6.04511
5.62758
173.438
179.048
-200.669
142.614
83.5423
55.3318
112.606
-57.0019
191.937
-141.815
-60.9231
-94.5796
-157.282
-172.894
70.9801
-46.9268
160.096
127.801
-19.2427
-148.005
-133.737
147.134
-111.245
195.967
192.935
-132.103
-69.6731
150.129
-39.8287
110.083
98.2466
-91.1305
-14.9403
-64.1726
177.087
-28.9911
-42.933
-186.963
-55.0232
-15.9388
134.862
-12.9979
59.144
106.198
-135.298
145.101
-118.76
128.563
19.7328
-43.0601
-71.7244
150.129
-140.798
122.354
-108.158
-81.6907
-139.201
-83.5968
-77.0978
179.356
-174.927
47.5984
83.0522
115.02
71.3795
136.06
-161.984
41.2266
-166.177
203.41
-40.5912
26.2499
-123.462
-61.1228
-17.2458
-1.25259
-187.761
-165.85
105.653
175.816
-34.0378
-18.7162
-51.1747
152.453
-35.4538
-188.034
156.356
154.141
31.1877
85.2306
162.692
-82.5076
-151.019
-4.32053
-132.775
115.129
88.4256
18.571
-77.4609
-98.2285
-148.441
-136.423
114.076
-186.836
143.594
-87.4635
19.5331
-137.531
97.2845
30.8246
62.92
-70.9438
91.2031
148.495
82.4168
-64.8624
31.7504
-31.3874
-40.809
-18.7889
-55.8946
-23.2546
-99.4992
143.975
9.11305
1.11022e-16
-59.4345
-181.571
70.4537
-136.877
-37.3054
32.9304
-134.372
-60.5782
-178.249
98.5008
-99.9349
139.854
-162.637
184.857
-132.902
-33.3661
14.5954
39.738
61.7581
20.223
-115.075
30.1348
126.53
-170.552
-137.531
-168.7
25.5238
-106.162
118.252
-160.168
-159.95
-63.1923
54.4604
-87.0459
-178.104
-9.45796
-184.004
-194.823
192.5
86.7736
-185.728
181.027
-179.611
-161.058
101.26
23.6721
8.56844
-160.622
144.611
-183.441
-87.4998
-51.4833
175.508
-69.5278
178.993
-94.2166
6.95278
-114.403
-109.23
57.7825
58.2727
-196.257
74.7923
-190.829
-11.7453
137.985
-196.675
129.017
-8.73183
52.9174
-119.014
38.0315
-81.2913
-100.498
184.93
178.285
-176.089
25.6509
124.533
-11.9268
20.695
-135.207
-70.6352
-187.144
141.942
67.2587
-162.401
-164.725
-32.1861
123.534
-23.1457
-44.0585
-40.7001
124.315
148.913
-60.0517
-130.324
189.196
175.744
34.183
-27.9927
-52.4999
116.019
83.742
5.79096
-119.922
-164.253
74.9013
1.10736
-182.098
-82.8888
122.845
-110.845
181.244
-138.838
160.912
18.4258
-179.393
-145.282
179.865
171.169
140.853
94.8519
-132.176
151.128
-21.9113
-190.103
-106.107
113.84
-36.1799
-29.336
-82.7436
143.703
-53.7525
170.225
166.921
11.8361
116.073
-94.9609
173.311
177.45
68.7109
-52.3183
177.287
164.888
160.804
-185.129
167.738
-175.072
-80.6741
-85.5755
81.2187
-49.7587
175.925
83.978
-148.078
154.94
-73.1585
141.525
113.713
135.588
-154.032
-14.0689
10.6016
90.4406
-192.79
-184.476
128.381
185.783
-96.9578
-145.881
172.985
123.789
-120.467
83.5423
-52.4091
-43.7136
171.968
59.8339
-3.17686
161.856
71.4521
-149.494
-151.2
-19.8962
169.753
-14.6317
40.7909
-5.80911
95.6689
106.724
30.8972
-150.529
172.059
-127.655
-30.1892
74.393
-202.974
-177.142
-64.1726
184.839
-179.157
-183.877
184.948
128.273
144.738
-2.12396
-30.5342
-181.698
-142.686
158.734
-190.63
174.963
-116.146
-174.074
-99.1543
-125.168
-185.51
-187.108
-66.4781
84.4318
17.1006
-151.763
-87.5906
130.905
153.724
0.635372
-62.9563
166.159
-190.648
143.485
165.287
-186.4
-145.137
75.0465
-138.656
153.597
154.069
64.0999
29.4086
43.0964
-166.431
-55.7857
156.537
177.904
175.762
-90.6585
-179.193
-147.733
196.294
-9.25828
107.178
136.732
2.55964
-173.656
186.727
25.8506
170.625
172.313
118.125
183.205
155.285
61.3769
4.1753
-46.1098
-200.178
90.6222
159.006
-186.037
-41.3536
-145.827
-44.712
58.7265
16.3563
154.486
-186.654
181.535
-43.7862
-56.421
-111.226
-118.107
-103.166
17.7723
-170.062
127.437
-174.637
-159.714
-162.982
69.3463
142.741
128.763
-145.627
149.712
144.139
-128.817
111.172
46.6363
169.263
-194.496
34.9455
-125.64
-113.459
-126.385
17.9901
163.527
182.315
142.614
174.437
86.2835
181.444
-190.829
-175.708
154.25
199.725
135.316
-0.83506
109.139
48.0704
-124.406
181.299
115.964
-192.572
-179.247
72.9044
-102.948
119.014
-11.6908
56.4029
-182.588
191.229
165.396
-15.9025
136.659
142.559
198.381
-74.2114
50.1944
168.936
-178.703
-184.294
-128.999
-136.805
146.008
184.694
126.512
-62.8837
-91.5117
-151.709
-149.548
-98.283
-120.666
61.1954
44.004
-130.941
-129.634
-136.569
47.4169
-113.151
-116.073
-169.935
-153.869
-80.3655
-179.538
56.6933
-73.5761
-181.68
-67.3313
-137.277
183.423
-134.445
179.393
15.7028
-37.5596
66.9864
41.6078
198.036
-106.18
163.036
99.0272
132.974
55.3137
135.316
175.145
7.13432
-161.802
-94.7793
-131.667
165.687
-143.322
166.268
25.2515
13.488
148.677
-186.327
33.5295
-194.188
174.455
144.901
116.636
22.6737
129.307
81.6725
30.5705
157.481
-163.2
-55.4589
-15.6301
-95.7415
-19.1701
76.6985
79.2763
32.0772
-98.7005
-46.4003
-169.953
-34.6913
-12.9071
112.279
-109.774
-183.622
-27.1213
-74.8468
21.294
-94.2166
111.807
-173.13
12.0539
114.93
105.926
67.9666
-79.7846
-181.444
-109.066
-148.877
166.377
-52.0642
-146.48
32.404
121.864
87.1186
-187.653
54.0248
123.716
181.898
-25.3423
11.9813
-10.166
-171.714
-66.8956
-43.8951
-35.2178
153.76
-75.4822
184.222
-191.211
49.9039
-159.896
165.287
174.11
-53.4983
74.4111
-10.9647
13.3973
138.947
-170.498
-150.329
-141.633
111.644
190.212
-109.538
-46.8178
156.047
-171.133
159.061
34.4735
180.881
182.098
48.8873
181.644
185.383
-87.3183
-99.2088
173.892
81.6362
102.767
119.178
101.06
167.557
106.325
-63.8458
-188.469
-182.678
-118.869
-143.376
59.5616
-76.5532
51.338
-44.2763
-41.5715
-102.912
-67.4946
95.6507
-134.027
104.51
70.3992
-129.834
188.506
-71.5973
-200.778
162.492
189.649
-196.076
174.056
71.434
175.217
180.863
-193.262
-36.3977
56.9475
-23.2183
183.278
96.6673
3.64885
-148.931
112.316
-85.3758
6.19034
57.4558
-101.405
167.103
-77.4246
-8.33245
34.3645
61.2862
71.6518
-68.13
-110.028
145.573
46.0372
106.089
-152.181
187.671
11.4548
147.697
-115.311
-179.302
108.267
132.157
-3.08609
57.6555
52.0642
59.1804
-169.88
47.5258
-103.493
192.1
64.8624
13.7059
127.056
157.5
-51.1747
55.0958
96.395
-88.0989
-197.655
187.979
-200.269
-146.898
105.798
154.686
-148.913
-72.9952
165.614
-110.246
-119.886
172.059
-94.0713
-84.0688
120.63
33.8926
72.2872
-162.401
-85.7934
140.272
126.729
-75.5729
-94.3073
137.658
-80.3292
172.168
-44.0403
-1.19813
182.406
146.063
-48.252
-11.4185
165.324
-107.487
-39.9921
50.8842
-88.3893
-35.6897
-185.147
133.029
-171.024
-49.0326
113.568
-181.589
139.401
-97.339
39.1934
171.042
-10.2386
-47.78
183.55
185.166
32.2406
91.9292
-38.2494
30.4979
-164.743
172.186
-190.702
-89.9868
26.6856
-12.5622
-94.9427
173.366
100.716
-176.252
90.0957
166.522
-53.1352
-194.061
21.6208
-24.8521
-172.168
4.03007
153.742
30.8246
121.465
-141.869
-146.571
-175.58
176.815
110.319
56.7296
17.5907
-121.174
-84.2685
6.69864
133.247
-0.689832
-178.576
111.862
164.652
-132.321
53.7525
-79.9479
-89.533
67.7851
-141.888
-67.9848
-117.072
-124.896
-42.1705
-84.2866
-20.8765
-170.062
-198.091
155.303
106.343
-82.1445
80.7648
138.057
-69.9817
60.3603
68.6928
33.0938
-50.4122
-186.164
-66.4599
-193.552
96.0864
120.575
184.113
-154.214
-95.7415
108.122
0.907674
102.277
52.6451
-182.243
144.211
-118.052
76.8437
11.1281
-175.798
-194.133
-53.5528
112.08
44.5486
-170.552
183.405
0.036307
106.289
-87.4816
179.483
172.839
-123.171
50.4122
-192.59
141.071
-21.0762
163.962
31.8412
-159.896
36.6337
116.654
-147.406
86.4832
-122.972
40.6275
135.588
168.519
89.7145
177.704
132.466
60.1062
180.337
-182.914
-177.033
49.323
-35.5445
-181.862
159.823
-164.997
34.7276
95.215
-169.354
-85.8478
54.5875
-174.074
-195.531
181.862
-14.9403
-176.851
-51.8645
190.158
-57.8915
138.457
-17.9356
82.9977
-53.4439
-150.874
38.2494
145.046
44.4216
-17.2821
-101.206
32.2224
45.2929
-165.596
-49.7587
108.485
-128.744
-179.356
109.23
88.1896
46.9086
116.164
178.104
-139.909
112.497
145.609
-117.09
16.2837
188.615
185.184
-101.823
-29.0093
96.631
146.045
-169.626
121.991
93.0003
-147.116
168.138
-90.2954
123.19
147.896
150.565
-85.7026
-76.6985
162.51
-42.2068
16.7557
-86.7373
9.94811
61.8671
-111.335
-136.932
129.416
-20.4953
-177.904
-152.199
-156.864
-137.603
-68.602
144.12
-52.0823
188.887
-162.183
191.628
-92.3105
128.672
155.448
-76.9163
-122.935
114.204
-172.458
-79.9479
-128.218
-179.266
20.2048
-78.5864
-168.791
47.4895
17.0824
-64.7172
-72.2872
189.904
-12.3444
98.5734
-77.6424
-144.411
-178.086
-5.68204
-78.2415
-178.594
-136.968
38.5217
43.7317
-86.3017
31.8775
-115.747
147.37
-193.099
116.364
-156.665
114.149
-17.6089
-171.75
121.574
-132.666
-100.607
55.0595
31.8594
-98.283
-36.9423
175.127
-162.8
-3.6307
-44.8754
129.997
187.017
-22.4377
-27.3573
-83.9417
-86.0657
105.817
9.45796
91.4028
-194.678
-130.723
-75.8271
-47.8526
-187.943
-53.0082
-139.237
-42.2613
-141.397
-198.962
-176.288
-130.033
-29.7536
-31.4418
78.296
9.56689
136.75
-151.527
13.1794
-56.8204
-24.8703
-186.854
-95.8504
82.1445
-70.5081
119.686
79.24
-103.838
-39.3023
140.889
103.547
-29.9714
39.9377
180.3
74.8831
97.0122
-72.1056
88.7705
157.046
129.362
-58.5268
-48.851
-168.827
-194.297
196.312
146.208
167.938
-60.56
187.271
-41.0269
-62.448
-102.531
77.4428
165.051
150.293
-30.2074
177.868
-171.06
-49.2867
-51.6104
-156.102
-169.445
173.729
69.8364
-54.1881
3.14055
-56.0216
-174.8
134.59
132.284
177.668
24.4527
-128.944
-67.3131
-44.24
158.226
140.399
139.673
142.723
6.84386
-30.3345
-24.6343
4.08453
-37.5232
-82.3805
167.357
10.0207
48.615
-58.6357
-188.415
-77.4246
-181.008
203.156
-190.376
-202.429
-48.379
176.633
-90.241
119.159
-21.3122
69.5097
-63.4283
-15.848
-41.0087
-41.6441
-180.028
-102.113
-149.603
-169.572
15.2852
-98.646
163.399
70.7804
80.8012
-62.6658
120.467
-28.8096
103.911
-191.556
87.5361
70.2903
-183.659
-148.877
-139.564
-172.93
-174.927
-186.218
-38.7577
150.329
18.8615
149.803
-169.045
-192.972
-57.2198
-148.623
-148.241
-126.475
14.7043
152.58
125.658
67.5491
44.5305
197.601
157.046
-79.3307
-139.001
-8.27799
4.03007
72.1782
106.252
-123.734
-73.213
-98.7368
-173.057
-11.7816
-83.3789
12.8164
180.682
98.8639
53.2079
-99.9168
-144.139
186.799
126.857
169.481
179.611
36.1254
-44.0948
11.3096
11.8361
-18.9341
173.674
120.321
-91.4936
60.5419
-163.799
-209.001
-181.771
-162.583
34.3827
-121.011
195.313
172.803
108.848
-178.322
-165.796
-183.895
48.1612
40.6275
-17.028
50.267
14.0508
-105.091
98.4645
-129.398
-62.2846
124.351
115.856
102.222
19.043
105.163
89.297
-9.76657
104.836
-182.533
191.755
-106.089
-167.393
82.9796
189.559
58.7991
2.39626
-130.56
-16.4652
-163.055
143.177
187.653
-105.708
-50.7571
-28.7551
-59.7794
-190.484
137.93
-155.775
-180.591
31.9864
-50.031
61.6311
147.37
-167.139
93.0184
27.6659
67.7488
120.884
169.281
156.247
-3.17686
146.698
15.4123
-112.007
140.49
-118.107
-148.84
-120.485
-97.9017
-140.817
-53.1716
42.1524
-181.898
-166.504
-51.7011
141.67
-7.47923
167.448
6.35372
-58.4179
-160.077
-32.6037
-46.2006
-167.647
-45.6015
13.8148
-18.6799
168.265
135.879
15.612
98.8639
-75.6456
-161.112
67.0408
112.297
123.807
17.5
-112.261
-138.184
35.5445
-165.36
-77.4064
173.475
128
-11.7453
148.495
193.353
-61.7945
-146.136
43.2597
87.1004
-55.4589
170.243
117.181
9.54873
178.049
-146.825
-73.1948
-171.024
197.437
96.9214
67.4946
134.862
-33.8562
-179.465
-168.809
-111.39
125.84
164.416
81.8541
16.7375
-81.0735
-137.658
171.677
-161.094
-6.73494
-17.1187
74.157
12.3081
48.7421
52.1913
-90.1683
-142.85
151.418
38.8848
-101.097
-151.346
-36.071
-143.195
124.751
156.846
-36.0528
155.612
0.726139
-102.967
147.316
-164.471
-160.767
69.7275
-127.474
82.3079
67.9122
-116.455
190.72
23.3454
69.6186
-32.64
8.56844
78.7861
-63.5916
-106.307
66.0061
-72.4869
97.3753
190.557
0.925828
140.127
-168.773
109.102
159.569
-68.4023
125.804
-72.1419
-177.051
189.704
-151.4
117.544
-126.602
119.922
-64.4086
-41.7167
-107.85
145.173
-64.4267
18.1898
8.94967
-124.787
-40.446
190.303
-43.2779
-46.836
-122.972
135.062
71.7426
-113.387
-70.8893
137.712
-131.123
-123.734
124.333
-22.474
-167.484
153.143
-128.908
-22.6919
-41.3718
64.9532
187.398
107.814
148.695
-35.7624
89.297
-64.2089
88.5164
52.6088
101.369
-51.5922
-106.67
-92.8188
85.5574
-9.9118
-31.7504
-14.9585
161.675
-75.0283
-161.239
188.887
-118.433
-139.274
118.161
-132.811
30.4252
-61.2499
-119.014
164.67
-56.9293
114.966
156.882
-83.3063
177.668
123.317
163.962
-171.968
177.668
109.956
-77.8603
189.686
49.4864
24.7069
-29.9351
96.4676
127.183
137.622
-160.15
119.74
-53.2986
-114.294
127.365
23.7448
101.641
-157.59
-98.2466
129.561
181.081
-91.9474
-154.105
-175.344
57.6555
178.122
168.973
-64.5175
6.93463
133.737
-52.6814
-143.921
37.614
-179.574
-167.992
162.746
104.255
7.15247
-192.118
124.733
-57.6918
167.139
-165.778
-132.085
-81.1098
127.292
11.4912
-138.166
-152.453
-171.605
148.895
133.809
-196.657
52.6269
176.216
-163.091
-126.04
-154.795
-136.75
25.5238
-154.486
-99.9531
-160.804
-114.657
137.404
-127.528
154.976
-43.5865
-160.713
150.293
-52.4091
-109.937
-53.6072
-31.0969
74.7379
-190.575
-156.864
-19.8599
-193.044
5.93619
42.5699
80.8919
127.692
177.468
102.785
-154.414
72.1056
72.505
-178.612
187.289
-58.6902
-161.893
-151.382
-175.962
138.366
-111.172
4.9559
-77.6243
-146.263
-185.801
-75.3733
-94.8883
-40.5367
-146.19
-151.582
169.771
12.3625
96.5402
104.945
156.701
191.664
99.0454
171.877
92.3831
150.874
-166.667
22.7463
159.006
-120.721
-182.896
-91.4936
13.7603
41.0813
-148.786
181.862
63.3375
-39.1934
185.438
132.52
178.993
137.894
140.889
77.8784
137.004
-142.015
-129.017
-82.8706
-163.744
-158.952
120.521
164.815
-47.1627
172.494
130.015
127.837
157.009
-117.181
-9.6395
-66.0061
-134.027
38.558
41.6259
-158.988
46.8541
68.6383
179.393
-186.4
-6.68048
178.467
143.975
66.2421
164.071
-49.9221
-62.3754
-163.127
-117.725
-151.182
101.424
-141.833
-128.4
-176.107
133.065
33.8926
90.0776
151.309
46.1098
-105.254
189.069
77.4064
109.284
46.4548
-153.687
-164.997
-197.238
-155.775
-155.394
52.9537
21.766
56.3121
154.45
110.21
156.229
-193.516
58.2364
-176.543
18.6436
-68.7291
-73.7576
57.4558
138.91
-54.2426
55.2955
102.749
190.956
-194.769
136.46
167.902
-129.035
-130.451
-93.908
-32.4221
-33.3298
122.826
83.4516
75.8634
-2.16026
-131.704
20.8402
-39.6109
-141.615
-131.522
156.047
131.94
-102.731
60.4148
-168.973
191.556
196.838
-60.2877
-185.365
-145.881
178.921
-5.9725
-186.473
-42.933
145.192
-39.8832
-188.07
98.5553
167.684
7.57
44.2763
-163.109
130.142
-78.1507
134.227
-130.578
105.762
-44.8028
-82.2897
-156.646
138.838
-20.459
-63.7369
-184.367
85.4847
72.5776
-97.5387
-160.295
141.579
12.5441
175.363
-104.147
-120.521
-108.431
150.456
-61.0502
-181.971
-165.85
183.205
-171.387
187.889
-180.663
120.557
-131.794
72.033
-161.04
-97.4297
-131.631
-46.7089
136.714
142.142
-173.329
145.645
-153.143
147.207
-49.2686
-101.895
-131.141
-171.823
-154.232
-169.172
172.948
67.4039
-133.428
-101.369
188.978
-21.0399
150.111
-184.403
4.24791
-139.491
148.314
-158.262
-169.082
179.338
79.8209
-10.2386
-159.624
-143.304
-171.823
-88.8976
81.2187
-115.856
-4.79252
55.822
-132.793
-172.458
-55.8583
5.30082
-24.9429
93.3634
-188.034
24.6706
-82.798
97.9925
16.0658
-132.321
-53.9703
26.4678
146.716
-41.045
115.747
-103.911
-59.4527
-38.4491
174.618
64.8442
129.416
-151.418
119.287
-134.263
92.728
96.2861
-176.071
-159.424
-48.7239
-118.397
88.8795
-111.807
-110.01
158.516
178.285
111.825
14.0871
-191.719
-152.181
41.6259
184.657
22.238
-16.2111
175.108
-103.511
118.942
4.71991
178.921
24.0534
-114.276
84.8131
-23.2909
37.142
35.9802
-72.6321
114.803
101.242
-54.2971
123.044
132.339
67.8033
-125.041
-74.7379
-180.5
39.2841
-30.4071
-86.6829
-163.49
94.7067
-36.1617
-117.417
158.734
107.705
141.579
173.838
-56.0216
-95.0516
-72.5232
-90.6222
118.215
122.427
-180.246
32.3677
14.7225
-171.532
49.9765
48.7421
-66.2058
-16.556
-101.26
-71.1435
-114.349
-52.754
164.743
-8.56844
-134.082
182.352
8.60475
35.1088
-20.8402
131.104
102.476
75.7908
-185.038
76.2991
182.134
117.689
-19.8781
-135.116
-111.154
-39.2478
-191.955
24.4527
-150.402
-119.577
-158.335
146.099
88.7161
-168.682
-137.24
107.886
-184.022
23.9626
-199.271
144.81
43.0419
81.8359
8.36876
-11.7635
192.627
48.2701
-121.211
149.857
145.827
108.54
141.18
35.8531
82.9614
-137.331
-130.378
85.8115
-192.627
-78.9676
171.823
-81.8359
151.654
-111.117
52.4091
-177.777
46.1098
-170.026
-91.4209
-50.4848
-88.0807
-129.307
28.6099
104.237
-97.7928
191.846
-186.6
-88.0989
50.7934
-168.374
190.121
130.542
128.472
135.225
175.562
-155.539
77.6606
5.50051
-113.296
-49.9947
63.2649
116.418
167.339
43.3868
-85.8297
78.423
170.116
-19.4061
38.5217
-91.6569
-82.4713
-64.9713
53.698
-39.6654
-107.904
83.8691
-81.727
-43.5684
-167.774
194.605
130.76
73.4853
-43.4594
-189.377
115.402
141.071
155.194
-114.621
-140.326
109.484
150.601
-7.40662
192.935
10.5835
-140.581
129.87
-130.687
-44.4579
-173.947
5.70019
-150.619
-138.257
54.3334
-17.8449
27.1031
193.353
-151.854
-105.199
-145.028
-5.9725
-163.109
171.641
83.0522
37.4688
-191.628
169.535
168.374
-161.384
-182.933
-146.608
-201.34
175.435
-31.1514
121.991
-29.5539
-182.896
124.115
-40.5186
-108.485
35.835
26.7945
-113.786
162.256
72.5595
-186.908
146.553
-183.84
122.59
112.261
85.4666
-135.697
101.46
143.667
-193.153
-177.36
-179.175
178.993
143.957
-21.0762
-147.479
-188.597
173.293
12.5259
-6.08142
-76.5895
-61.9578
165.07
30.8428
135.116
182.733
-158.934
-126.838
189.087
119.65
108.63
53.5165
-16.2655
138.075
-142.051
67.2587
-185.383
122.736
-197.728
-50.4485
33.4569
58.3634
-91.1305
172.041
-35.6171
-95.6689
186.291
-133.591
-160.114
8.13276
169.154
-189.123
171.06
-91.6206
24.5435
-177.832
40.0466
194.424
172.458
171.714
-192.754
164.616
102.277
134.681
179.157
10.6924
55.8946
81.3094
-57.2742
150.275
-130.56
21.4393
75.8997
-145.228
154.65
85.6118
-196.566
37.2873
175.925
-127.329
115.238
89.0247
66.0242
-16.6649
-57.3469
145.936
146.553
136.442
-123.77
169.318
-119.359
-105.69
-139.891
-98.1377
-17.0643
147.007
-162.092
-45.4926
-115.874
11.2915
-71.8152
-66.351
43.5684
175
82.1627
107.124
-26.9035
78.9495
181.535
-139.963
-167.72
-109.956
-29.4086
14.2323
4.77437
162.946
162.383
144.974
183.822
-161.602
189.413
44.6757
-133.41
-159.133
-106.652
-187.253
-47.5803
-140.381
-145.627
-64.6082
-47.3443
141.688
164.579
-108.431
156.247
18.0264
-202.72
-97.7928
158.625
-155.92
186.491
152.489
-14.4502
93.7809
-143.649
134.063
9.49427
114.385
-56.1306
-65.7701
-188.052
33.5839
-63.4101
-131.449
159.696
-192.844
164.38
-156.465
-159.732
-172.513
18.0627
-152.344
196.058
-181.208
54.0974
-11.0918
-80.7467
-140.635
-134.463
-77.0797
-124.188
169.771
-42.5155
186.073
3.50362
-153.125
-168.428
36.6882
-144.12
174.128
-189.849
174.146
176.924
129.979
117.163
-21.403
-133.192
147.061
84.2322
155.14
141.724
83.9599
132.575
-87.3364
116.328
-155.176
150.892
162.111
49.2141
15.8661
109.647
183.604
-33.3116
-101.424
-29.5357
-46.2914
-42.5881
182.606
-183.332
-69.6731
9.60319
-74.6108
187.761
160.44
-54.1337
-145.101
18.0809
-97.6294
-137.295
25.0155
107.832
149.439
-144.538
-91.6932
116.219
20.223
182.424
92.3831
-79.4396
135.752
151.219
167.048
-177.45
156.084
190.521
8.71367
-96.4676
-195.368
142.886
-106.307
54.642
-156.61
-114.204
-47.4895
-192.264
-174.092
91.8385
-26.0321
74.5927
-129.108
-95.2513
75.6093
56.7478
109.157
143.231
-19.4605
93.4541
24.6887
-58.2182
21.1125
159.551
-88.6616
-103.166
-57.5102
123.571
36.7608
-154.214
159.823
-125.822
-157.736
-106.615
90.8582
-160.604
-109.937
16.556
92.728
-173.874
-163.49
128.381
130.324
-75.464
102.767
91.4391
-138.148
-139.927
-197.347
-168.283
-28.8822
129.507
169.263
-40.5004
-123.353
0.0544604
76.4443
95.5962
164.579
-87.6087
-21.1851
6.29926
-25.0881
-160.912
-97.6657
-118.851
23.7266
14.8859
12.4896
159.006
-14.5591
-94.5796
119.377
-129.126
-127.946
-84.2503
-169.626
-168.228
44.4397
176.724
122.536
-162.909
-179.375
83.2519
8.56844
169.862
64.935
15.14
-138.983
17.8449
-104.019
170.262
198.145
113.241
18.0627
-27.6841
-12.7801
129.325
-40.6456
77.5335
-188.27
-138.239
-40.0647
48.9781
25.4512
14.6499
-150.565
136.805
187.653
69.1466
-101.514
142.269
-116.146
-22.9642
90.5314
-175.163
139.945
88.1352
-8.84075
-108.031
35.0362
177.232
118.415
-56.3484
-160.749
-175.78
0.962135
-95.1969
-123.407
180.645
176.47
181.499
164.452
-56.1669
145.972
-84.0688
-61.6674
175.816
-54.0611
17.8812
-207.004
163.744
-67.0227
-99.1543
-183.822
198.744
-36.5793
-68.7472
-146.281
-138.983
6.60787
-152.852
64.1363
6.89832
44.476
132.012
-4.62914
77.5335
190.503
-169.154
62.8292
77.6606
-61.1228
-62.7566
169.626
176.107
-177.686
-96.3768
-148.169
176.76
-120.376
-98.7186
-179.719
20.2956
116.436
-133.827
-170.516
154.559
-150.547
-168.301
169.227
-11.1644
-67.3313
86.8826
-38.3765
111.027
40.7001
12.6893
-132.666
-156.683
-85.2669
-131.558
-3.86669
163
39.8106
8.69552
132.593
166.776
-35.7442
20.2593
-69.7275
89.6964
-181.626
194.369
99.4811
-34.419
-108.812
-155.557
75.5729
-11.4367
107.886
-128.309
130.288
-174.364
187.544
-184.621
-163.472
-53.0082
-101.006
-38.0679
-1.77904
157.681
-96.9759
-148.368
105.798
-88.5527
-163.272
-41.045
122.699
-136.151
57.7825
164.688
-184.258
16.0658
123.335
166.939
111.444
-165.995
106.924
121.429
37.7774
186.854
-152.653
-0.41753
-148.967
-75.1554
-96.0501
-137.367
163.381
-10.166
-151.69
-57.6373
-151.309
-68.8743
-164.761
-121.792
174.6
-60.1969
-177.36
-186.709
-118.778
-6.44449
-188.978
17.3547
181.789
-23.7266
109.23
-163.999
170.316
38.9937
-136.732
174.981
-14.0871
154.341
51.1565
82.9433
99.9168
185.892
-137.803
153.615
166.449
-77.9692
-149.349
27.4662
26.6675
-38.9574
108.249
-142.995
53.7162
-118.288
-202.92
-143.213
64.7172
-5.28266
-106.688
-135.516
-35.5082
-15.3942
63.6098
-153.016
-189.177
40.0466
-122.191
-21.8023
18.1716
156.574
-131.141
140.817
-8.78629
100.57
-202.575
58.5631
167.538
141.143
149.258
178.812
-154.123
3.01348
122.028
-164.325
134.953
-158.153
-194.533
-72.4687
88.4619
-78.3686
-95.9412
-114.222
-74.992
140.671
-201.195
33.8744
-22.2743
173.965
-32.6218
172.694
69.1103
-78.2597
175.363
-69.0377
-129.416
-79.3126
146.662
-77.9874
106.815
-58.4179
60.7052
-110.645
21.2033
166.576
-14.1234
-206.768
59.8339
-128.636
-121.519
-189.25
-187.907
91.5662
-47.5984
-24.6887
-8.04199
-172.24
46.3458
65.8608
130.342
-58.5268
154.722
85.993
76.1539
152.526
41.7712
-173.82
160.713
-110.446
-190.103
-48.8692
-174.074
7.55185
94.3073
-56.7296
-112.406
-163.508
-9.34904
-112.043
61.4677
180.627
-115.293
-154.65
-85.7207
109.901
-36.4885
106.452
175.617
-152.108
139.963
-77.0252
-73.6487
-124.86
-41.281
129.725
161.693
149.294
-65.7882
34.655
-134.481
-174.292
109.774
-141.161
-169.336
-34.1285
-148.713
85.5574
57.9459
113.024
-3.53993
-129.507
-65.6611
93.908
153.742
-188.796
-179.429
162.02
-182.352
-139.909
110.264
-163.726
-92.6554
72.7592
169.082
-85.0491
-148.441
151.019
132.303
-12.653
-95.7233
132.847
-180.3
-151.872
25.3241
-79.2581
7.15247
12.6893
-81.0735
-15.8298
-154.196
-176.633
187.544
-196.838
-3.46732
-28.3013
-195.204
0.453837
-16.6467
136.006
13.6151
-174.364
-154.795
95.8685
-172.785
50.5393
-164.253
-58.9444
192.627
-96.8851
140.308
-138.856
-98.2285
32.531
-48.016
92.7643
-181.008
-153.942
-137.458
-153.978
-4.33868
-156.084
164.017
45.4019
128.872
-172.168
39.1752
104.383
-168.101
21.4756
113.078
-65.1892
95.7233
-163.908
53.8977
-140.181
-123.28
-89.061
-71.6881
-11.4004
-23.2728
-12.6167
-182.152
168.9
-74.1751
-25.6872
117.199
65.9334
-2.54149
62.1575
-154.813
47.7074
-157.681
-129.434
-106.071
181.698
111.662
117.38
157.953
193.571
-115.964
-136.895
180.355
-182.86
-48.1612
-39.3023
-202.03
149.095
-176.779
-42.0435
7.91492
36.9605
89.8416
111.408
-161.566
153.451
-111.245
-150.166
51.1565
-29.6446
-167.883
-150.855
-183.495
-23.4725
-137.077
-11.0918
91.9655
-1.03475
116.854
90.4588
76.8982
65.4433
-184.603
90.8219
-180.936
32.0409
12.1628
130.342
141.143
-87.9173
174.818
-11.4367
-143.086
60.9775
-124.787
59.6523
-176.18
-186.781
-69.0558
-35.3085
-169.681
-8.80444
-120.249
189.286
-20.3501
114.53
114.839
31.8412
92.4375
-160.495
-164.18
129.216
-180.954
180.173
-136.187
101.641
-55.6041
88.2078
-62.3028
135.407
-120.975
-159.442
78.1326
122.754
177.995
162.111
-133.265
7.24324
-185.819
-138.184
135.28
90.2591
22.8915
-10.166
153.306
-62.3935
135.262
144.12
125.876
-61.0865
-161.984
-147.188
-152.253
12.0902
151.327
-167.702
163.309
32.0409
112.297
-101.06
32.5673
46.0735
175.236
-31.9864
-105.254
-94.8883
177.087
40.7727
-95.2876
161.566
45.7649
-45.9102
124.079
66.9864
14.904
186.11
-71.2343
-118.996
117.816
134.971
-141.942
-130.85
-135.643
-52.3183
-195.749
72.741
-146.68
-166.576
67.2587
85.7026
76.3172
138.475
-163.418
54.5149
-12.9253
-147.751
172.331
46.9812
-120.975
123.135
-68.5112
-124.642
13.3428
125.023
-43.9133
-105.599
-149.821
-126.257
157.3
-23.4725
144.592
-94.2347
-39.4657
135.207
95.5962
-192.391
159.424
152.471
159.932
113.732
119.232
-5.01036
141.779
56.4573
-83.8691
103.856
-168.355
-145.573
26.9761
154.468
88.3893
-26.7945
176.833
-83.9417
28.1742
96.2135
95.2695
132.284
43.641
134.209
-105.435
100.752
-119.305
2.92271
-182.279
69.074
189.395
-178.83
104.074
75.9905
156.628
90.0231
-160.332
80.8738
162.201
31.4781
135.915
-76.8618
92.1834
-83.4879
-0.635372
-84.3592
91.3665
-160.731
-179.302
100.988
-160.894
140.453
-169.118
-172.567
-151.073
-117.126
198.962
5.51866
-89.8597
81.5636
-155.702
-38.3038
107.36
-52.9174
78.3686
190.739
-121.084
-139.564
39.3749
-196.511
87.881
1.59751
46.7634
-64.1181
-174.509
5.99065
-44.6394
158.425
190.521
166.722
124.95
-26.2681
97.6657
-29.8625
112.806
88.7161
73.1948
-62.6114
174.128
47.0901
-107.759
185.347
-41.2447
-174.201
-126.729
163.545
-12.7437
84.2685
148.623
35.599
96.3405
169.299
54.5512
-110.446
-38.7395
-127.583
-72.7592
176.543
-169.572
-44.948
141.071
-185.619
-121.882
-167.738
72.3598
46.7634
82.326
-8.22353
-152.398
-164.198
-3.19501
119.559
-66.351
-86.7555
99.7534
-79.6575
5.02851
-98.3193
90.7493
-168.682
32.2587
19.6421
-171.55
-175.78
33.7655
149.893
21.5845
161.965
29.9532
-133.192
15.6846
-75.3006
20.4953
-163.073
82.7254
-188.27
50.7934
57.8188
164.489
-164.235
39.738
91.2212
-49.2867
-112.189
115.438
-72.8318
-43.6228
10.3112
100.443
-58.1638
-25.306
166.05
75.6093
30.2437
-190.612
32.5129
-65.3525
38.3583
-10.057
62.1757
146.807
-116.691
-73.3401
128.654
102.458
-63.8821
-115.747
178.903
143.957
183.931
-143.921
88.7705
-106.851
51.211
53.8069
-51.2291
70.7804
43.8407
57.4739
-63.7369
62.2483
-121.882
160.459
-96.1408
153.923
-170.098
-113.459
39.4657
18.2079
-84.5226
170.116
176.906
-33.947
-81.5818
115.438
-163.363
53.4075
190.503
132.284
117.126
-182.66
-135.97
-6.02696
-187.58
-39.3931
-200.505
111.426
166.032
-148.677
36.4159
-43.3868
-56.8022
171.55
-123.117
-57.7099
-71.7063
164.852
-94.9064
71.325
6.48079
123.553
98.0651
-75.5185
185.892
81.7633
-5.91804
169.535
57.4013
146.644
11.945
85.7207
-184.712
-127.093
144.084
27.1031
42.5155
35.3267
-14.9766
100.371
138.547
54.406
93.436
-89.9324
163.944
-160.204
104.11
-121.701
-71.6336
62.5387
-128.944
70.4174
103.348
99.0091
-181.807
147.37
29.3723
-91.8385
-59.4527
-37.7411
-68.5112
52.8448
-126.675
-23.5451
137.767
100.08
144.701
99.0999
-93.6901
-135.552
131.159
54.9324
36.5248
112.951
-181.117
21.1488
30.7157
-74.8831
-71.0709
-187.925
169.554
77.8966
-22.238
-183.096
155.721
185.855
-35.7079
-151.055
167.902
181.353
-145.137
-180.319
-65.2981
167.774
181.335
-74.52
190.285
81.255
-50.975
69.1829
-56.2395
-65.0984
120.14
130.959
-92.2923
35.1451
-160.622
137.422
130.832
64.9713
72.9225
125.495
95.0153
-192.79
157.935
189.196
-50.6664
90.241
66.5325
62.9381
-128.037
-21.3848
-8.25983
-101.333
3.50362
-83.27
-139.346
155.267
162.873
-169.136
113.151
110.21
-6.98909
20.8584
117.38
149.567
-46.5092
51.1202
-141.833
45.0388
-101.95
-20.6405
-131.068
67.9848
33.7655
100.588
61.74
70.962
-98.8639
174.401
-96.8125
-123.317
-50.7571
-72.5595
-39.4112
138.511
-52.046
-136.877
-128.98
-70.6534
-13.8148
173.783
-131.449
-180.355
-179.284
-101.986
-196.929
118.125
-189.686
-135.77
156.465
-82.8525
-166.685
79.5123
-63.392
30.6975
173.711
-159.242
-131.921
199.797
70.6352
152.09
-61.8852
84.7949
-83.5242
-202.865
-27.7385
173.783
-136.187
140.998
-55.2229
-124.606
97.1211
84.9946
115.42
-49.8858
3.06794
60.2151
-170.988
-182.515
191.519
175.526
182.479
163.182
62.8474
169.626
115.184
128.273
0.399377
-190.757
-190.466
-96.6673
139.564
74.3385
-52.3546
-46.128
-116.364
-1.17998
-55.4589
-139.038
57.4376
-184.385
32.3858
-126.621
168.392
98.882
-101.405
-79.6756
171.078
118.887
83.742
-18.4621
6.02696
-89.4422
156.737
-35.0362
-118.56
180.373
145.918
-144.611
-196.348
140.671
45.2022
178.63
-193.934
171.441
50.7934
28.5191
-121.774
35.0362
-139.746
-97.702
88.6253
53.9158
165.469
-141.053
54.9506
-99.5719
178.975
90.9489
-179.937
-16.9917
84.0506
-77.5154
-162.129
-101.079
23.5451
16.9372
-131.631
-149.421
93.0366
-143.975
-166.25
-94.7793
3.667
-148.259
-4.42945
179.011
183.368
-172.948
4.6836
15.9569
-13.9237
78.3141
163.563
-64.227
159.732
-174.637
-16.6104
-88.8431
-180.954
-164.961
173.148
127.873
-190.176
96.6854
-178.068
-41.6985
-132.575
-188.197
-118.905
129.071
191.447
-77.2975
-145.137
-13.2702
-77.6061
52.3365
-146.081
-129.416
14.9585
98.6279
-123.062
141.833
78.8769
136.315
-139.618
-44.5123
27.2121
-40.7909
143.158
-80.5652
-141.18
-4.06638
164.162
193.716
-161.294
146.335
48.0523
50.739
-150.075
71.561
-159.388
192.064
-35.9439
-77.2068
87.0823
-146.408
123.389
44.3853
-151.672
-55.6949
101.805
-190.92
169.372
65.5704
50.8116
-87.8629
50.0855
-135.897
-0.181535
-108.921
151.327
-172.222
-202.629
-125.822
148.786
-133.047
-111.281
-195.259
-134.499
131.468
31.0969
119.904
-135.97
160.586
-141.724
106.997
12.8164
89.5511
-0.998442
-136.986
39.8106
-205.86
50.5756
166.431
-57.9278
63.7913
-170.661
-164.888
-1.34336
169.354
-192.481
156.338
-149.004
-76.2083
89.9324
-137.494
135.08
0.998442
41.3355
50.6119
138.711
-131.558
11.8179
104.982
147.679
64.7898
-106.198
148.368
-161.04
76.7348
-86.9915
38.1586
35.9257
-139.818
135.389
-176.452
-192.953
-90.9671
-114.004
-184.04
-12.3444
-106.434
126.439
-133.591
117.326
133.392
26.5404
114.113
-146.571
-96.1408
64.8261
-202.847
154.268
-158.317
6.33557
-98.5371
145.482
200.65
-156.465
112.189
-74.5019
108.721
-69.5641
69.3463
169.354
46.4185
-175.726
115.601
-75.464
-185.256
-92.492
-179.847
-177.977
-180.591
-134.862
-40.5912
-188.996
-20.7676
-21.8023
143.503
158.807
-167.03
-116.073
179.81
32.0954
-102.331
111.263
25.0155
163.726
34.1467
-132.266
59.2167
-101.714
131.177
138.13
28.3376
-191.283
143.921
-52.1731
38.5398
-180.373
-17.3003
171.932
-129.325
-138.91
-159.079
18.8796
-162.946
193.97
-147.406
105.817
180.918
-3.23132
176.107
-142.577
98.2285
-96.7762
-118.07
-165.814
-169.826
-71.5429
-185.038
-91.4936
23.9081
-61.2135
135.933
144.665
45.2203
43.9859
-6.55341
184.639
-134.717
-184.966
-21.9113
171.242
-35.7442
-122.718
155.521
-85.3214
177.251
-167.684
-22.238
-87.2456
89.3333
-107.795
-40.4823
27.2665
149.984
-147.987
46.9812
-176.452
166.395
-102.731
22.8008
177.832
185.238
173.91
-35.9802
166.812
-108.83
-3.52178
-173.929
146.499
99.6808
120.92
60.5419
162.492
-180.3
182.969
40.0284
169.535
56.185
21.2033
125.785
-188.052
43.4957
152.852
21.2759
186.382
-124.188
193.062
-99.7715
-127.074
-57.6918
99.4992
173.656
190.938
-72.2327
38.7032
-51.3925
-201.885
-6.06326
-10.3475
109.974
200.306
-145.936
-62.3754
115.638
38.9392
84.8675
30.9335
-45.2385
-2.19657
118.815
144.574
-172.857
-119.65
168.573
125.894
-154.05
27.0487
182.914
-173.257
-141.016
-35.5808
-165.832
-187.507
35.7987
123.625
163.182
-123.371
11.5093
115.293
21.9657
-105.091
30.6249
38.794
-48.8873
-31.7867
154.74
181.335
195.059
187.053
144.81
-111.825
-98.3919
-93.4904
-91.0579
157.481
-57.2379
-113.06
-200.505
48.6695
-173.202
113.604
125.64
-107.087
-46.0554
154.232
205.752
186.709
-127.474
116.672
93.3271
-173.747
121.174
159.533
135.243
160.513
22.5648
117.399
-120.63
-63.2286
142.668
145.518
35.6171
-135.57
169.408
-182.57
165.015
184.784
157.645
-91.7659
-124.841
-139.873
58.7991
-3.99377
-178.449
-56.0761
6.06326
74.6653
136.079
-155.358
140.889
-64.6809
182.17
-154.032
-191.356
-164.779
15.0129
-33.8199
105.853
-125.858
-27.2121
-11.709
180.682
-16.5197
49.6679
-180.337
-144.175
140.744
-165.923
117.471
-20.0233
-53.3712
197.292
1.41597
-106.18
-183.132
-149.621
170.588
113.786
-149.439
-180.809
92.0563
159.261
-189.885
-20.6224
7.18878
41.6804
51.7919
-77.4609
154.813
-51.2836
-135.171
-102.186
112.388
-201.177
-69.7275
178.267
57.2561
-154.994
12.2899
-158.807
-164.271
26.9216
150.547
147.715
11.4185
-119.958
-178.267
-66.2058
143.885
107.033
-196.257
147.443
75.6819
-12.6893
-167.774
44.8936
44.9299
147.261
34.8728
-119.94
46.7634
176.742
40.2644
-50.3578
-90.713
-143.503
-77.116
-159.133
24.6706
50.3033
145.5
15.8843
144.429
-197.365
-55.822
159.006
-13.96
-185.42
111.68
116.763
87.6269
-100.988
-127.964
97.0485
36.3977
100.443
-33.5476
84.7405
-37.5051
136.115
49.8495
166.25
13.2883
158.28
-174.673
-1.96058
59.2893
-145.192
15.2852
181.244
-93.0729
-143.558
171.805
119.995
-120.957
-96.9578
-113.713
-36.779
121.61
-81.7088
119.559
145.609
175.98
-196.784
137.839
-167.593
24.4709
179.066
140.363
-154.631
-59.0351
-59.616
140.798
95.3966
-154.45
186.019
164.943
-88.1352
-34.5642
63.5735
165.396
109.03
-100.48
48.615
-120.539
29.8443
0.925828
179.32
-174.201
-203.156
101.206
194.115
134.263
125.132
-49.5953
-46.4003
108.558
-76.7892
-102.313
2.3418
161.475
-67.8214
-155.539
-87.8992
85.5211
-8.36876
-84.922
-117.253
118.687
-91.1849
-43.0964
-138.311
-37.5777
-110.718
36.307
132.012
171.242
-54.7146
97.1937
-74.1933
-146.136
143.068
-65.6067
-184.911
-38.4491
161.239
159.66
-40.5004
-165.723
126.947
-147.225
-85.1943
-176.397
66.95
168.392
4.28422
174.092
108.231
-134.082
-97.0304
52.8992
-2.1058
-117.78
-195.803
115.238
-198.817
26.3589
-27.2665
-191.537
-198.236
60.7052
-12.1084
-167.774
157.899
-138.656
-91.7659
101.115
-10.1478
-1.99688
-184.712
96.7036
-29.8443
135.715
58.4361
168.864
-109.756
117.961
25.9776
120.031
159.061
136.315
-124.624
160.84
-131.014
98.0651
-192.554
-124.678
101.496
-120.666
-11.8179
97.7202
-152.961
-5.48235
-10.9102
-19.9325
-148.731
10.8558
72.3053
79.9842
-166.631
159.569
176.833
-132.647
63.6461
-141.506
9.67581
179.302
184.748
-171.605
-80.3655
181.843
-145.373
115.964
-45.4926
-111.245
115.402
117.635
97.8291
-30.6794
-192.754
112.897
-113.205
-163.327
104.419
15.9025
-124.515
-63.9729
161.276
33.003
-28.3194
158.226
102.295
89.2425
-98.7549
-90.7674
-190.067
2.48703
-167.103
-139.618
-31.0788
56.893
183.114
84.8312
97.6113
60.2333
-18.571
-147.769
-125.114
16.1929
109.574
175.054
57.9096
-143.322
-107.45
2.59595
123.19
-172.041
-190.321
-189.904
-16.5923
-56.2032
1.21628
36.4885
-93.3815
88.589
137.549
18.1535
-91.9655
-44.9662
-108.794
-38.1405
181.299
-147.37
-178.304
76.7348
117.344
111.009
44.2219
-8.0783
-120.231
-163.145
53.3531
82.2897
-45.1477
177.632
-62.4117
33.239
-86.465
-116.237
-186.055
-7.15247
-55.6223
83.4153
-130.124
-192.245
153.433
155.902
-140.599
-176.216
-127.928
-118.96
112.969
-76.0268
-33.003
-150.819
180.591
-184.494
4.04823
179.974
-78.1326
-74.7197
61.1046
109.865
-62.92
-195.477
-49.3049
-43.9859
-182.334
137.059
71.1072
135.498
121.392
99.4629
-193.698
-139.746
191.156
-66.3691
72.0149
-187.035
-170.334
173.674
-71.2161
-90.0776
90.9308
34.7276
-162.328
-119.849
-198.944
-181.48
98.4282
122.082
-188.597
46.9086
-121.882
-19.4424
-122.881
178.068
-11.9268
-2.08765
101.206
104.582
165.051
81.5999
-1.21628
97.4479
119.414
-73.4127
-171.006
-120.975
-118.47
164.525
-136.914
-109.72
35.2359
-43.6228
71.9241
-181.825
-51.7193
-195.241
128.254
-146.553
-105.544
106.089
-172.549
6.84386
-136.659
178.939
-84.0688
94.5978
78.3141
-80.5107
-106.398
-140.508
-170.171
-139.764
144.847
180.772
67.1134
-145.246
160.658
8.56844
-129.707
56.4936
155.412
-158.407
102.603
21.9657
116.273
158.371
172.513
-144.502
32.0227
-94.0169
9.3672
140.835
52.0642
95.3966
-65.4978
18.9522
-158.77
180.083
-45.1114
185.91
147.279
149.294
161.076
-140.762
-87.8992
164.561
158.026
-193.135
7.35216
165.759
-153.179
-163.145
193.643
100.697
-34.8728
194.024
-139.618
135.225
-38.2312
-194.442
-163.145
-187.925
-24.4346
48.5606
-159.061
106.888
81.7451
-142.087
193.661
126.911
-49.9221
-53.6435
7.60631
24.8158
-51.7556
-5.77281
-69.0014
136.823
89.4241
-127.601
190.848
80.1476
-76.5714
22.71
-182.424
-176.724
187.907
152.979
-65.0802
64.227
128.853
10.1841
159.297
139.655
6.93463
-84.4863
128.581
92.1108
-154.05
136.587
33.9652
-145.246
-117.108
151.436
-182.86
1.2889
130.451
10.765
181.553
76.8074
-82.5439
145.046
163.508
-13.9237
-133.809
142.105
-92.6735
-165.269
-6.2811
-39.3204
-152.653
-174.782
161.203
-156.374
190.612
-113.205
-130.832
34.7276
-155.067
-135.933
156.537
132.793
166.958
114.44
-53.9522
43.4413
108.249
153.143
19.751
-9.74842
-147.279
46.4911
-194.351
49.2686
-6.57156
129.416
-129.525
-110.101
-160.695
56.4392
33.7655
-179.647
-168.228
145.99
-15.1219
-48.3972
-118.942
0.707986
77.5154
-1.41597
8.13276
87.2275
-122.046
48.9781
35.3811
-20.2411
-168.9
22.0746
89.6237
-146.136
71.7789
121.374
-69.6186
-23.418
-67.9666
17.5
170.588
-140.78
145.464
-130.269
-140.29
-143.993
-90.0776
-129.471
84.3955
-34.0015
102.531
-51.8282
6.39003
-149.893
-73.7758
155.303
-178.412
-69.9454
180.573
-94.3618
-178.322
152.979
-150.238
111.789
-147.896
125.84
134.445
200.142
0.399377
-9.16751
-160.568
-66.3873
25.1244
-14.0145
85.5029
131.486
-22.4014
77.5698
161.366
-69.2918
165.433
-19.5876
114.639
-80.2565
67.4402
26.5404
-158.117
-25.4693
203.301
-32.1317
54.9506
-124.533
134.554
-197.092
-93.9806
130.451
-147.552
-176.652
162.456
121.519
146.426
-55.35
139.128
177.596
33.2209
96.631
-166.213
5.17374
-184.167
-78.5138
165.287
58.1819
175.036
111.589
-129.561
-183.241
-133.682
12.6348
189.395
-183.495
130.687
19.0793
-182.951
71.089
91.0397
-5.30082
-184.258
101.95
-86.5377
-128.872
187.344
147.66
-179.193
-161.384
192.209
-183.187
-66.5144
165.923
114.766
39.7017
145.682
16.5741
58.7084
-185.383
8.98597
83.1248
48.8147
-168.973
-161.82
-64.3904
-189.813
72.269
-72.4505
168.755
-147.243
-169.19
135.697
37.2873
39.1571
-167.647
113.405
-182.297
72.0149
155.866
-188.814
-133.882
-0.36307
118.724
-63.0834
-132.284
-49.5409
93.1092
-162.31
-151.382
-89.7145
46.6726
119.014
-21.9839
-0.0907674
-75.2643
58.2545
4.79252
-154.377
-42.3158
-177.614
186.817
-141.452
-135.933
145.319
113.968
139.673
175.435
-92.02
-187.943
-62.0123
-171.605
141.27
152.035
180.083
-9.4035
75.9542
-173.311
-181.916
-65.879
69.5641
-34.5642
153.016
54.7327
171.024
192.536
-120.939
199.997
-59.1077
79.9298
-92.3831
51.447
-50.6664
-117.907
33.9652
138.221
54.8054
52.9356
33.1301
-118.742
-109.012
20.9491
135.625
-90.2047
-192.518
154.631
79.8209
145.536
160.695
180.827
22.4014
138.584
-153.161
17.0824
-100.153
62.1394
-7.91492
53.5165
-122.972
-87.5361
162.165
-4.81067
104.147
-1.48859
-158.335
149.349
81.6725
-190.702
4.97405
-82.5439
-92.7643
129.652
106.706
45.8194
2.43257
52.3365
154.196
-109.937
153.252
24.3983
8.36876
147.806
187.417
59.5071
82.199
128.49
-190.938
75.5729
135.298
-112.842
103.166
-82.326
33.6021
-23.5814
-129.852
10.1478
43.9133
103.783
-94.9246
116.11
-191.773
87.1367
-191.937
170.842
-33.3116
-142.505
-153.415
144.084
-59.253
17.0098
126.675
173.965
-77.0615
-117.38
168.954
-149.167
-134.517
44.9299
119.958
27.4662
160.041
50.0492
-94.7975
61.8671
-59.9065
-108.758
-131.032
85.5574
-145.21
-4.55652
-134.989
-174.074
-50.6119
71.4158
-118.179
-92.4375
122.1
186.128
117.961
7.47923
-109.792
-201.594
185.874
-129.507
-183.731
-182.806
-62.9018
95.9956
-30.988
80.5107
-17.5181
-184.911
-58.8354
-171.296
-50.9931
158.044
-103.983
-42.8422
-29.3723
-140.544
25.4512
-50.2307
117.562
161.439
-61.3951
34.5279
115.692
143.503
-152.162
-89.1518
28.1379
95.8322
-28.8096
130.832
110.609
7.91492
-6.91648
189.359
124.188
-42.5881
107.251
-121.029
-84.3048
184.548
-175.326
151.563
-138.438
-154.94
175.363
125.985
172.041
140.399
-175.925
-86.6647
28.7914
-68.9106
99.5355
-118.215
153.651
125.205
-183.477
57.0019
-32.0046
4.71991
-83.8146
99.4266
134.844
-135.08
-171.823
-181.48
67.1316
-63.5916
-132.52
81.8541
-186.418
-142.287
137.658
165.614
-91.0034
-149.113
-146.825
-201.177
-41.6441
155.811
175.181
-156.737
85.7571
-43.3868
24.6524
106.67
-162.655
-148.659
-68.2934
-176.76
148.877
75.0102
-144.356
-19.4061
-69.8728
-185.256
102.168
-122.01
-177.142
95.6325
182.261
161.348
-192.282
-121.991
-174.963
-186.745
-165.469
79.6938
-12.9434
5.75465
75.2825
-178.503
102.731
34.1285
-152.38
70.3811
-128.381
135.661
-163
-87.0278
-128.853
168.228
-19.9144
101.696
173.493
-170.752
143.903
129.126
-144.356
-24.4164
-166.921
-110.7
-129.652
186.999
-19.515
-93.908
-8.69552
79.2036
50.1944
88.0444
-136.496
-117.725
62.5932
3.28578
-28.864
-196.294
-14.4865
-184.53
108.866
-136.115
188.941
-186.727
-135.062
-141.053
-104.818
154.722
-106.488
-136.242
-152.743
153.197
135.461
-35.1633
117.852
136.151
30.3889
139.237
63.5553
-178.812
19.4787
-12.9616
171.968
-161.221
-123.516
-191.701
150.474
-187.271
20.3137
99.2088
53.1352
-112.533
96.8851
9.05859
89.3333
55.0232
-108.031
-131.468
162.292
183.659
-186.382
-139.328
-83.0885
-114.421
37.3054
149.439
79.9116
45.8557
-152.653
-81.7996
71.0164
45.5471
20.8584
-133.192
140.889
99.9168
-149.712
-208.184
5.64573
171.841
131.649
-156.338
-139.019
-68.6746
-106.615
-121.447
88.3167
-164.543
55.8946
-12.5622
-76.5714
55.241
104.201
-154.214
-142.142
-89.297
0.344916
-196.148
186.509
-167.484
143.431
88.589
-58.1638
-170.389
173.547
139.6
-173.929
181.335
161.548
144.375
188.851
101.75
-32.3314
-187.544
-8.89521
-44.0403
157.899
-170.407
-102.386
88.2441
-76.408
-114.276
6.69864
144.992
172.948
69.9272
-176.506
-188.651
152.598
-46.9812
171.169
-134.717
-107.487
-150.42
-20.3682
166.159
126.385
-133.483
-142.614
-17.1913
-87.645
-135.207
-127.474
-116.11
-163.763
-117.017
37.8137
-70.0543
141.706
151.146
-93.563
-144.229
73.6124
59.1985
-76.0994
-48.3246
93.5449
30.7883
16.5197
-151.455
172.149
-15.5938
-124.497
-103.802
178.903
138.856
1.92427
161.112
135.316
-177.45
-109.284
148.731
-146.789
-186.89
-8.31429
9.54873
144.175
168.319
17.8449
-17.4818
79.5123
185.674
-148.223
134.899
-129.561
80.2021
112.661
158.571
-33.9652
122.118
109.756
-167.03
147.66
-57.837
18.5347
10.5653
-0.580911
-168.537
60.8142
-172.966
-68.2026
-169.354
-105.617
-188.996
30.6975
28.6825
-174.328
82.4894
171.423
135.897
-193.934
-166.25
181.989
3.81223
-72.7592
-23.5814
-73.5761
3.50362
195.731
51.4107
61.5585
-88.6253
-182.243
-114.912
-110.264
143.467
-128.509
124.551
-123.48
-24.0715
-164.107
-161.33
-117.471
-180.663
-90.8582
183.241
191.465
-108.576
-132.539
171.968
121.356
-166.522
-160.84
-189.014
-45.3837
52.4454
176.379
91.1305
-106.325
57.3469
-36.7245
185.874
-104.709
128.563
59.144
-159.315
-155.866
66.1876
126.457
151.89
-161.003
44.8754
116.019
-140.78
49.2504
-133.029
117.943
50.975
-187.144
64.0092
163.908
-114.022
-35.7805
-135.734
196.875
-161.802
-121.392
80.3655
-19.5695
33.2209
-75.7363
-58.8536
-100.879
176.978
68.7835
89.2607
-193.807
-155.158
-18.0264
-142.632
143.14
-111.444
133.156
-43.0056
155.339
-133.21
178.63
164.343
-184.766
-157.808
-146.226
182.243
-176.379
-41.9345
154.867
-9.14936
-74.8831
-169.136
-168.337
189.559
22.2743
-152.29
120.122
-80.783
-37.1602
91.1123
-64.9895
56.4392
-56.421
-152.326
16.5015
180.173
163.944
85.9386
79.8753
-112.207
166.976
75.8271
-163.436
-51.1021
-143.903
30.8791
-121.483
-146.172
-37.2691
-199.815
-61.0139
121.029
103.057
-16.919
-43.4594
-90.4043
-131.958
0.0181535
-38.8303
-33.3843
-92.8551
12.5985
-69.2374
-71.2887
-161.657
-35.1814
-142.686
181.371
175.453
-20.2048
-143.685
169.535
118.742
-57.2742
98.2285
-96.8307
80.5833
-123.044
146.916
-74.756
110.391
-168.682
21.4574
-27.3391
120.848
-171.986
99.3722
-154.014
84.8312
38.0679
22.8734
-181.898
167.575
-1.2889
-14.0508
105.018
76.9889
-161.984
-159.115
155.612
110.464
-101.478
-77.8058
52.4091
-80.9827
88.9339
-132.157
128.073
175.036
-86.7192
156.991
170.352
-31.0061
-166.068
181.408
77.7695
177.16
-31.9501
69.2737
24.3438
-166.177
55.8946
-138.547
197.165
69.074
-38.9937
-84.5771
-12.1265
-62.1757
121.138
-1.72458
21.2033
-80.0024
-81.5999
-129.906
-104.891
194.732
-66.3147
57.1472
64.7172
-152.943
179.157
-197.546
-75.6819
-167.829
-15.5394
140
-150.983
176.47
168.337
64.1544
179.447
147.08
-22.6737
60.56
-26.7764
-189.25
55.586
199.579
-69.074
-142.759
-55.6404
121.755
-167.194
-6.48079
-33.6747
147.461
-139.854
156.102
-125.513
195.949
109.883
107.868
-153.56
-17.1006
84.4318
121.846
176.942
117.961
-160.041
181.989
130.288
184.857
-74.4293
83.3608
-181.135
130.814
87.0096
-75.2099
184.222
-184.784
6.91648
7.2977
-89.1518
-50.9387
-180.119
170.842
151.763
-26.4678
-114.512
-183.931
95.3058
-199.053
160.549
164.852
26.4133
76.0449
184.694
-11.0373
-60.2877
143.177
-47.6892
63.7187
109.357
171.786
-76.4988
-193.661
145.809
73.5216
154.795
95.5418
47.1446
-156.193
175.217
122.373
102.476
34.7095
-153.342
124.823
152.526
-128.744
48.6513
-201.431
-84.5408
-174.818
-163.073
-169.19
-181.607
60.1606
-101.569
-162.819
176.47
-110.881
71.9059
-23.2183
103.057
179.247
-73.0859
39.974
-57.7099
51.5922
-176.67
-112.806
-173.438
-17.155
77.2975
-104.401
-156.138
-0.199688
-0.526451
-25.4693
-21.1488
-60.3966
170.57
137.476
-149.439
-54.406
74.8468
-146.862
-181.19
-176.506
-128.345
184.203
-96.5947
-118.615
-143.703
-163.999
-78.9313
-116.709
-191.81
54.8417
171.95
129.761
149.911
-95.2876
-80.9282
80.6559
-185.238
112.243
74.9013
-139.473
-87.7176
184.403
76.172
-180.5
184.185
58.0185
15.5575
138.438
-169.662
22.6011
-117.29
-158.335
191.846
-119.65
-175.036
-14.5772
135.57
75.228
85.7934
22.9823
172.966
119.087
120.43
-17.9175
151.364
61.2317
-123.68
-34.5461
129.58
-59.616
-179.247
87.6813
-151.763
95.2876
-182.642
-181.607
182.678
-154.577
192.118
-160.676
-123.934
179.955
-144.956
-136.75
179.447
-190.793
-158.226
-185.057
-163.672
47.8526
-112.116
-79.603
-161.257
164.743
102.749
99.0454
89.297
24.8884
54.0792
-166.849
12.5622
119.631
-101.75
-142.069
-195.023
-202.321
24.2894
47.1809
78.2597
167.52
-175.907
-73.5761
-40.2463
-98.0288
133.809
125.132
-70.962
5.37343
191.537
-160.186
167.393
94.1803
-171.932
-3.44916
-141.797
-99.0091
-183.967
-169.917
74.6108
-115.256
69.4189
59.1985
-108.667
82.9251
173.003
6.95278
44.8391
-0.580911
49.2867
-133.936
135.334
126.312
103.911
143.63
150.619
84.1959
-159.025
-28.6462
134.79
171.26
158.244
127.601
-79.2218
6.39003
-49.8676
-54.3515
-130.251
-132.248
6.73494
166.595
-155.938
164.235
-41.0813
-174.273
152.816
-10.4383
92.8551
-129.779
-0.889521
34.8365
115.075
171.097
-44.2037
-110.972
71.3613
80.2384
111.825
-68.5294
134.663
-66.4236
107.632
10.057
-150.783
47.8526
112.352
-150.892
-58.1819
-7.2977
-157.118
-186.727
81.1642
-140.254
-29.572
-179.937
64.9169
-39.1208
-12.8164
135.988
78.1507
19.8054
-176.924
141.289
8.53214
-186.454
162.365
138.003
159.569
-72.0693
167.266
159.188
155.358
123.298
74.865
126.965
137.567
106.398
-174.673
-186.872
116.509
-8.98597
-63.6643
25.306
-25.4875
-75.0647
-116.8
11.0555
146.571
116.781
96.1772
103.62
-138.929
-199.434
128.563
79.0403
-33.9833
-107.65
153.887
-180.736
-117.199
120.666
191.937
-157.645
74.4837
58.3271
-64.0092
176.452
-166.014
179.175
101.151
89.3333
70.5989
-130.015
-177.668
160.386
148.677
-182.606
108.921
-63.5009
-8.65921
91.2394
-35.3267
145.391
-180.173
-75.6274
197.383
3.92115
93.3815
-35.8531
184.458
-114.948
151.455
65.8608
99.8623
184.294
-157.681
87.7176
-171.133
-28.3013
178.158
-52.6088
120.539
-166.703
-181.807
-188.324
-83.9054
-91.4209
-156.973
164.343
190.975
77.8421
-127.51
-151.019
147.334
-140.98
-135.552
-98.9002
-114.53
90.3317
-157.336
-88.6253
87.173
46.5455
-69.6368
175.399
111.027
1.08921
139.546
-94.8156
-85.2851
-182.479
-1.27074
-121.138
130.07
156.592
149.748
135.461
130.033
126.221
20.8584
-51.6285
-190.194
179.538
87.0278
69.7638
26.0684
-168.228
-26.2318
28.265
-182.914
4.08453
-33.1846
-56.4936
-5.75465
71.0709
5.13744
117.707
86.9007
52.7722
-142.577
-131.141
-122.082
-133.864
-161.693
-197.655
-114.694
56.7478
-158.752
-180.718
62.1212
-13.8693
14.8859
-3.93931
89.3151
-157.028
178.267
-58.2545
87.3727
-137.531
153.615
-51.447
-114.966
-164.906
33.8199
24.9792
-152.489
134.318
-45.2566
-151.872
186.6
98.7913
159.043
-84.1414
26.3407
-37.5051
-137.622
189.795
31.0243
78.8587
-154.541
53.4075
-71.0164
-115.946
-189.341
-184.53
-50.3578
168.936
7.22509
161.657
-176.125
137.93
-3.903
186.128
-86.9733
198.581
-58.0367
128.454
105.163
141.397
-139.31
21.7297
-179.284
-62.212
-102.513
33.8926
-148.169
110.573
-69.9454
-56.4392
103.965
10.1296
-34.6187
11.2733
45.8012
-82.199
152.326
129.053
7.71523
-146.081
-116.963
-33.7473
-20.1322
61.2135
15.0855
157.227
-147.878
-138.094
151.219
164.126
-4.50206
-126.385
159.424
40.9179
-82.6891
84.2322
40.3189
-193.262
-95.7052
20.7676
-159.424
-3.32209
-0.580911
-191.81
148.641
-24.6161
-118.742
-194.987
191.428
127.456
-26.3407
-171.224
-114.403
-3.59439
28.5554
-127.093
164.471
71.5066
131.068
0.272302
-36.7426
-17.391
201.159
63.5916
173.148
0.0726139
-15.7754
-187.816
-52.2276
-184.004
67.3676
89.7871
77.6424
89.0973
-7.15247
84.0325
-54.2245
6.7531
85.2306
25.7053
123.916
-2.99532
199.852
1.25259
-200.487
120.43
-28.029
-0.889521
-78.9495
-72.0875
-25.9958
-128.962
-43.877
61.74
146.172
139.491
-36.1254
-117.852
-72.3598
130.505
-69.2737
74.6834
-183.296
74.0117
173.783
-157.354
163.091
165.324
-188.342
62.811
120.594
-122.173
-41.1539
-172.785
2.52333
91.4209
-133.537
175.744
-17.9356
-139.673
-101.333
20.4045
-92.8188
-63.047
128.98
-83.3789
-34.5098
90.9308
63.5916
164.797
-54.4786
-11.7635
-98.2285
136.605
181.535
9.76657
179.574
61.504
81.9811
-100.843
-79.3489
-94.3255
136.042
-191.973
80.1839
89.8416
122.082
80.8193
186.854
-131.195
168.374
62.3754
-82.2897
185.365
45.0569
172.676
-179.32
188.633
13.597
50.6664
80.7467
137.549
28.0471
121.32
69.9454
181.39
184.566
178.54
184.04
-126.82
-0.453837
158.226
-3.83038
44.5305
111.136
-195.785
174.509
-34.7458
129.779
-27.3936
-177.305
-166.304
-35.4901
145.7
97.811
179.937
2.57779
167.393
-103.566
38.8303
0.435684
183.368
28.501
-106.361
124.987
-74.1025
192.245
