354.137
182.606
-368.16
452.469
608.674
-543.257
276.274
-380.194
197.657
-268.217
-22.5257
383.04
161.28
-570.651
-350.914
-314.16
-100.389
-453.463
199.749
-270.651
-676.56
-45.1886
24.3771
-347.074
110.023
337.989
33.0857
-72.96
260.366
93.2229
-25.5429
299.966
-313.234
388.251
-58.1486
-427.234
238.389
85.0971
-234.857
-513.874
155.76
-386.983
-554.023
493.029
-167.177
-149.931
-161.829
-535.029
493.817
-202.697
127.303
-638.331
-63.4286
-594.343
-566.434
-483.257
-40.4914
-123.086
-177.566
237.12
135.36
-39.5314
30.72
-250.971
-290.263
-782.777
183.669
158.16
-357.291
-254.263
-560.434
178.08
157.577
-374.846
605.52
115.646
-363.36
-159.806
404.194
138.034
-110.434
22.1486
-417.806
-609.874
-429.189
479.451
319.509
428.366
-116.091
719.52
512.469
-228.446
-276.754
-367.44
61.0971
-111.771
406.08
603.326
394.594
-392.571
-104.537
-102.926
-509.006
439.714
-294.069
261.566
511.269
-30.9943
611.109
-696.514
-71.9657
-119.966
-76.4229
-413.691
-971.109
-346.149
-671.623
-620.64
-325.714
-81.4286
-145.063
254.949
-161.451
-353.486
-288.103
-545.726
-227.897
310.491
101.897
204.377
980.914
457.406
346.8
-15.6
45.5657
-15.7371
677.966
-307.543
568.354
-130.869
91.5429
155.383
-437.931
-100.32
-110.914
-178.32
-110.674
-186.549
385.68
-750
448.697
-507.326
482.88
-87.4971
318.72
-139.749
-521.04
-475.543
-376.663
-247.337
309.051
206.846
-813.394
413.04
465.154
-155.177
333.223
22.3886
-58.6971
713.04
-151.714
266.194
-633.257
41.1771
416.331
-188.777
-87.6686
20.3657
255.943
-17.0057
283.2
-122.606
134.777
-461.486
-378.72
164.4
376.56
500.64
-93.0514
26.16
-370.011
730.046
-547.337
-690.617
-155.966
63.9086
601.749
-83.5886
739.611
-33.9771
732
-159.669
269.554
-207.463
-476.571
89.6571
-855.806
-321.6
-160.937
-90.3086
-456.857
-389.794
71.5886
55.9543
-361.749
-543.531
485.966
-607.063
45.5314
-81.84
-162.823
149.177
-229.44
56.1943
254.194
445.714
764.023
-244.183
-250.423
465.017
939.291
-1043.76
147.6
-421.646
70.32
264.994
-421.68
204.754
-1185.84
-60.96
291.771
109.509
259.611
-175.029
-334.217
105.806
-45.7714
334.389
-480.274
243.703
-434.263
42.8229
-522.994
10.6286
75.7029
-199.577
246.857
-346.046
354.24
-716.297
14.9486
-528
-593.04
-479.589
387.394
-449.726
-396.891
408.343
5.82857
377.554
-113.04
62.9143
-572.194
229.406
658.149
355.063
-10.4571
159.051
-335.04
-465.36
-369.291
26.7771
-4.38857
-708.994
-457.029
119.177
-334.903
80.9829
534.754
-24.8914
127.063
-201.737
94.3543
-575.829
-130.663
74.8457
-175.337
228.069
-239.451
350.537
-155.04
-118.834
-365.52
-161.931
-660.789
-473.246
-549.874
547.166
241.337
-268.869
156.72
144.034
798.309
-211.269
-186.446
34.0457
-87.2229
401.383
345.394
-198.617
-42.5486
-370.046
156.789
60.72
-122.263
-339.943
-346.526
305.794
-155.52
-200.777
394.183
471.943
522.549
54.7886
50.4
-481.234
-195.189
-643.234
-112.903
-209.074
188.057
-102.343
-364.834
69.7029
-21.0857
-68.5371
-509.349
-475.543
421.269
-353.829
-5.00571
490.56
712.731
-86.4
-551.863
214.011
195.257
131.931
-844.697
178.114
-41.0743
-17.2114
412.286
264.789
-39.4286
-753.394
-403.611
203.863
-899.486
-239.143
-403.543
496.869
425.143
299.314
-472.183
433.851
-41.7257
-38.4686
291.36
139.817
-542.4
-48.8229
-320.537
-144.514
167.589
5.24571
-502.56
-233.314
-157.783
559.474
-40.3543
689.726
158.777
-228.034
646.251
-156.96
-74.5029
112.937
296.263
30.5829
