6.432
-2.532
3.864
0.06
-1.656
6.012
-2.76
-2.196
1.152
2.892
0.924
-0.624
-2.7
1.224
5.448
-4.224
-0.384
-0.552
0.516
-5.028
4.824
-2.844
2.448
-0.24
-1.272
4.692
2.04
-3.492
3.408
3.3
-4.452
5.316
4.704
-1.44
-8.496
-2.748
0.408
0.276
5.82
-4.776
5.556
4.176
-2.508
1.2
-4.212
-2.46
-7.872
0.948
5.55112e-16
2.424
0.3
2.064
-9.096
-0.984
-1.092
3.564
1.98
-5.832
-0.972
2.076
-3.336
1.092
-0.24
3.552
-7.128
5.724
-0.144
6.108
7.692
4.248
-6.468
-2.724
-6.9
1.896
-5.46
-7.716
3.72
-3.924
-5.712
3.948
1.632
4.452
3.804
-0.636
-4.332
-0.132
2.112
1.152
-3.732
3.336
2.58
-3.84
-4.332
-2.712
4.68
-1.548
-1.428
3.228
-3.204
0.204
-1.044
0.648
0.456
4.224
1.728
-1.74
3.192
0.72
-4.86
1.956
-0.84
-0.924
7.464
-2.664
-4.872
-2.556
2.22
1.368
-0.396
-4.476
-2.676
4.116
1.308
4.392
8.436
6.228
-2.256
4.5
1.5
-1.488
-2.736
4.248
-5.328
0.12
-0.024
-4.32
-3.792
-2.196
2.172
-0.756
4.188
-0.024
6.888
8.604
-0.036
-2.688
-5.04
5.136
3.468
-1.14
-1.62
4.524
-0.264
0.372
-6.36
-0.576
2.508
-6
3.36
0.36
-1.464
0.492
-0.972
-1.932
4.572
-0.552
2.664
-0.252
2.856
7.188
1.584
3.048
1.2
-2.076
-0.396
-5.268
-7.716
-3.564
0.384
0.312
-5.712
-0.096
5.748
-3.84
8.364
3.06
-0.468
-4.08
4.722
0.768
2.976
-1.74
-4.8
-10.068
0.24
1.188
2.388
4.008
2.916
-2.394
1.2
5.244
0.216
0.036
5.628
-0.264
4.728
-0.408
4.752
3.912
-1.824
-4.212
0.408
1.944
4.104
-1.38
2.4
0.396
1.536
-1.224
-6.132
-1.284
-6.576
0.996
4.128
1.152
0.504
-2.916
3.072
3.912
-0.18
-5.832
-4.284
0.624
-0.012
5.82
-3.408
-7.776
-2.532
-0.612
-0.924
-1.464
2.304
-1.308
4.428
-0.492
5.172
-5.844
2.364
7.236
3.18
-4.068
-0.636
-0.432
-1.464
-3.624
6.852
-0.912
5.292
0.252
-5.772
-1.656
-3.432
-0.66
-2.052
-1.104
-1.284
1.968
0.18
-1.908
3.876
1.872
-4.788
1.368
-0.792
1.2
1.272
-6.096
-13.812
3.88578e-16
-1.344
0.504
2.88
0.564
1.992
-8.04
-6.012
-4.776
-1.92
-5.55
0.42
-1.872
-1.5
4.308
0.264
-2.676
2.832
-1.308
-5.76
-2.544
-3.684
-1.512
-2.58
7.188
0.552
3.048
0.144
-2.652
0.084
1.056
-1.188
0.324
2.352
0.048
-2.868
-4.5
3.732
-1.02
2.304
-2.856
2.232
-0.444
-1.248
2.604
-4.296
2.916
-1.542
8.04
-5.52
2.424
-0.696
-4.488
-4.824
-7.032
1.236
0.624
-1.92
-2.808
0.6
0.888
3.336
-1.164
-4.572
8.412
-7.008
1.536
-5.904
-2.028
-1.5
2.964
1.596
-4.752
0.852
-3.828
2.208
4.572
-1.56
-0.756
0.9
0.936
-3.42
1.428
1.512
-1.572
2.112
-1.008
0.072
-1.884
1.02
-2.208
-0.06
-4.068
-5.352
-0.264
-0.264
6.18
2.796
5.172
1.068
-10.248
-2.652
0.18
0.504
1.02
4.872
-4.032
6.048
-1.536
-0.144
-1.764
-1.488
1.272
-0.756
7.692
0.24
6.264
-2.952
3.72
6.048
-3.984
