2083.2
1279.2
-535.2
127.2
-981.6
-237.6
652.8
144
331.2
489.6
-796.8
434.4
1171.2
1036.8
-136.8
-1231.2
1303.2
-307.2
-780
-928.8
-16.8
-117.6
237.6
-1137.6
763.2
583.2
-79.2
-271.2
571.2
88.8
-1797.6
244.8
-1358.4
9.6
-1816.8
153.6
-861.6
1900.8
-4.8
1312.8
919.2
393.6
316.8
-489.6
-405.6
-811.2
194.4
595.2
319.2
-1797.6
744
-842.4
-1197.6
722.4
165.6
-727.2
208.8
957.6
-847.2
307.2
-852
-885.6
-321.6
1768.8
-1564.8
-199.2
640.8
-758.4
1034.4
-1598.4
-655.2
400.8
-388.8
-52.8
96
1404
-825.6
-384
-242.4
-2558.4
-321.6
-1106.4
1296
-211.2
-1286.4
-1209.6
-141.6
988.8
-1591.2
1579.2
830.4
-120
986.4
-1416
712.8
-151.2
547.2
-86.4
-588
1401.6
-986.4
230.4
1219.2
943.2
751.2
-528
-240
-847.2
-808.8
-2328
108
108
136.8
292.8
-1065.6
-794.4
-969.6
189.6
-415.2
98.4
-736.8
-96
-1022.4
74.4
532.8
-801.6
194.4
213.6
-1053.6
830.4
48
266.4
-616.8
72
504
-566.4
-1766.4
376.8
-1353.6
1975.2
-69.6
528
-2764.8
-1008
-396
-523.2
-818.4
-1012.8
163.2
-614.4
31.2
631.2
9.6
-1447.2
-813.6
828
-249.6
-480
163.2
1315.2
499.2
-3163.2
1092
775.2
-1106.4
-528
-864
-100.8
-904.8
1005.6
-453.6
-645.6
-480
223.2
1324.8
1240.8
-1046.4
-739.2
652.8
1365.6
-1473.6
-1708.8
1003.2
-1320
-811.2
340.8
3004.8
357.6
12
1838.4
3717.6
-595.2
84
-290.4
-348
-98.4
1960.8
1032
-794.4
-482.4
-268.8
201.6
-1296
-1514.4
902.4
364.8
-1408.8
-384
-1617.6
660
160.8
-2277.6
765.6
698.4
1113.6
-612
734.4
-1447.2
-604.8
156
1291.2
607.2
-710.4
129.6
-1204.8
-1483.2
-91.2
796.8
-105.6
561.6
-2268
-518.4
1144.8
-837.6
-417.6
895.2
775.2
-295.2
-43.2
-57.6
-252
-415.2
1202.4
897.6
-1699.2
-216
129.6
266.4
-1173.6
-283.2
-9.6
604.8
710.4
103.2
1032
924
55.2
1466.4
1087.2
-1029.6
1905.6
2287.2
40.8
-736.8
220.8
-621.6
112.8
1044
-969.6
-1766.4
1068
441.6
516
590.4
1449.6
-283.2
-451.2
-878.4
439.2
2316
-136.8
-525.6
782.4
-376.8
-988.8
518.4
-376.8
-24
43.2
727.2
1502.4
-112.8
861.6
487.2
1509.6
660
1003.2
537.6
1380
-566.4
-1274.4
-201.6
-1221.6
-621.6
-518.4
1927.2
710.4
-1420.8
-374.4
-1471.2
2148
-1202.4
333.6
-379.2
146.4
-741.6
-2239.2
604.8
2205.6
1346.4
-508.8
-386.4
1377.6
-1010.4
-1308
-201.6
-415.2
-976.8
-616.8
-1730.4
1209.6
-1459.2
-2102.4
136.8
220.8
664.8
-62.4
1862.4
-835.2
1219.2
-600
-616.8
158.4
967.2
984
-448.8
-436.8
134.4
189.6
-1387.2
2150.4
895.2
100.8
256.8
-621.6
-1269.6
532.8
472.8
-1075.2
523.2
-715.2
-1536
-487.2
31.2
1684.8
-170.4
-76.8
1867.2
-530.4
-1365.6
2138.4
-1245.6
940.8
-2181.6
2385.6
-189.6
-165.6
-808.8
-996
448.8
969.6
31.2
667.2
988.8
-686.4
708
201.6
1224
-415.2
-1089.6
979.2
-844.8
-1951.2
-7.2
-816
-1490.4
-144
1240.8
-343.2
1072.8
