5.952
4.344
0.84
7.152
2.136
6.096
-7.392
-3.312
-3.624
-7.344
-9.696
6.528
-4.2
-6.36
9.024
-3.816
-6.984
11.544
-3.768
-0.24
2.784
0.456
-0.432
-3.48
-6.576
5.856
-10.152
-18.12
5.256
-7.848
-0.024
-13.032
1.44
7.824
0.456
-11.736
2.568
-5.616
6.624
-11.256
13.752
3.792
0.24
2.76
-2.424
12.36
0.192
10.464
4.272
1.104
-7.176
-7.776
-13.392
-6.384
5.832
-2.712
4.92
-4.464
-9.504
4.44
-6.096
-3.168
-5.088
12.648
-1.68
-16.824
-2.856
-8.592
-6.288
9.264
-10.68
5.448
-11.76
-4.608
-4.512
-1.56
-3.408
-6.624
-2.712
1.68
3.192
2.496
10.08
5.328
-6.408
-5.328
-2.328
0.168
4.176
2.88
6.264
-6.864
-10.392
-2.376
5.976
-6.288
0.072
-4.56
-2.088
-6.744
-6.84
-5.136
-5.52
-3.216
1.728
-5.64
-4.584
7.224
-1.848
-0.624
-4.056
-12.408
-1.992
-4.248
-23.304
3
2.16
11.88
2.04
3.36
5.184
13.824
6.6
-21.72
-11.664
-0.504
-2.88
1.968
-7.8
13.68
-9.9
8.304
6.132
-7.488
-6.264
15.84
3.816
7.872
-3.048
4.752
7.272
-1.512
-4.848
7.608
-8.808
-2.928
-14.688
10.152
-3.048
-2.352
5.904
-0.192
4.152
-2.904
-8.112
1.68
13.968
-2.136
17.712
5.04
-12.672
-9.792
-2.856
-3.744
4.296
-17.52
12.552
-3.576
-15.456
-0.048
8.184
4.128
1.728
-1.68
0.936
10.296
-3.312
0.6
7.896
14.328
-4.776
0.672
2.328
-3.792
-4.704
-1.272
-2.112
12.48
-0.792
2.256
1.392
9.312
-0.216
-2.832
1.68
0.288
1.848
-13.176
1.248
12.552
-1.536
-7.32
-9.144
-8.16
-7.296
2.472
13.728
12.24
-15.648
9.744
-8.64
-4.152
7.344
-13.92
4.728
-1.128
-21.288
-1.536
-0.912
1.32
5.328
0.264
0.96
-6.624
3.72
-17.232
-3
-4.224
1.608
4.152
-4.656
7.296
2.592
7.296
5.136
0.504
6.432
-0.624
11.664
-2.808
1.728
-12.396
-8.736
-2.64
-10.272
4.56
-6.696
-5.592
10.776
6.144
6.552
-7.968
-4.872
1.512
-10.272
8.472
11.64
-5.616
-9.72
-0.96
-8.52
-6.6
-3.936
8.208
-15.504
4.176
5.592
8.088
5.808
-9.24
-4.128
8.064
-9.432
3.504
13.2
-6.768
1.8
-8.112
-1.536
-5.856
9.984
-0.528
14.088
-7.56
0.528
1.392
8.712
-9.096
-1.752
-2.304
-1.632
-2.376
-4.272
7.176
8.976
10.488
4.488
-3.504
1.104
3.72
-1.512
4.86
5.832
-6.576
9.528
-5.4
3.672
-6.048
-4.2
-9.048
6.144
13.752
-0.864
2.352
-3.048
-6.624
0.048
-8.136
-1.032
-10.944
-6.672
9.12
-6.744
7.848
5.328
-1.704
-3.792
15.528
-2.496
-8.472
0.504
0.936
-0.312
-8.88
0.096
-6.696
-12.768
9.144
4.848
2.448
1.464
-0.816
-6.672
-0.528
3.456
-3.144
4.2
0.864
13.92
-3.504
-8.376
4.008
3.48
4.464
12.024
-1.176
-5.232
-8.496
-0.72
7.32
7.536
-11.328
-5.784
2.736
2.64
-4.296
-11.088
7.536
11.952
-6.024
-10.8
-0.048
-5.04
17.04
10.488
-4.176
6.864
1.08
-3.384
19.2
-6.312
-5.352
8.088
8.448
-8.712
1.368
-12.528
-6.048
-6.144
0.816
4.248
-0.792
-1.152
13.08
-17.064
-14.016
16.08
-9.048
3.24
-6.456
