0.012
-1.062
3.054
4.698
-1.17
-0.924
-1.512
1.56
3.348
4.488
-1.002
-0.798
-0.966
-4.032
1.416
-0.3
-0.108
3.87
-6.318
4.746
1.146
-1.44
2.49
-2.958
-0.612
0.294
6.564
0.096
1.644
3.252
-0.15
-3.252
-0.318
1.398
-1.608
0.642
1.608
-2.688
-2.034
-2.658
-1.272
0.846
3.372
-2.076
-3.828
-3.78
3.702
-0.552
0.612
0.432
-0.372
3.426
4.812
1.308
1.818
-0.048
2.748
-0.186
2.838
-1.968
-2.922
-0.354
0.138
-3.084
-1.566
4.452
-2.742
0.372
1.08
2.25
-1.704
-0.546
-4.146
0.612
-2.34
-5.988
-1.494
1.086
-4.8
1.866
-2.886
-3.18
0.54
-6.81
-3.264
5.844
-0.456
-1.488
0.936
-1.398
-2.85
-3.984
-0.426
2.16
-1.278
-4.326
-4.704
-3.666
1.08
1.386
-1.824
-0.132
2.106
-0.204
-1.848
0.33
-5.604
-0.384
-2.826
4.566
0.696
-0.63
-2.682
2.85
0.804
1.62
-3.504
-2.58
-1.488
2.22
-0.84
1.764
1.392
1.404
6.954
-0.036
-1.836
1.842
0.06
-0.768
-1.296
4.89
-0.522
5.448
-2.334
-0.36
1.302
-2.298
0.912
-0.9
1.056
-1.824
2.064
3.636
1.344
-0.042
0.726
-3.75
2.112
1.626
1.086
-6.954
-1.098
-1.41
0.444
3.402
2.034
-1.14
-0.522
0.015
0.312
-2.832
1.524
4.266
-3.126
3.666
0.618
-3.876
-2.736
-1.026
-0.648
1.83
0.528
3.528
-4.182
-2.976
1.176
-2.376
-0.966
1.47
-5.19
-3.642
1.608
2.334
0.042
-2.328
0.486
0.048
1.428
5.73
-5.562
2.028
2.856
2.568
3.6
-3.126
-3.246
2.364
-0.51
0.702
-0.426
2.604
1.65
-5.304
1.008
1.686
4.188
-0.798
-0.198
-0.9
0.138
0.876
-2.073
3.246
-0.768
0.264
-1.194
0.522
1.806
-5.328
5.628
3.384
3.276
5.298
0.996
0.246
1.578
1.68
-0.492
2.976
-2.748
0.858
-2.358
4.506
-0.534
0.474
-0.339
-2.136
1.314
1.932
-1.296
-2.016
-0.84
-2.394
0.534
2.28
-0.342
3.264
-0.417
-0.474
-0.756
5.73
4.818
1.35
3
2.37
6.306
-6.306
1.248
4.704
2.082
4.734
3.144
0.06
0.312
-0.258
-1.368
-7.008
-0.912
2.478
2.658
0.39
-0.894
2.202
-1.224
-0.774
-0.408
4.158
3.06
2.19
2.496
-5.334
-3.642
3.702
2.244
-0.132
-2.028
-3.744
-0.972
1.392
-5.496
3.006
-1.44
0.714
-5.46
2.634
2.658
-1.053
0.894
-0.588
-0.078
-1.926
5.244
-1.632
0.708
-2.358
0.543
0.27
0.654
1.71
-3.204
-4.242
-0.204
1.524
4.029
3.432
-0.516
1.608
1.122
-1.488
-5.532
5.91
-1.722
2.544
1.506
1.314
1.314
3.834
1.902
0.438
2.424
-0.654
1.992
0.756
1.086
0.456
1.536
-0.048
-0.894
-2.064
0.834
1.218
0.882
-0.96
-1.506
-1.176
-0.258
-3.99
-5.016
0.432
1.518
0.666
-0.804
-0.396
0.822
-3.798
0.138
-0.828
-1.704
-2.898
1.164
-0.396
1.782
-1.554
-3.336
3
2.772
3.384
-3.81
-1.446
-0.786
-2.418
2.364
2.4
8.004
-1.008
-6.474
1.098
1.038
0.984
-0.714
-2.502
3.648
1.182
-0.84
2.88
3.972
0.918
-1.026
-2.25
3.69
-0.282
3.03
-2.484
3.018
-1.41
3.138
-2.922
0.486
-0.15
