38.1714
11.3143
12.6286
33.0286
57.2571
45.8286
13.3714
11.5429
-17.2571
-109.486
1.71429
31.6571
25.2571
-31.8857
-66.9714
27.0857
-46.8571
-5.02857
28.2286
-52.6857
17.1429
26.5143
11.6571
-10.6286
57.7143
4.57143
-4.8
4.34286
28.2286
-20.4571
72.1143
-31.0857
2.85714
7.08571
6.97143
31.0857
15.4286
-16.1143
9.48571
19.0857
-53.6
-45.4857
-2.85714
13.3714
28.2286
14.7429
26.0571
44.5714
9.71429
21.4857
34.8571
20.3429
-40.2286
15.5429
62.1714
-36.3429
-31.8857
-30.9714
-11.5429
-0.342857
1.02857
32.1143
-6.85714
8.22857
-0.685714
-84.2286
75.4286
4.34286
35.7714
-17.8286
-29.2571
-24.5714
14.2857
-13.1429
-19.3143
-41.1429
-10.2857
-66.7429
22.1714
-54.5143
16
-14.4
-28.9143
-19.8857
-12.6857
77.8286
35.0857
5.6
-82.5143
-70.0571
14.4
-5.82857
-11.7714
-47.7714
52.6857
-31.2
7.08571
68.2286
-5.25714
56.6857
-71.8857
33.3714
10.1714
-32.4571
4.11429
-8.57143
29.0286
73.1429
-29.7143
-46.1714
-69.3714
43.6571
-5.14286
-68.9143
-5.48571
29.4857
20.5714
18.5143
-37.9429
-21.8286
40.1143
-4.68571
-21.6
10.4
-37.4857
-40.2286
-4.45714
-29.4857
-5.82857
-35.0857
-17.8286
32.2286
-17.7143
52.2286
-22.1714
-14.1714
-9.6
-22.5143
-15.3143
-82.2857
39.4286
-36.4571
-9.71429
25.1429
-31.6571
-1.94286
-69.7143
10.2857
49.0286
72.2286
-6.62857
-22.2857
-18.5143
76.5714
-4.57143
19.8857
-15.5429
16.5714
-73.0286
-17.9429
56.6857
23.8857
-12.3429
-19.4286
11.7714
-35.4286
34.1714
9.82857
24.1143
2.74286
-34.7429
18.4
-1.94286
5.94286
28.6857
26.8571
2.74286
39.4286
34.6286
24.5714
27.6571
39.0857
-5.02857
16.8
-1.37143
-63.2
-54.1714
13.8286
4
63.0857
-52.2286
-18.0571
-7.88571
-44.9143
6.62857
80.5714
-8
-54.0571
-50.7429
-51.3143
27.0857
-17.2571
-17.6
-45.9429
12.5714
7.65714
-30.2857
100
-35.7714
-78.4
18.2857
-24.6857
-11.2
23.2
-33.6
27.5429
-53.2571
51.5429
73.4857
-21.4857
53.2571
6.85714
41.6
-59.6571
22.0571
-42.1714
7.65714
-8.11429
-14.9714
8.45714
18.1714
41.9429
-19.6571
-30.5143
-12.8
28.4571
16.7429
18.4
-1.25714
-38.5143
-15.4286
-25.8286
18.2857
47.8286
-42.2857
-56.8
-5.37143
51.0857
8.57143
-12.9143
30.8571
-11.8857
-6.97143
-0.914286
41.6
-29.1429
-30.9714
17.7143
73.9429
-76.2286
-66.6286
-40.2286
16.3429
-72.1143
-68.8
13.3714
-6.05714
14.2857
17.2571
3.65714
-63.3143
-45.1429
23.3143
6.05714
-8.11429
-24.3429
94.4
-4.22857
-72.8
-20.6857
-8.34286
-26.1143
53.9429
-18.6286
-22.9714
35.3143
0.914286
15.2
-58.0571
-49.2571
63.2
49.9429
-5.48571
31.2
-25.1429
-26.1714
21.4857
-32.4571
-21.2571
-44.3429
14.0571
-18.9714
-3.10862e-15
-28.1143
7.65714
-19.2
-75.8857
-41.1429
-66.4
6.4
-64.3429
-85.3714
-39.3143
-34.1714
-2.28571
-18.1714
42.1714
0.457143
-0.742857
5.6
-9.37143
54.4
48.8
-31.5429
-12.6857
-11.3143
3.42857
37.0286
-10.2857
56.5714
32
-4
-35.8857
37.0286
7.42857
-76.6857
18.0571
10.4
-9.37143
-25.9429
36.8
23.0857
46.5143
-17.7143
20.3429
9.6
-1.25714
-25.3714
12.5714
-20.4571
53.1429
-7.08571
-55.0857
35.6571
-85.3714
-40.2286
8.34286
29.4857
-38.6286
58.6286
5.6
91.6571
0.342857
23.0857
18.0571
3.42857
31.3143
-10.6286
5.25714
6.05714
-54.5143
-11.2
-51.4286
23.2
-59.0857
-87.4286
31.8857
-40.1143
66.2857
16.1143
4.11429
2.28571
-22.6286
19.6571
-24
-72.4571
26.7429
-20.1143
-19.8857
-63.6571
-34.9714
7.2
-26.4
-37.3714
4.68571
8
33.4857
-11.8857
-17.1429
10.2857
