44.9143
118.514
67.8857
-27.3143
-4.91429
40.1143
-75.8857
67.3143
35.0857
-13.1429
100.229
-57.6
4.88498e-15
45.0286
50.1714
10.4
8.57143
-46.9714
20.3429
9.82857
-14.2857
-37.6
37.1429
95.3143
-34.5143
9.48571
38.5143
18.9714
-29.0286
38.0571
-22.4
-10.5143
47.4286
-36.6857
-57.6
-72.8
17.6
54.0571
0.8
30.0571
117.829
-28.6857
31.8857
57.7143
-44.5714
82.6286
13.7143
-101.943
26.9714
62.5143
43.5429
-33.3714
26.4
7.54286
41.9429
-21.9429
72.3429
36.5714
-52.1143
57.1429
-6.28571
-30.4
35.5429
-27.8857
128.229
32.2286
12.1143
4.68571
-25.0286
-44.4571
-15.3143
18.1714
-29.7143
-16.8
-31.5429
-62.9714
-10.9714
-81.9429
13.6
100.686
-52.2286
55.3143
-122.4
87.4286
-37.8286
-45.8286
-52.2286
-0.914286
-60
66.0571
-93.6
27.2
-9.14286
-17.4857
75.6571
-68.9143
-43.3143
61.4857
39.7714
29.0286
-92.1143
18.2857
-39.0857
8.22857
-15.4286
54.2857
-47.8857
-1.02857
15.8857
-23.5429
81.7143
25.6
8.45714
-0.114286
23.5429
-20.8
-41.8286
-9.14286
11.2
23.8857
40.8
50.2857
41.7143
-2.97143
32.6857
-31.6571
113.829
48
29.7143
-24.3429
-51.6571
36.2286
31.8857
67.6571
-63.8857
91.0857
15.5429
105.143
-29.1429
-71.3143
-13.2571
20.1143
-52.4571
-26.9714
-47.4286
-45.6
54.6286
41.2571
-42.7429
-41.4857
55.5429
-49.3714
-29.1429
31.7714
20.6857
-24
-13.9429
-22.6286
-23.8857
17.3714
-79.6571
125.714
-53.6
51.4286
-29.3714
83.2
-77.2571
-2.05714
70.8571
-24.3429
41.3714
57.9429
35.5429
-21.6
52.3429
-19.4286
56
5.25714
-54.0571
-41.3714
-38.9714
-45.2571
62.6286
-27.6571
20.3429
32.5714
-80.1143
37.3714
17.0286
-7.88571
58.1714
83.3143
-46.6286
100.114
0.342857
-7.31429
-54.9714
-33.4857
66.5143
-50.6286
16.4571
33.8286
61.0286
-36.5714
30.0571
-49.9429
120.686
29.8286
-76.6857
-10.2857
85.4857
-11.2
-32.8
-16.6857
3.55271e-15
67.6571
30.8571
-26.9714
-37.8286
-5.71429
-23.7714
26.2857
-30.2857
88.5714
15.0857
-18.2857
-35.8857
76.9143
-22.5143
87.4286
37.0286
-65.9429
5.48571
-50.0571
46.2857
22.0571
2.74286
-3.08571
-40.6857
-11.8857
28
19.2
-55.7714
-68.4571
39.5429
-38.9714
-36.4571
63.3143
22.2857
7.54286
50.4
16.1143
-5.71429
60
-21.7143
50.2857
8.45714
7.54286
-26.8571
25.0286
-46.8571
-0.914286
6.74286
-66.2857
-1.37143
58.0571
-6.74286
18.5143
-26.2857
-39.4286
-21.8286
-10.2857
42.9714
-26.4
-15.4286
69.8286
96.2286
-85.2571
-84.2286
37.2571
-6.74286
98.2857
1.82857
10.5143
-72.8
-12.4571
37.6
-12.8
-75.5429
42.2857
39.6571
2.28571
78.1714
-48.4571
50.5143
49.9429
-124.343
-28.9143
-15.3143
-83.3143
5.82857
53.1429
44.1143
0.457143
-2.17143
95.5429
-13.2571
-30.4
-29.4857
-5.14286
42.9714
75.0857
54.4
44.1143
-20.1143
-88.4571
-102.743
-79.4286
-11.2
-33.9429
-7.42857
-78.7429
-8.57143
23.2
-19.2
-12
33.3714
17.0286
-36.3429
2.97143
16.1143
-1.02857
4.8
70.6286
79.8857
99.5429
-29.7143
-53.8286
71.5429
8.8
33.3714
-122.171
-68.8
5.14286
46.9714
54.1714
42.6286
34.9714
-40.3429
34.4
-15.0857
28.6857
14.6286
-54.0571
-12.8
2.85714
1.6
33.7143
6.4
13.7143
-47.3143
-6.97143
8.45714
53.2571
15.6571
18.4
23.5429
36.6857
22.0571
-19.0857
7.88571
15.0857
-24.1143
38.0571
26.4
13.0286
1.02857
45.9429
26.0571
25.8286
-14.9714
56.5714
-18.4
-2.74286
14.2857
-20.1143
-0.914286
29.6
2.74286
-128.686
-99.3143
-89.6
-21.6
18.2857
57.8286
-33.4857
4.45714
-143.543
80.4571
31.4286
