563.537
-420.309
-325.714
415.114
308.16
318.754
-1270.59
147.514
-522.257
-172.817
835.817
-149.64
-486.96
-165.823
-1026.26
-206.674
-223.011
229.834
-545.263
262.611
-537.463
307.011
112.663
53.16
-316.594
65.7771
-57.1886
-423.994
-336.669
-997.046
-411.137
-108.274
-150.24
-271.611
-1045.32
-557.726
-44.76
-202.749
81.1371
576.703
65.2629
-490.834
-382.869
396.703
-132.549
33.8914
-394.611
262.937
-168.669
618.566
159.891
-658.869
-307.474
196.714
152.52
-536.194
116.589
-229.783
-233.417
-716.04
51.9086
-412.046
-463.783
-293.777
-161.691
215.691
-761.589
-212.469
409.303
-403.68
282.617
370.731
304.577
-403.851
-175.954
-63.9943
-127.817
525.086
-447.651
-693.206
-657.531
-1020.81
-78.4457
-726.051
335.931
-142.354
62.2971
-12.7714
-201.309
-661.114
-20.3829
-503.794
-17.1257
161.914
-430.457
-555.086
374.966
-1304.02
375.411
-529.166
51.7886
-234.48
-320.469
120.686
1.26857
-241.834
70.3543
-351.634
-340.851
48.3429
-434.383
-203.846
-78.72
-479.4
140.023
166.149
11.6229
278.143
-893.211
376.509
567.377
67.8857
238.646
331.594
-206.126
124.269
233.211
-49.9714
-256.474
-284.486
117.36
-396.977
73.6971
-533.194
161.88
-392.366
-280.371
172.029
-812.229
-72.9771
94.8343
-246.926
-282.394
-452.88
-39.8914
51.2229
362.606
301.063
43.5086
-448.68
326.674
98.7086
10.9886
-202.114
-33.0857
280.097
-641.246
70.0971
380.52
-345.703
-178.783
-797.606
195.634
327.36
-318.034
527.571
-314.434
51.7886
141.103
95.0571
376.337
427.577
629.743
-260.76
-105.189
-316.183
-394.131
-250.611
25.0457
-367.389
192.634
51.5829
-24.1714
-91.4914
-179.4
-436.8
-487.32
-244.08
159.429
-155.177
69
-149.143
235.354
-94.2343
31.2343
-687.566
-585.566
-108.737
-114.566
154.371
963.583
78.0171
-271.971
-232.183
-120.034
833.589
-198.017
-381.96
-183.377
138.943
125.486
1237.89
451.731
815.657
622.989
137.503
313.217
525.84
-119.811
-198.291
338.657
-472.834
-66.3943
-172.629
310.629
-481.594
138.429
-474.069
-35.0057
-754.2
82.7486
67.32
-635.126
15.7714
458.263
25.4914
155.366
211.714
204.086
147.463
-233.229
138.034
-477.84
-271.834
-317.091
385.766
-934.937
-379.937
-423.497
-962.366
-99.72
355.029
48.36
-540.617
-488.846
-667.766
330.651
-409.646
542.606
343.594
-118.817
-239.194
-193.371
208.251
-479.726
-128.04
-807.669
-235.903
-1102.77
718.491
-362.006
18.7543
249.257
-216.171
-689.28
387.411
147.171
194.229
-521.589
-528.943
-58.7314
197.28
-175.903
30.72
57.0343
-245.949
-115.509
-355.886
-878.16
374.52
-161.589
816.754
297.583
-532.32
-788.057
-91.5086
-377.743
-480.274
-232.971
261.549
196.971
-427.097
930.96
-615.48
-828.874
743.417
-308.263
-487.697
78.3771
-246.531
-515.674
372.703
-612.429
612.686
-300.086
77.6914
-296.777
115.903
414.377
217.011
-871.183
-629.554
-371.897
619.457
-574.029
-247.166
274.406
-416.109
236.109
66.4286
-235.629
140.074
-91.4057
-250.594
-66.72
116.726
-17.4
40.8857
-542.211
-879.463
-152.417
-283.646
-147.291
35.0914
488.674
-26.1771
-126.326
-58.6457
284.331
-796.749
248.057
-250.543
-179.04
-442.354
-550.834
280.886
-188.863
296.503
-572.709
40.1829
-323.674
-85.1143
-156.446
-195.72
436.954
520.937
-302.846
432.703
-209.777
45.4114
-157.886
-35.0057
-37.8
549.069
261.36
70.2171
-31.6971
-936.617
-227.229
-186.36
-210.343
-150.223
458.589
429.446
-102.411
80.5886
479.811
-345.137
-284.143
-518.366
335.503
654.891
-344.983
-94.9543
-388.286
611.571
-498.84
-904.697
740.743
557.914
