-3.888
7.824
9.744
-14.736
8.232
-8.232
10.608
-3.168
8.856
-8.184
3.336
-22.68
3.528
-12.072
22.08
-10.008
5.424
-2.76
11.952
-2.184
11.496
1.944
-0.384
-5.4
-5.76
21.384
-5.904
-23.112
0.192
14.592
3.096
0.312
-4.2
-8.112
0.96
-5.616
5.496
-18.576
-8.4
-6.096
2.28
-7.008
-7.152
-10.824
7.8
6.264
9.408
-6.888
7.08
8.16
-8.904
-7.488
1.44
6.984
11.64
6.6
-4.872
15.888
-19.512
3.264
-4.704
-4.728
6.384
0.624
2.016
1.92
-0.552
14.52
1.632
0.336
-11.304
-4.104
12.072
1.272
1.704
-9.168
1.944
25.536
-3.408
2.16
-12.576
-4.128
4.392
10.752
-3.192
-8.088
-0.144
14.208
-14.136
0.312
-10.44
3.528
-4.128
-4.776
-6.84
12.432
2.496
9.504
18.672
12
11.64
19.2
-8.088
8.112
1.968
-4.68
-4.728
5.904
-8.928
13.104
-3.696
0.984
16.248
-0.96
-9.336
-18.408
6.456
18.888
-8.232
2.208
3.624
4.632
-4.104
1.368
5.04
15.264
-4.68
0.336
-12.744
15.864
-11.184
-22.344
2.736
15.696
5.04
-15.288
9.768
7.776
0.408
-0.456
-3.072
-4.224
-16.848
12.24
3.12
13.272
4.32
-2.856
5.592
-0.552
-2.4
-2.136
4.776
-7.464
12.336
3.168
-5.184
9.96
-3.384
-13.2
-12.792
22.248
2.472
-6.84
7.68
10.776
1.608
17.16
-1.032
-9.264
-10.056
-17.424
-16.32
16.8
9.384
-7.488
3.024
-1.8
6.696
-2.856
-6
4.488
11.928
-4.56
-5.088
-21.6
4.056
7.2
2.928
6.792
1.632
1.536
2.568
15.144
18.624
-5.568
-2.616
3.912
7.512
-1.92
-8.664
-2.112
14.088
1.008
-0.72
-2.808
-4.632
5.352
3.36
-16.68
-7.176
7.728
-16.56
-5.208
-1.752
0.504
0.336
8.376
2.856
3.744
1.176
1.368
4.608
-2.592
12.336
-13.464
-3.144
-0.888
-9.264
5.208
13.728
-9.552
4.608
-1.44
-1.368
-18.864
7.536
-2.04
-11.352
2.016
-1.536
-9.288
-9.768
-2.472
-12.336
-5.232
4.32
25.464
10.368
-23.856
-13.848
13.872
7.584
-4.656
2.328
-5.448
-4.824
3.552
7.032
11.592
-4.44
18.096
-9.48
11.736
11.568
-17.664
15.576
-5.088
8.424
5.376
0.096
-0.144
-14.328
-11.016
-11.064
18.984
-5.76
-9.768
8.544
-3.144
-14.376
12.96
18.48
6.696
7.272
-10.68
-10.68
-5.664
2.112
6.552
-4.872
-20.112
5.232
7.704
-9.48
8.616
-14.28
-8.808
20.928
-7.68
0.576
-4.728
-3.408
-7.704
5.376
-14.952
12.84
2.304
-21.72
-7.68
-9.456
2.208
3.072
6.336
-4.992
-3.888
-15.648
3.216
5.232
-6.12
13.944
-5.76
-1.008
1.896
-18.096
-14.544
-7.92
0.72
-1.944
-11.496
-15.264
-5.784
5.856
11.544
-0.168
-2.64
-8.352
-18.096
14.808
5.616
-0.408
1.968
1.344
-1.464
-16.008
12.312
4.056
-5.376
0.864
21.264
-5.76
-4.848
19.68
5.688
-8.928
-6.888
13.032
-8.04
-2.736
-2.184
-3.864
15.744
0.672
1.152
1.896
-4.68
7.632
1.608
-18.504
-3.24
-13.68
-13.56
17.76
5.712
-2.448
-20.52
6.648
3.984
-4.032
20.496
15.456
-6.624
3.288
2.592
-16.08
8.04
2.808
-5.736
23.664
-21.432
-1.248
-1.296
1.752
-5.184
4.896
-7.104
-4.776
6.024
10.416
0.624
