-298.56
87.7714
-480.471
-28.14
-71.6314
-392.04
531.557
280.491
-347.966
-889.389
8.43429
-114.386
-258.446
85.7486
-247.886
-235.517
-360.9
-474.291
276.471
-518.091
420.377
-197.023
48.5914
-255
314.323
298.423
-0.257143
-926.031
-417.051
66.42
-5.74286
537.351
215.374
391.32
-158.331
-708.463
-425.94
-521.931
-155.186
492.394
-581.023
259.046
21.8229
-608.674
586.054
504.609
447.18
927.454
518.76
76.5343
245.426
-620.846
129.926
565.603
242.126
-928.851
-375.994
-234.9
648.84
258.609
-10.2429
219.771
92.8114
-135.831
-96.8229
-236.486
-185.949
-259.971
-735.6
-315.317
-117.951
-71.0229
36.1286
-597.583
-731.04
222.129
-964.071
-202.569
-57.4286
-399.849
467.34
-478.689
-327.403
-114.831
-22.8257
-398.477
665.143
-238.354
618.197
-1390.95
-584.537
-140.931
-346.243
-473.306
292.731
494.074
-710.28
476.469
-128.537
443.34
-316.569
-175.603
147.909
-918.729
-637.431
-18.1971
-746.289
-412.011
373.526
-45.3
-977.906
-527.057
3.55714
914.34
-568.826
458.143
-449.546
436.56
482.64
-280.791
97.74
366.729
61.5943
349.937
-487.414
-434.983
118.74
-248.143
582.034
391.56
-427.851
-352.26
-180.411
-77.1771
316.243
65.7
297.257
-237.926
407.443
-299.563
213.343
119.649
-137.289
96.4714
57.2486
341.871
341.58
-361.903
503.477
425.297
-413.554
159.274
-696.189
428.237
370.629
-747.96
-942.591
-822.703
-774.969
-862.774
-19.9971
-745.689
-1.8
-283.774
140.246
-557.64
-541.937
142.894
537.017
-353.263
-23.0229
-41.3143
-729.84
-487.646
-435.626
374.914
-692.126
110.143
830.674
35.7257
174.9
206.477
-645.866
-69.6
11.3057
540.497
-234.96
-216.514
267.669
3.90857
-789.223
118.877
-135.72
-31.6371
-970.671
306.317
-48.1629
-242.083
161.22
-81.5743
332.117
215.417
-688.791
511.037
96.24
-36.9
-799.423
269.451
85.9286
-1005.19
136.509
-550.449
-750.514
340.851
-115.371
-463.671
366.189
-432.36
-370.191
325.054
-239.52
-234.866
-301.526
-277.706
-416.983
512.169
286.003
56.5543
-402.129
564.969
-758.554
-215.974
245.923
-392.606
153.574
-19.1829
-121.603
-64.3286
-409.329
-461.957
-249.986
-429.574
-598.706
265.851
23.5371
-664.851
226.534
-796.243
-522.909
-262.603
-440.863
963.557
-667.32
-344.434
-629.769
-61.2343
-36.2057
-134.46
127.106
-497.863
235.269
-469.294
-81.8057
-648.557
-947.571
-160.02
-54.7286
-400.577
-439.466
39.6257
173.049
-3.96
-394.654
85.62
251.177
253.509
-156.96
320.469
66.2829
-277.149
-49.8514
243.189
-737.554
-542.537
-650.023
-227.631
-275.589
549.591
458.631
425.357
-861.754
-866.331
-889.251
266.211
-128.863
-34.32
-569.606
933.077
71.2029
5.13429
-228.9
405.326
-1010.08
-829.389
355.114
-216.463
-352.826
-498.574
-352.303
159.549
374.306
-201.789
-496.346
50.6914
-713.434
-818.64
233.657
-378.034
271.689
-905.254
114.969
69.6343
-322.654
-795.291
372.626
-92.8457
-487.954
-613.68
470.923
456.369
-704.52
-94.2086
-32.8286
-416.049
-494.683
-573.626
-724.56
-1011.47
201.634
488.631
344.606
-84.7029
376.131
-381
-573.994
225.814
438.831
-28.2086
-548.263
-26.0143
503.014
-203.691
-541.731
397.56
52.3286
-691.543
-100.02
-77.1771
-283.329
-52.5514
-510.557
203.554
88.3971
-36.36
-448.354
133.389
-53.6571
-128.64
-61.5857
-50.7771
223.586
198.094
426.043
-316.277
764.537
-113.4
36.2229
-264.394
-242.254
-232.003
-133.354
-268.757
903.54
-340.294
57.1629
377.957
-218.349
150.909
-5.87143
-587.717
-134.563
-43.98
-950.203
-76.6629
-176.417
-750.009
594.446
-589.183
490.517
-3.13714
