-143.874
-144.64
-145.429
144.834
144.777
-78.6629
144.537
-40.32
29.6343
-145.623
144.537
143.874
-144.823
-29.0629
-145.257
-144.903
-144.823
145.897
144.606
-18.08
-144.263
99.6229
-144.331
2.59429
144.16
129.234
-137.669
-43.4743
38.2857
143.406
45.5429
-145.326
-142.88
114.229
7.71429
-133.737
-123.806
-18.5257
-5.29143
-145.109
145.029
145.634
-145.737
-137.794
1.28
-145.497
-145.383
144.96
145.303
105.063
-138.914
-144.766
-144.411
144.491
-52.5029
-143.646
144.171
17.6914
-0.868571
-144.674
-19.4057
144.937
145.36
143.417
144.48
-61.2457
144.766
-145.314
-46.1486
-145.246
143.909
-144.709
143.383
145.394
131.589
-126.891
11.8171
-141.12
141.68
145.291
-130.4
11.4743
144.937
-145.074
-143.257
144.926
-144.903
143.989
-144.514
-120.914
-0.811429
16.6057
144.091
-124.811
71.28
-144.983
145.406
-145.063
121.2
-95.9429
145.463
-8.86857
-27.8514
8.05714
-144.96
145.303
22.5143
-25.7943
23.5314
-35.4171
-144.663
-145.909
145.486
13.3943
-144.88
-32.3314
-122.571
144.56
144.606
144.24
-145.749
145.097
-144.811
-131.829
58.1943
-33.6686
-145.497
-144.777
-41.5314
145.211
144.96
-138.88
-143.417
-142.994
-36.56
143.474
-144.491
33.6343
37.5086
21.1886
-28.8343
-138.583
144.674
145.497
144.937
0.0114286
-22.8343
144.64
-10.2514
9.81714
18.4114
145.543
8.08
42.3543
144.606
-45.0514
18.7429
-145.429
-145.029
-144.571
143.726
-145.177
-144.891
-143.977
53.7943
10.3657
145.074
145.166
-145.531
-12.8686
-145.909
59.7371
143.806
144.766
145.189
84.4571
35.3257
145.063
-30.4343
-145.863
145.166
129.851
-130.8
-144.789
-106.046
-4.52571
145.451
-144.926
-14.6057
-53.1771
-133.474
145.234
-144.914
-145.406
38.0914
-144.034
-0.285714
145.851
-144.686
145.406
12.4457
65.5429
145.509
-144.709
145.28
-144.96
144.869
-28.3771
144.526
-144.994
-145.017
-145.589
143.52
145.006
-143.371
145.394
38.6629
-144.229
-144.046
145.543
144.469
-19.44
145.463
145.189
-144.457
50.3886
143.463
55.5314
-52.1143
145.303
145.143
-27.6343
-144.343
145.131
145.314
-22.0914
-109.977
-145.714
144.88
-13.3943
-144.914
11.9886
136.023
-144.766
-145.234
-72.7886
-145.303
-28.1714
143.874
-145.36
-145.2
-18.8686
-144.96
-145.497
144.389
-7.73714
-117.383
4.60571
-144.629
12.8114
-146.103
-143.84
142.96
145.634
-144.937
-135.509
143.897
-55.4514
-144.88
145.12
-16.8914
-145.154
-43.0629
-143.429
-145.52
145.143
-21.6571
140.137
4.35429
40.0571
113.234
-144.64
144.571
145.303
40.6286
144.571
-90.32
-145.12
-144.549
-144.754
-144.411
-144.903
-144.469
146.057
144.834
145.006
51.7029
145.166
-145.143
-144.423
-140.674
-143.577
10.4114
144.194
-133.6
101.749
21.6457
-144.309
145.726
-38.3314
145.2
144.629
-144.914
-144.514
-129.257
-126.96
-146.011
144.834
-143.371
-145.486
145.383
-145.303
143.383
145.486
53.6571
-145.897
-144.457
2.28571
-144.663
29.2457
145.269
145.771
144.697
-36.3886
-41.36
145.943
-9.64571
-145.086
-5.85143
-145.211
144.389
-22.8686
50.8114
-145.017
112
46.8114
144.846
126.4
142.4
-125.063
-143.611
-144.4
144.011
-130.514
-145.154
-145.371
-142.629
4.91429
52.7314
-22
-144.743
-23.1543
-118.789
-145.017
5.49714
-22.0457
144.789
-144.526
-51.52
-145.691
-145.406
145.109
145.509
144.777
-2.05714
6.44571
145.2
-145.211
16.5943
-145.154
-145.703
140.503
47.5771
-145.303
41.36
-143.669
145.486
-17.6
102.263
-8.84571
9.40571
144.754
-104.926
143.886
145.086
143.474
144
144.811
142.377
-145.006
-24.0229
-145.303
-90.2743
-144.983
7.26857
-143.223
-36.7543
144.617
-144.651
-144.8
-121.074
49.5771
121.291
-144.354
144.926
40.8457
144.469
-145.371
-48.3543
13.1771
-24.7543
145.84
145.383
-145.154
-144.514
68.0457
-145.349
-143.726
24.9143
-145.909
-18.7657
-145.109
-138.583
-145.44
-145.451
145.28
-144.549
-0.834286
-143.76
145.154
-145.383
145.623
143.897
27.84
-145.074
119.074
24.4
144.903
-145.463
144.926
144.651
144.537
-144.891
144.171
-65.52
144.514
-145.017
144.8
42.08
142.697
-144.697
-20.4
-144.503
-145.691
-145.109
129.611
128.4
-144.903
39.6
-144.434
144.983
-144.674
139.669
-63.1657
13.6686
-61.3029
-145.246
-139.634
145.211
-145.429
-130.514
145.086
22.24
-145.086
144.606
144.891
21.4629
-33.0286
-20.8686
143.646
145.006
-145.074
-46.2743
50.3771
-145.543
-0.0457143
-57.4514
142.446
91.9429
-2.26286
-145.314
144.32
-145.429
-145.691
-80.9943
145.669
-144.72
-145.177
145.12
-35.3029
-144.983
12.5486
-145.371
-145.646
8.50286
-23.1657
-143.886
145.623
106.846
24.0914
-145.623
-37.8514
56.0686
27.7943
145.177
11.5314
143.851
143.726
144.583
49.9657
131.669
-145.394
-145.029
-144.594
112.709
-144.811
144.651
26.6057
22.2286
-144.297
143.909
144.777
145.36
-37.1657
-144.423
144.274
20.5371
32.4457
-132.491
-22.0114
1.56571
-145.36
26.6743
-145.143
-19.2229
-144.514
142.16
145.486
145.154
24.1371
111.646
145.246
144.583
144.377
-12.1371
-67.5886
145.44
144.617
145.28
144.126
-67.5429
145.417
145.44
32.1486
44.2057
-8.85714
-146.091
144.343
145.349
144.64
8.59429
35.7143
118.069
143.326
-145.234
-121.394
-143.954
-129.806
45.44
-145.92
145.303
144.777
133.131
145.749
15.0057
145.703
5.05143
87.9086
-144.069
140.846
-16.0343
-21.7371
-143.771
145.303
144.606
38.5486
13.0629
-144.766
-144.046
144.389
-145.314
-63.0057
-137.44
-144.834
-145.04
144.526
145.554
144.937
143.954
-28.4114
-11.9429
-144.743
144.789
145.326
144.777
-144.491
-145.84
142.914
-145.383
-144.674
144.011
0.731429
-144.811
-13.1771
125.589
-20.6514
145.154
144.926
-144.343
144.571
-125.543
145.051
44.4229
143.337
-144.206
-144.4
107.509
-144.8
-145.246
-145.017
-144.96
-16.32
145.017
-144.514
145.371
136.08
5.72571
-144.663
145.429
145.634
-144.994
-144.446
-144.491
-144.64
2.20571
20.0686
-10.32
144.571
-39.5429
-128.697
2.62857
-145.669
134.571
-144.72
-144.811
145.177
-144.069
-38.9943
144.914
-144.731
-144.846
137.737
-144.309
-26.8229
10.2057
144.4
-145.429
-134.914
-31.84
-145.726
-23.3257
-1.26857
144.994
-128.64
57.4171
-145.52
-145.017
-15.3029
58.3543
-122.171
144.651
-145.131
143.989
-120.206
-10.64
145.771
-135.874
-144.571
145.566
144.754
144.183
-144.606
-27.9429
32.64
124.446
123.006
144.606
-30.6629
144.937
33.5429
-144.846
144.514
-145.109
-8.96
144.229
145.737
-142.08
129.006
145.646
-144.949
-144.023
144.777
-145.131
-145.851
-131.383
145.017
-145.109
-138.823
131.394
145.12
-145.097
-145.486
-145.189
-143.566
-135.269
-144.949
145.154
54.1714
-29.5429
-16.4
145.44
-144.32
-10.1714
144.743
0.891429
-0.262857
-142.903
-144.309
-51.0743
-144.971
25.84
-10.4914
-6.64
-144.846
-145.52
3.90857
-41.3486
144.377
-37.0971
-145.771
144.343
144.937
-44.2286
-6.54857
144.571
-45.9657
144.537
-145.463
-42.6971
-144.354
144.994
-145.154
-145.429
145.44
-145.657
45.1086
-23.6114
-144.411
38.2171
144.411
145.12
17.7943
-144.663
145.417
143.783
-20.7886
-145.269
118.434
9.47429
-145.509
4.97143
-105.211
144.674
-145.291
73.5657
-55.28
-144.857
-144.983
112.069
145.257
-23.2
-37.9429
142.697
145.634
-145.234
-144.503
-55.8743
144.274
-145.794
143.737
144.663
-18.5257
-145.943
-145.166
143.806
-145.6
-15.1314
-109.303
144.286
-146.011
-144.297
-144.343
-145.063
-132.571
-145.04
6.48
33.2229
-12.6743
5.94286
144.331
144.48
144.709
-144.789
145.097
145.497
-145.509
-24.24
-144.617
-30.1486
-134.503
145.737
109.611
-144.56
144.743
-13.52
145.943
-143.909
28.7657
144.571
-143.463
-80.3657
-117.314
-2.68571
-114.583
6.30857
-114.766
-143.131
144.526
141.531
3.02857
-144.674
144.526
-144.983
-145.051
144.663
-144.96
145.074
-145.6
-145.474
10.6629
-144.96
145.006
1.00571
-143.669
-146.034
-28.2629
-145.68
145.314
145.28
17.92
-16.7086
-144.514
-145.897
-145.383
-144.629
110.411
145.6
136.731
144.263
145.189
144.549
-52.5143
-145.337
-45.2571
143.611
144.114
-64.0343
-8.06857
-144.457
145.406
67.1429
146.023
-144.651
144.674
-144.8
36.08
-144.331
37.12
144.56
144.606
30.0686
-0.594286
-9.26857
-144.549
145.154
144.857
-145.2
118.731
-144.731
144.069
-15.9657
-145.04
-110.331
-145.474
-144.789
145.817
-2.54857
-68.6857
-54.88
-144.617
12.3543
144.903
23.8971
-144.926
-145.84
-33.44
-142.846
130.011
-144.617
40
35.3257
-10
143.669
145.406
-38.0457
125.257
-145.211
143.76
5.41714
-25.84
-144.171
144.651
-110.983
143.829
145.234
56.5486
-144.766
-144.263
34.6857
-144.72
-140.103
13.4629
144.274
144.503
-144.469
-145.006
-144.389
-112.491
-144.994
116.8
-28.7314
-106.777
145.246
-144.206
3.2
-145.68
144.971
-67.2114
101.131
-144.594
-73.4057
-133.2
-5.34857
-145.246
144.64
145.577
145.314
-146.023
-133.589
145.451
-145.109
-145.36
145.794
-144.229
144.777
145.154
145.371
-145.44
-24.1143
144.777
-145.166
59.8971
23.0057
-144.183
135.246
86.7429
143.783
-122.983
-144.469
-144.983
-6.88
4.19429
-11.2114
142.526
-144.526
94.6629
100.731
-144.983
-29.6229
145.497
3.49714
-53.5543
131.977
-44.9943
17.8171
61.1543
-15.0057
101.189
46
-145.063
144.457
-20.8114
-58.4914
108.491
-145.234
-137.406
-143.977
-144.423
-145.143
-144.72
144.743
-145.406
-106.926
144.274
144.994
52.2857
145.074
-14.6171
145.566
-18.6629
21.9429
144.251
-32.8229
2.51429
-13.8171
144.366
20.2971
145.086
-145.794
-145.269
1.09714
144.594
-21.1657
144.103
-145.349
14.5371
1.70286
-144.686
-144.789
143.006
8.43429
92.9714
35.1886
-144.72
-20.1714
-143.863
-136.046
33.0286
-34.7429
61.0743
21.4971
-145.394
-28.2629
144.114
144.789
-144.743
-144.869
-144.983
144.606
-145.543
-145.897
144.674
119.954
144.583
0.102857
-143.897
-145.646
143.726
-96.7657
43.7143
100.24
-144.48
24.0229
-145.886
145.497
-6.10286
-144.651
143.943
144.32
-145.966
-9.01714
36.2857
-5.93143
143.726
-144.994
-137.954
-145.657
145.097
10.9143
-144.64
145.509
65.0629
143.806
145.12
-144.331
-144.377
12.7771
30.32
-144.994
122.274
-144.846
-13.8629
-144.88
-145.531
-144.046
123.383
23.1771
-145.257
-39.5657
144.617
-132.331
49.1886
-145.429
8.53714
145.349
-144.057
144.789
-18.6171
49.9657
-123.646
23.4286
144.217
50.1143
28.2171
111.509
144.514
144.32
-143.634
-145.554
37.36
-31.5429
144.766
-121.017
-130.057
39.28
-144.023
-139.68
37.1314
-145.611
-105.166
-144.171
8.90286
144.651
-144.709
-144.446
129.943
-145.303
-145.051
4.85714
-69.8286
145.211
8.03429
39.1771
-145.349
-145.291
-145.749
-123.086
145.131
-145.486
-62.3886
-144.229
146.091
-12.1486
-145.063
144.206
-43.52
-16.6057
-101.383
-144.331
144.663
-144.846
-144.96
-145.417
144.971
119.874
10.0343
-71.3257
-117.063
-144.709
-143.92
-144.229
-144.8
44.9829
-0.274286
-67.2
-144.343
-144.834
145.486
143.6
144.297
135.829
40.1371
54.7657
-144.48
144.423
-145.326
-38.2057
-145.669
144.926
145.211
-131.44
21.7257
143.783
-145.131
-142.469
-145.6
-145.931
-145.669
-40.96
-144.48
145.714
-29.9086
-0.994286
-116.194
-30.8571
-145.383
23.44
29.1086
-134.469
144.949
-133.394
15.92
144.331
61.0971
-144.171
-7.00571
-145.371
24.9143
145.2
-145.131
143.909
47.4057
145.131
144.88
-144.834
143.086
121.817
-145.326
10.4457
-144.96
-144.766
-67.12
143.223
4.59429
144.331
-143.646
-12.6629
-66.48
-145.531
-145.394
-145.669
144.034
-12.88
-131.44
144.491
123.577
145.463
-145.154
134.789
75.2457
145.006
145.143
143.84
143.394
-143.829
-34.9714
144.686
-25.8514
143.863
-11.0171
145.051
-143.474
-145.577
-145.394
145.017
144.674
144.891
144.503
-17.5543
4.60571
123.269
56.8114
116.549
144.629
136.366
144.88
143.931
144.08
-144.423
-117.417
144.743
-110.263
-9.80571
-144.171
-119.2
32.0686
-121.383
145.291
-144.286
144.8
37.3829
-32.88
-145.04
0.982857
-144.663
20.1486
-32.3429
144.56
-20.5257
6.32
145.771
96.88
-130.263
144.457
97.1314
104.183
-142.537
-145.211
-145.12
-144.32
-145.177
144.606
-144.834
-145.394
-144.766
144.491
-141.611
145.737
-145.234
-145.246
17.9314
-15.9657
-145.691
-42.2514
-145.703
108.194
144.869
15.6229
144.64
-145.76
52.1257
48.4457
-145.063
65.1886
46.3657
-37.2914
-144.571
-145.52
-128.869
-143.874
130.88
96.1714
-135.131
18.5486
-144.514
145.989
-28.9143
-27.5086
-144.446
103.051
-37.68
135.68
-146.286
145.829
-125.44
-4.43429
-19.4629
145.2
-105.303
-114.171
49.1314
-136.903
143.851
-92.3657
145.086
-145.6
-146.08
-38.5371
-144.526
144.183
-144.503
127.749
-144.457
144.057
144.503
144.331
-0.365714
144.697
-145.189
-144.4
144.503
-126.72
-145.246
23.04
-54.8571
-55.2229
145.406
-145.417
145.12
144.126
145.371
-144.72
145.223
144.674
-26.2286
-145.04
10.4914
42.4343
-145.291
-144.834
-145.051
144.137
-145.429
144.949
144.949
22.1257
144.709
143.143
144.011
144.88
-12.1143
6.18286
144.583
24.3086
-29.3714
73.0971
-144.64
-11.1543
144.994
144.743
11.3371
52.9829
144.046
145.246
-143.28
-145.291
145.063
-10.6971
-144.686
6.59429
30.5143
-3.42857
-31.6114
-145.269
-30.5143
144.789
-144.617
-4.49143
27.44
10.2629
-129.806
145.52
71.2686
-144.731
-145.691
1.74857
-142.503
60.16
145.577
-25.2686
-144.869
50.8457
144.64
144.869
144.537
-144.4
-144.994
145.166
144.583
-16.32
-144.846
0.948571
-144.594
144.091
-144.891
-144.88
-20.0457
145.234
-144.823
-115.337
144.754
31.6114
-145.109
1.14286
-144.697
144.914
-84.32
-145.28
9.37143
-145.6
-144.937
-62.24
0.525714
-145.371
-145.017
-145.291
143.737
-56.4686
-145.154
144.891
-140.674
144.537
145.006
-145.611
-24.1257
-145.074
-59.3029
35.1771
8.66286
-79.0629
-36.96
3.24571
-145.714
-144.411
-144.069
-145.177
-145.451
-144.937
145.817
-7.76
143.303
-145.303
-145.2
-144.263
144.64
-143.851
-139.657
-145.44
-145.531
145.417
144.64
144.697
21.4514
143.669
144.183
-145.291
145.989
45.3486
145.783
144.114
21.6229
111.166
-119.989
-5.18857
18.9943
45.3257
0.217143
-145.383
29.6
-109.337
42.1029
12.3314
143.303
144.137
144.149
-143.783
143.509
-144.48
138.743
-127.303
-144.537
-135.04
144.949
-144.217
144.377
145.383
-13.9314
144.869
-145.074
-34.2514
-143.349
59.9886
16.88
49.2914
-27.8514
133.909
-145.543
-111.566
13.5429
-145.429
144.789
-144.491
144.709
-144.823
23.0171
142.731
145.246
145.303
144.503
145.131
-6.27429
-50.3543
-145.577
143.851
-72.5714
-145.154
27.0743
-145.657
146.034
-144.64
-21.4514
144.434
-144.731
-144.583
145.2
-14.1257
143.474
144.606
144.686
-2.36571
144.96
-143.074
144.8
-32.5371
98.1829
-144.811
-144.229
6.59429
6.03429
-18.8457
15.5771
144.286
20.6629
145.006
-17.28
-8.04571
-11.1543
-145.371
-145.063
24.64
145.131
145.143
-145.017
-143.771
-145.543
-20.2286
-23.6229
-143.726
12.24
-121.794
145.28
143.406
-35.6343
-145.6
-145.291
-144.126
58.6514
119.417
103.097
16.7314
-145.646
-23.7486
-5.94286
143.954
-131.109
144.343
-145.44
143.611
-144.4
0.171429
144.674
-2.72
-145.291
144.16
-144.56
49.4057
-145.429
-145.04
-40.1371
12.6629
-1.57714
133.646
119.131
145.177
55.8171
-145.646
97.0743
145.006
0.468571
-6.78857
-20.2629
-71.0057
-59.04
54.32
-145.554
-144.446
46.16
-143.497
-125.2
-139.611
-58.96
-144.663
-145.2
-144.549
-143.966
143.451
-15.7143
-50.2286
144.663
-144.32
-130.709
-143.634
-31.36
-144.126
110.857
-143.84
7.06286
-144.583
-145.611
-137.36
-34.2057
143.943
-57.8629
-134.594
145.497
5.97714
144.206
-30.3886
-28.1371
-144.594
-143.989
144.469
145.36
-12.9029
-37.4286
143.989
53.44
144.64
-32.1257
-144.343
-139.223
144.651
-144.651
-40.2171
143.36
-1.73714
-144.046
-145.84
144.491
-145.314
143.177
-21.0971
145.223
-118.446
145.371
-144.331
-29.2
-145.429
-145.223
-144.754
-144.754
-144.64
145.337
141.92
141.623
144.274
145.063
144.4
-79.3829
47.8971
-144.709
-145.04
144.891
-145.749
87.44
-144.743
-144.983
143.543
-145.349
-140.811
145.109
-144.857
-145.577
-144.411
-146.114
116.4
-144.149
-145.223
144.274
-145.086
145.246
-145.349
-143.794
-145.509
-143.291
-16.9029
-109.017
-145.28
144.697
-9.31429
-145.2
34.2514
-145.04
145.109
-2.37714
29.2914
41.1086
124.389
30.7543
145.246
-18.5257
-47.5543
-139.589
38.5829
51.0743
-144.926
37.3829
7.80571
37.9429
-145.486
145.12
14.6743
-13.6457
-2.77714
143.406
-143.714
144.194
-30.0457
136.354
12.0914
145.657
144.366
144.686
19.2571
23.2571
35.3829
-145.234
-144.651
-145.143
145.303
-145.726
143.954
143.211
29.2686
145.063
144.366
37.3029
-144.503
-16.1257
145.451
31.7257
-145.406
44.1371
143.486
-133.909
144.091
8.13714
144.606
-41.5771
-25.6
-12.5714
-145.394
7.26857
-144.709
-145.291
-66.2171
143.943
57.4171
145.543
134.126
-38.88
-21.0743
-145.086
-144.857
144.857
145.417
106.034
144.937
-31.8743
25.5886
62.1486
144.823
-143.909
-51.6914
-143.76
134.606
14.0114
59.1657
145.211
-17.76
144.217
145.566
-111.04
-144.949
144.594
144.72
129.143
141.886
38.9371
138.423
-18.24
144.834
-54.1371
136.891
-1.16571
-88.3086
-9.02857
145.097
-145.246
144.069
24.4571
143.006
-144.72
23.2571
26.8229
-133.383
143.417
4.61714
-145.109
145.291
144.354
-137.166
-30.6286
-144.331
-145.086
-143.931
145.383
26.9029
-131.051
-144.697
-145.063
18.9257
145.76
23.0629
-21.9771
-134.24
144.389
-144.629
144.617
-144.766
46.7771
-19.1657
5.53143
144.697
145.36
-19.68
-143.954
144.171
1.15429
-132.263
144.366
-45.4514
-143.474
-144.034
-4.8
-144.674
128.823
145.714
-145.063
143.863
57.9657
-144.994
-144.389
98.9371
-29.0057
-144.983
-144.343
-74.48
-145.451
-145.474
143.931
-8.10286
-144.309
-144.16
-133.326
144.537
-144.103
118.32
18.6057
144.903
27.3943
145.109
144.434
-144.48
144.823
143.566
37.6571
109.737
143.006
144.069
145.12
145.28
-145.634
-143.097
-145.691
-142.469
-17.5657
144.88
4.52571
145.166
-145.566
144.766
22.1029
-14.4343
-8.16
145.257
119.177
-145.68
-145.783
145.28
145.337
145.531
-72.8343
-142.926
144.343
-135.863
20.1486
144.491
145.474
-13.76
144.08
0.48
144.194
-145.109
-144.629
-143.989
145.04
144.994
144.891
-33.1543
144.309
145.623
-16.2171
-137.497
-144.56
-144.789
145.006
84.3429
-145.417
144.263
-136.949
144.183
144.834
-145.029
144.251
18.6171
144.251
20.8229
-14
-140.446
-142.834
20.4114
-118.617
-27.9771
145.44
-145.714
-144.811
-5.00571
-25.6
28.0914
-144.697
-144.994
-35.6343
144.777
-145.486
103.931
37.6686
34.5257
-57.6229
-33.8743
144.4
-144.754
144.571
-22.8343
-144.869
-98.6286
144.149
-140.446
-144.583
-8.94857
-145.589
-144.926
-145.051
69.7714
-138.343
-144.766
-14.6171
-145.051
-145.771
144.949
-20.0686
-143.463
-16.1714
-36.5257
51.3486
-50.6971
-144.48
-140.891
54.1714
4.86857
144.811
137.177
144.731
144.72
-145.634
-142.251
-144.571
-11.12
-145.52
-144.526
-144.731
-144.697
-81.4857
5.57714
145.246
145.394
-19.5314
-145.143
143.623
-11.0171
144.834
-145.326
-145.303
-144.937
-144.549
-144.423
144.48
145.143
142.046
46.6286
144.834
145.783
-145.131
144.823
43.6457
-144.469
-2.97143
-14.5143
143.509
10.3429
145.257
145.051
70.1371
144.377
55.7714
-116.594
-144.834
145.234
145.497
-144.686
-15.4857
-12.9714
-4.21714
145.223
-144.126
144.377
-146.069
-2.86857
145.737
-6.41143
49.8743
-4.03429
-144.503
144.114
-144.491
116.869
-144.937
-144.8
-144.857
22.0114
144.926
-13.0286
80.9943
144.88
-144.446
-24.4114
-145.246
15.9086
-58.0457
12.3657
-145.326
43.9657
144.377
125.509
144.354
-145.429
144.994
145.349
129.806
144.137
23.4629
145.394
-145.086
145.794
21.3371
144.354
145.634
-41.2
-145.257
105.246
-144.366
-43.4286
-46.8914
139.874
-144.686
-34.5714
-145.394
-145.189
-0.354286
-74.3429
0.388571
-130.251
-145.623
-144.274
145.851
96.1943
126.789
-145.451
-144.011
145.349
43.8057
-145.097
-145.246
-143.966
-145.166
-19.8971
-145.303
-145.223
-9.68
-124.686
144.777
145.326
-145.04
41.3943
122.983
144.274
8.44571
-10.0229
34.8229
-144.286
145.817
145.314
-14.6514
1.34857
144.88
145.143
144.914
145.52
-1.32571
-144.903
-30.5829
-67.4743
9.90857
46.7086
25.0286
-145.886
-144.389
-0.0342857
4.70857
-144.754
-64.2857
90.5943
-145.429
138.937
-130.971
-145.509
145.486
115.989
-145.383
-144.869
-130.366
-144.663
-144.731
145.371
38.6514
144.697
-145.589
144.983
144.183
-143.691
15.36
35.8286
143.611
139.76
-17.2457
-145.383
-113.84
-145.291
-145.154
-144.446
144.56
-144.903
-144.171
-144.606
-62.7657
13.5086
-143.589
144.034
-144.64
-144.937
-144.194
-57.6343
145.269
-145.086
54.6743
-144.96
143.989
144.331
145.634
8.53714
-49.7486
-144.491
26.7543
13.1771
-145.749
-1.22286
144.114
-137.863
-30.9943
144.537
144.811
39.0971
-143.611
41.2343
-145.029
143.794
30.32
144.811
-144.434
-13.36
-5.85143
-144.72
14.4229
-145.177
142.137
101.851
-145.783
-32.6743
-144.4
-145.211
145.566
-145.737
-145.029
-60.4914
-47.4971
42.2514
4.12571
-34.4343
-145.44
145.143
5.53143
-145.166
-144.994
-34.64
145.714
101.817
-131.863
145.566
145.463
-3.57714
-145.554
-145.269
-130.926
61.36
-145.291
145.36
99.1543
-8.8
-137.006
-128.091
-143.977
-143.783
145.246
-23.7829
1.31429
143.349
-24.1829
-145.737
68.5829
143.749
-145.166
139.6
-140.08
-145.451
79.2343
-145.257
-130.846
-144.823
-4.46857
111.954
-7.96571
-16.2057
-16.16
-144.606
145.097
55.4629
-127.177
-145.417
-145.189
-145.497
-145.703
144.549
129.966
-144.72
144.96
144.606
145.166
145.051
145.177
144.171
-101.657
144.4
-145.326
142.743
-144.834
145.771
-143.989
144.183
70.5371
-2.41143
121.703
143.097
145.223
-93.2343
-144.297
26.8
-27.6571
-38.08
145.451
17.2686
145.509
43.8743
-40.2057
-144.114
-40.9829
-145.486
84.7429
144.686
19.4857
-144.354
10.5257
-144.194
141.737
9.48571
-143.509
-145.806
144.423
145.029
-145.2
-145.714
145.623
145.52
-8.44571
15.0514
23.52
-38.7657
29.8857
144.914
-73.8171
-144.171
144.914
-54.1829
144.834
-4.32
145.074
-144.926
144.72
144.891
144.023
145.577
-27.04
143.246
-145.486
-145.554
144.343
-145.406
-144.846
145.131
-143.6
145.143
128.971
144.297
-145.543
145.189
-144.103
143.943
144.606
145.634
1.49714
-145.314
-145.006
1.73714
145.291
-145.531
144.697
21.3829
145.463
-15.0171
-144.983
45.36
145.326
-80
-16.08
-98.5371
-145.006
-144.331
144.731
-144.743
-143.051
49.3486
144.126
144.137
144.629
145.463
123.543
-51.0971
143.6
-144.891
-144.891
-145.189
144.411
144.091
-137.52
-143.817
25.4171
-46.0114
-145.12
-14.2971
-0.274286
-113.577
144.206
145.097
13.28
145.589
-145.463
-54.4229
127.234
39.84
144.983
144.331
144.297
143.897
-7.73714
-145.771
-143.897
-27.0514
-143.451
145.257
144.754
-142.491
145.189
143.726
60.4914
7.73714
132.789
-143.474
-9.40571
144.857
-145.189
-126.674
12.1371
-144.88
-145.417
143.931
-144.286
124.72
-17.5886
-145.417
-145.646
143.634
-10.8686
-58.7314
-41.1314
145.394
50.3771
-145.029
144.96
22.1829
-144.411
145.474
-145.577
-33.8171
-38.9943
62.4229
-1.24571
144.754
144.24
144.789
-144.766
144.354
-145.36
-145.109
144.857
144.011
144.96
145.829
145.92
-142.503
145.634
145.52
-145.234
-144.343
-144.149
144.811
-145.291
-143.931
117.531
22.4343
145.326
-144.069
-144.686
145.109
144.617
47.9771
4.04571
126.423
10.2857
-14.3314
-145.017
-145.257
-6.06857
143.783
2.74286
-4.84571
145.143
-35.6343
-144.16
145.371
-27.2114
145.166
17.8286
-144.834
-102.96
69.8629
145.211
-86.2171
-50.6857
-144.206
-144.994
-145.429
-144.823
145.474
-137.634
143.074
-145.109
144.743
-120.983
145.406
-123.863
-76.5829
145.474
51.4514
114.411
-144.503
121.12
-144.583
-144.663
-12.7886
-143.966
144.457
-146.114
144.697
-145.817
144.926
-145.257
-30.9143
-2.61714
135.12
140.354
129.349
145.154
-17.9657
-145.074
-144.309
145.177
-145.291
145.371
144.549
-51.5429
145.326
51.9657
-145.154
40.8
-129.371
-7.05143
-140.72
-20.72
-60.1486
-144.457
20.4229
134.434
-145.703
145.429
-145.097
7.31429
144.263
-53.8857
145.246
143.931
62.8343
-145.623
-23.9657
27.8057
144.571
-143.863
-117.463
145.04
145.04
144.389
145.543
-143.634
-144.891
144.103
-144.48
145.44
-26.2629
-145.806
144.846
-46.3314
-17.1086
-145.017
104.971
26.2857
-40.1943
-40.3314
14.32
145.131
-145.006
-140.08
-145.154
-14.7086
-145.84
-143.886
144.743
-145.68
-70.0571
124.023
-145.337
145.474
144.423
145.269
-135.36
2.51429
-145.463
144.137
-145.669
-145.017
144.469
-145.269
-54.56
-52.24
145.451
143.851
-145.28
144.526
-141.509
-16.9829
74.4229
41.7829
-144.423
145.52
144.32
-33.8629
-143.737
144.949
143.223
127.28
-144.709
-43.2343
145.166
-145.074
-65.3829
144.514
12.3543
-145.097
-42.9029
-135.2
-145.154
1.46286
143.874
-144.011
-144.343
-145.303
143.611
137.954
84.8114
144.811
9.69143
43.52
-18.5029
-143.703
139.954
-125.109
-144.731
144.56
-144.994
9.53143
-78.56
-39.0971
-145.44
144.731
138.251
-142.914
-121.886
-144.937
-144.434
36.3086
-3.17714
-145.817
144.789
-66.8571
144.651
145.326
-145.383
11.9657
145.154
143.68
-144.457
-42.6286
144.4
-144.08
145.131
23.8971
-1.39429
113.166
53.12
-18.9143
143.863
112.891
86.4457
-145.063
-138.377
-42.7429
-19.6343
-145.086
2.82286
-143.851
10.3086
145.223
-56.1943
36.0571
144.754
144.766
-121.509
145.349
-38.7429
-145.097
-128.617
-145.977
99.8743
145.074
144.606
145.086
144.263
27.2457
145.143
144.514
137.303
144.834
-144.686
-144.503
-145.291
-144.766
145.006
66.4914
-144.263
144.126
145.291
-38.4114
144.503
-145.269
-145.44
-144.971
144.48
-145.486
-75.3943
145.063
-145.143
142.549
54.2514
-144.217
144.971
-144.057
144.72
-144.937
144.526
-135.76
143.771
-145.017
-145.623
21.7257
-58.6286
-144.937
-145.371
-145.657
11.3143
-145.12
-99.8629
135.531
-144.034
-144.777
145.074
-11.5543
-145.017
-16.9257
144.343
-145.371
-145.406
-20.3771
-145.829
-143.84
-36.1714
2.51429
22.1029
144.651
144.206
-132.926
-145.371
-145.714
-145.257
144.937
-144.08
-35.6571
-144.674
-15.5429
-145.097
-130.926
-28.5257
145.851
142.4
145.36
143.714
145.417
57.1314
-144.983
143.829
144.8
-13.2914
-20.56
144.823
-145.109
143.269
144.674
34.9486
7.92
139.12
20.5371
145.68
-145.074
144.331
-145.04
-145.086
-143.794
-145.531
-144.571
-13.9886
146.023
145.223
-28.7543
-144.846
-4.32
145.429
143.874
-12.7771
-143.806
-145.749
-144.789
-145.497
-144.274
32.9029
-144.526
-15.0629
-145.131
145.349
-112.149
143.36
-7.65714
143.817
-145.486
39.4629
-111.714
6.70857
-51.3371
139.84
-145.383
144.869
-20.48
-145.28
-134.56
144.286
145.2
-51.76
144.743
144.32
125.68
-46.2514
142.789
-146.091
145.611
88.8114
-144.754
-1.07429
-106.983
-144.903
145.097
143.931
9.62286
131.154
15.6
145.029
-17.8514
17.2343
-145.6
-144.331
145.611
-145.051
-144.32
-139.131
-143.68
49.6
-27.0286
144.743
-145.143
-30.8571
33.2914
-145.371
-144.823
-143.783
-55.2343
130.354
-142.926
140.926
145.783
-55.5314
-45.4971
144.354
-145.52
-144.8
144.994
18.7771
-136.583
144.914
144.537
-145.611
-12.0686
144.457
-89.3371
-145.12
145.394
144.697
129.474
-29.2229
63.1086
-145.086
-130.971
105.12
145.154
15.6343
144.297
145.154
96.7657
50.6743
144.526
12.5943
145.211
-143.977
-145.817
-27.76
145.04
12.7086
-145.314
-144.994
-123.291
145.566
-50.7886
27.9314
-145.2
144.274
-145.886
-144.48
-84.9371
133.829
-38.08
-34.7886
29.9429
-145.051
-126.823
29.3029
144.366
-144.743
-45.8629
-22.6971
-33.5086
8.59429
54.1714
-145.177
-145.006
-7.64571
143.886
-145.006
144.583
145.269
-99.9657
2.04571
-135.851
-1.07429
144.857
-34.8686
-144.709
-144.514
-12.56
144.046
145.383
-144.731
-144.297
-143.783
145.074
-27.3143
45.52
-144.377
8.68571
-145.337
4.57143
-143.131
11.5314
-143.977
52.1257
62.8571
-144.834
-21.2343
144.32
-144.663
21.36
39.1429
12.32
145.383
142.309
3.61143
144.949
-48.7543
35.2229
-145.36
-145.029
145.029
-145.211
-8.16
-24.4114
-145.257
-1.79429
-144.571
-143.623
-16.6514
142.08
144.526
-133.086
143.04
-145.303
3.84
-93.2457
144.811
-23.5314
-144.24
-145.337
144.594
4.03429
14.6629
-79.4971
-145.017
-145.417
-138.491
-8.03429
-144.32
-11.2229
-24.4914
-145.166
-19.6343
-145.314
144.149
132.857
-144.823
47.3371
143.977
143.211
-144.709
144.789
-32.2514
144.777
-4.05714
35.0629
-145.886
-145.131
-144.743
-15.5771
-93.1886
-72.3886
14.9029
-145.909
145.051
144.857
-144.423
-145.84
145.36
130.32
-145.6
-144.697
-145.749
-79.0629
23.2343
-11.2914
-144.994
-145.657
-145.223
-20.6286
-145.817
-145.451
-26.9029
27.8743
144.949
-58.7657
-144.48
145.691
100.674
145.783
145.371
-144.869
-34.6857
-145.417
-144.846
21.6571
-33.9543
143.874
144.274
48.8343
-145.257
-145.097
141.223
5.01714
5.36
-145.463
-144.823
-27.8286
-145.68
5.76
7.32571
-0.582857
-144.834
145.269
144.377
144.297
-144.766
-145.006
-13.28
14.6171
139.326
-20.0571
-145.177
-106.354
144.663
143.52
13.76
-144.354
3.36
144.891
13.4514
-144.583
-48.1257
-29.6571
123.52
-144.16
-136.857
-145.269
144.594
21.0629
144.549
144.537
19.36
125.36
-135.097
-145.36
-68.0457
-25.7714
18.7086
-144.617
-143.28
-144.48
144.537
1.85143
144.549
10.0571
143.931
27.5314
145.234
-144.937
-144.469
-22.5143
16.3086
-145.371
124.857
72.2057
144.949
88.2171
-144.389
145.691
65.3714
45.0286
-144.274
-134.697
139.474
144.137
143.886
16.6971
-145.074
15.92
145.223
-33.1543
-50.1714
-90.6743
-19.3829
-146.046
-112.32
-31.6229
25.2457
145.314
-144.903
-95.3257
-83.4057
-145.074
144.251
-3.46286
-145.474
143.657
144.114
-144.891
29.8171
-146.149
-144.926
63.3371
145.486
105.371
56.96
144.023
144.263
-145.257
144.971
3.40571
-145.349
145.371
20.9143
143.703
144.503
-22.7886
143.189
-145.486
-23.6343
6.89143
143.051
144.777
7.05143
25.4514
-145.097
-0.297143
-144.743
144.663
145.246
-35.8514
-145.726
-144.674
139.669
-145.371
101.863
145.269
4.54857
-11.4857
145.04
-136.617
145.051
145.463
29.3714
-145.371
-100.766
-145.166
145.143
144.263
144.469
-82.9371
40.4
135.074
5.16571
-40.5714
-43.8514
-144.983
38.6171
-145.474
145.154
143.429
144.823
0.834286
-144.754
-3.15429
-4.36571
22.8114
35.0286
-54.3886
144
-145.131
-44.56
128.354
26.0114
-145.497
0.0685714
145.177
145.691
145.143
-0.388571
116.869
-29.1086
-143.6
137.783
144.994
145.52
-145.337
-145.189
-145.017
-49.2457
125.063
6.86857
-7.21143
146.069
144.663
-143.931
-144.251
-28.2514
144.663
145.486
144.297
-97.8743
77.28
145.109
-106.869
43.6914
-145.531
-146.046
145.177
144.926
144.491
145.291
96.5371
145.703
-30.8114
144.057
-145.291
-16.2286
30.4229
144.709
-145.166
-144.377
-145.211
-145.817
-145.28
-145.074
-144.32
-145.886
145.12
-144.389
144.069
143.474
144.286
-86.6171
145.36
38.5486
-144.777
-136.503
64.3314
-47.8857
-32.9029
-23.6686
-132.834
30.6971
-136.983
10.16
9.64571
144.709
144.64
-144.903
-144.423
-144.777
143.463
-4.42286
144.686
143.714
144.629
133.657
145.154
16.1143
145.269
119.12
144.811
-144.011
145.474
144.309
-145.52
-145.063
-74.9143
24.0914
135.371
-144.446
145.554
145.074
27.1543
-133.623
121.051
-145.28
-4.98286
-144.88
145.589
8.34286
145.143
-145.177
145.051
-145.429
-25.4971
74.5029
145.909
144.4
-145.074
-5.32571
-145.714
-22.32
145.303
145.806
144.834
145.383
-65.28
-72.1714
145.314
-144.857
144.377
-127.943
143.486
-145.2
131.737
144.137
144.709
144.48
136.72
5.84
144.869
-34.08
143.703
145.897
84.1829
25.44
-145.154
-144.537
-144.571
-144.194
145.223
85.9086
146.023
130.96
-144.32
-32.5257
-145.154
-55.1314
146.194
144.309
144.903
-143.966
143.703
145.12
-114.126
-132.08
-145.28
-143.44
-119.76
-145.646
143.977
143.771
-41.4857
-135.463
-144.686
-144.491
-144.297
18.0457
-20.9371
9.55429
145.931
144.663
145.063
-145.143
144
135.84
144.743
-145.211
145.166
144.971
112.069
-114.309
115.017
98.1714
145.554
-143.931
-55.92
-99.2229
145.211
145.44
-145.623
145.611
-144.263
144.674
-145.749
-144.709
-144.8
144.731
145.394
0.285714
-145.84
-145.474
145.371
-144.857
-143.954
-144.674
16.0457
78.7543
46.5714
145.829
-145.223
-31.4057
-6.06857
144.914
-145.246
32.2171
-109.223
4.85714
32.6171
-40.4114
-62.5371
-4.53714
-144.446
13.6343
-144.766
-75.2229
-144.343
145.6
-145.36
-145.017
145.429
27.1657
145.12
-145.726
-27.92
144.697
144.617
145.486
145.497
143.966
-0.925714
-136.606
126.823
144.994
-121.874
37.6686
-122.297
143.429
101.6
-50.64
-19.3943
-145.486
92.1943
-146.229
-145.326
143.474
-133.223
-145.234
144.137
144.949
144.914
101.029
143.897
-2.78857
-144.754
-51.6343
-144.583
-145.394
-145.086
-63.7029
-83.6343
-145.771
145.554
144.229
-144.903
-10
-144.914
145.657
-145.166
-0.32
-125.829
144.891
142.629
144.4
-145.92
145.543
-144.194
-123.897
144.503
145.28
143.669
1.14286
-144.011
145.086
145.097
144.046
143.577
145.623
-21.4514
-3.74857
-36.0229
-96.1943
-8.76571
47.5429
127.657
-145.394
-7.05143
143.406
27.4514
145.291
-137.509
-145.394
38.9829
34.8457
-105.737
-143.737
129.691
144.766
144.846
-25.2571
145.257
52.56
-144.491
-145.177
112.069
-144.194
-143.737
144.903
-144.777
145.691
144.674
-144
-145.177
145.314
-4.49143
-130.96
145.189
-5.01714
-144.217
-145.726
10.2057
144.823
-145.234
145.509
-144.514
145.44
-144.526
-145.703
145.143
145.417
145.166
-145.166
-144.754
-69.2457
145.257
-144.96
-144.217
-16.2857
144.503
-144.789
20.08
145.154
-143.68
145.909
-144.777
144.96
127.291
-144.571
-145.76
144.309
-145.177
136.846
-145.417
20.0343
-145.109
-145.977
144.411
-145.006
144.08
-94.0114
-144.343
-144.64
143.017
-45.7943
-145.337
144.503
145.086
-144.434
144.08
-9.10857
-144.731
18.2286
61.2343
-85.1543
-33.6229
21.3829
145.051
-144.526
-145.051
-140.286
140.343
144.754
145.657
22.1143
-145.771
-144.914
-145.634
-16.9714
-74.2971
-77.8286
34.2743
-95.1886
52.5486
140.72
14.7657
145.497
144.469
-11.7371
55.5543
81.4286
-145.749
-146.046
-145.657
36.5257
145.029
-144.777
15.4971
-145.326
144.8
144.583
-55.6114
-24.8914
-94.9714
-144.766
145.691
-145.349
143.897
145.086
145.211
109.623
145.234
-97.3486
-145.703
145.086
-143.863
-1.39429
-0.148571
-21.28
-119.874
-19.1086
-126.011
129.486
-144.469
-29.7714
144.857
-18.9714
11.5429
-71.3029
38.16
-146.046
144.971
99.9657
-117.36
-143.566
143.291
64.6971
145.829
34.32
-144.251
-145.337
42.1714
-0.857143
144.091
144.183
130.297
-145.303
-144.8
-10.1257
-145.554
-144.56
144.251
144.594
-144.789
144.869
-143.943
144.766
116.914
145.451
144.423
-145.074
-144.903
-49.4971
-144.709
22.3886
145.189
18.9143
-41.5314
-143.543
-145.051
-145.131
144.331
135.863
145.634
-145.874
-44.8229
70.6971
-144.011
-144.594
45.7829
-14.2514
-24.9943
144.914
-145.451
35.0171
145.646
8.58286
-23.5543
-143.337
-144.869
-137.314
-144.686
143.406
58.9257
145.211
-144.697
-145.543
-22.1143
-144.606
-145.783
0.0457143
-16.08
145.154
28.8
144.766
-20.7771
-135.829
-143.657
145.143
144.354
-145.12
145.086
-145.257
-145.28
-144.377
-144.926
-144.686
-144.777
-144.48
-145.257
144.229
-17.0057
145.223
-50.56
60.5714
143.977
42.8914
27.5086
-140.057
145.337
1.32571
145.543
144.846
-143.2
-144.88
-144.651
144.56
145.211
51.0629
144.8
-20.88
-135.611
3.76
-145.44
146.171
144.469
-144.8
-145.623
-0.731429
-144.4
-5.2
11.0057
16.6514
56.0343
-143.783
144.926
145.371
-144.777
145.36
-117.326
-35.2571
-14.4686
-42.8114
-145.577
-145.371
-122.057
-144.366
-67.3371
-145.44
0.914286
145.257
144.08
-38.7657
145.166
-37.2229
41.1543
5.74857
-145.931
-50.6743
-116.183
40.0914
-24.0343
-144.743
-55.36
26.1257
-41.3829
145.68
-144.983
144.194
-144.583
103.326
44.9257
71.9429
-7.73714
-145.806
143.851
145.829
9.96571
143.68
-17.5771
-30.1714
134.663
-145.154
-144.411
-63.4171
101.417
-62.9029
134.903
-60.56
144.457
145.006
12.4
-43.1543
-145.177
144.091
-43.2114
144.171
-145.246
86.8914
143.783
-144.697
-96.4229
144.72
-55.5771
-144.903
-145.074
143.063
143.634
-144.846
-122.24
-140.926
145.566
-145.566
-144.583
145.566
144.366
-144.823
140.937
-143.954
145.497
143.554
144.229
-145.726
44.96
-144.217
-131.554
145.28
-144.32
-145.349
145.817
-10.5829
-145.017
58.9257
144.423
-145.314
34.8229
-145.063
-37.0743
144.217
-145.52
145.154
25.6343
144.629
144.834
125.703
-144.274
16.3086
36.1486
112.286
143.931
-144.206
-144.629
-11.7029
145.269
24.7543
-132.686
27.6
-138.274
-28.9257
-97.5543
15.1657
-141.634
0.777143
145.68
144.971
-145.417
143.029
-10.9829
-145.28
144.309
143.246
-127.154
145.371
2.84571
144.88
-32.24
-51.6229
-145.177
143.726
144.96
-4.25143
137.657
-145.509
-145.051
-144.823
-145.806
-146.034
67.3371
136.777
97.4857
-143.84
-144.526
20.3886
-144.971
-50.0229
-1.01714
-18.7771
143.474
144.891
24.3314
-145.109
-27.2686
-145.897
-85.7714
143.554
144.389
21.3029
-92.3657
-144.411
-145.314
12.7086
143.84
145.383
-144.811
-35.4514
-145.44
145.234
-144.949
-145.326
144.297
63.9543
79.9543
-145.463
144.937
144.171
-145.063
145.394
-145.474
144.674
28.6514
145.131
-145.154
-18.72
144.091
128.126
-145.257
4.62857
-145.497
19.6229
-117.863
53.36
-136.263
-129.417
134.354
-145.097
6.96
-27.5429
39.76
16.2743
-144.137
-130.137
144.389
-23.3943
-144.754
-20.9943
-146.034
-131.451
144.743
144.697
-145.794
144.937
-13.1543
144.949
144.286
143.44
144.457
-145.086
-144.686
144.709
-19.8514
145.543
-131.097
-145.04
145.051
-119.074
145.44
145.246
144.183
-6.82286
-44.4686
-144.583
-23.6457
133.657
-145.6
144.777
-144.8
144.914
144.709
145.326
-145.474
28.3771
143.943
-145.314
144.937
7.57714
-145.189
144.583
27.6229
-11.0629
40.9143
-144.434
-71.2343
143.817
11.4057
145.074
-144.72
143.749
-145.109
-144.137
144.263
-144.857
19.7486
-1.93143
-15.7486
-145.497
144.697
-93.0057
115.989
-12.96
-129.12
144.309
-8.34286
-145.2
17.6914
29.1429
145.451
143.486
-144.869
-145.097
1.30286
116.171
143.794
144.789
-113.909
40.08
3.30286
-20.6743
24.8571
144.857
36.7314
-144.709
-144.434
18.7429
144.743
144.663
57.0743
145.611
-144.983
145.531
-143.314
-145.177
-145.646
37.9429
-144.091
145.326
144.4
-144.537
48.8571
144.663
-145.531
-19.0743
-145.6
143.303
-145.52
16.9257
-145.063
143.52
144.617
-27.3029
145.211
145.349
28.5029
125.04
-145.943
-144.994
131.749
-145.794
144.709
-46.5829
-44.6857
-34
-145.017
145.006
145.851
-145.36
145.097
108.72
145.771
30.8686
46.5257
-145.577
29.4857
144.937
-144.297
-144.731
-144.263
145.109
56.8
-145.703
-18.5371
16.7086
-145.829
-144.96
-107.234
129.931
144.183
-27.7371
144.103
144.903
144.24
145.029
-60.9029
-105.52
-144.366
-145.234
34.9029
48.7886
-33.8857
-14.56
66.2286
-28.6971
-18.5486
-101.646
145.109
-145.04
144.811
122.526
34.4914
-144.32
-143.177
136.057
-81.0286
-21.9543
144.149
145.303
-42.0914
-145.383
3.81714
-145.554
67.4171
-28.4
-144.469
-145.486
-136.994
143.2
-22.0457
-144.754
16.72
-144.983
-144.686
59.5771
-145.04
-42.0914
141.497
-47.0971
144.446
142.274
-2.32
144.24
144.606
-33.4857
29.2
19.5886
-89.5543
-14.7429
31.0971
-144.766
-144.526
145.063
58.9714
-144.811
-145.143
-145.269
-144.206
145.406
-29.3829
-145.223
-25.0857
13.44
145.726
139.109
-5.31429
14.5371
144.88
21.7371
-145.394
145.966
-145.28
-52.5029
144.937
58.6857
-66.6971
34.3771
144.514
-145.097
143.611
145.783
18.3771
-100.8
-52.2057
-144.549
10.5829
-145.269
-143.84
-144.16
-48.3086
144.709
-60.3429
13.92
145.314
-31.7257
144.811
-113.829
145.017
134.32
23.28
-145.006
-0.8
144.857
-144.697
-143.966
-6.25143
131.166
144.903
144.629
141.817
139.68
-133.76
145.154
4.77714
-137.771
3.77143
144.594
-144.674
7.50857
-110.823
-56.7086
-46.3314
144.526
-144.709
-144.891
-62.3429
120.96
-145.2
45.4971
143.12
-103.303
-145.063
-123.2
133.291
144.377
-116.411
-1.08571
7.01714
-145.509
-8.89143
145.337
-144.857
-62.48
-21.76
34.9829
24.9257
-143.211
145.12
-130.96
145.234
-144.914
-37.2571
-143.909
21.1543
144.526
143.76
145.577
145.063
-145.349
144.457
-144.434
-144.091
-145.646
-143.691
-33.3943
145.451
66.4229
-24.32
-144.64
145.326
-145.131
144.354
-95.6114
145.051
144.457
31.0514
-114.731
-145.44
18.6514
144.869
21.12
-144.377
31.1429
145.463
-145.737
145.383
145.177
-145.2
122.8
-143.806
27.5771
-133.166
-19.2571
144.823
-145.909
144.457
11.1086
-17.0629
-145.771
106.046
-144.834
-145.669
-45.8743
-15.1429
-146.08
-144.194
121.166
144.103
-137.669
-143.36
-144.491
33.76
-145.166
144.674
-145.52
11.0629
-127.337
-2.74286
-31.0743
-145.189
144.377
51.4743
-48.6514
145.349
-144.766
140.457
-33.7257
-145.646
144.571
-32.1486
-140.537
134.183
-21.0514
142.857
145.463
145.417
-145.406
145.657
-62.4114
-144.914
43.9429
5.10857
-12.4571
26.1143
133.897
-145.314
145.177
143.874
11.9657
-145.029
-58.1714
-145.943
36.9029
12.3429
-40.08
144.103
57.7029
-144.766
-146.023
144.114
-47.3486
-144.606
144.903
-145.474
-144.777
-11.5429
137.634
-139.349
-128.583
-15.2229
144.526
57.9657
133.12
145.109
118.354
144.4
145.154
-10.7543
145.394
-25.0971
62.6057
145.886
144.926
21.7714
-145.166
-50.7429
129.143
145.429
-145.097
-145.063
-145.737
-144.217
3.44
145.223
-18.8457
4.85714
-145.417
-110.709
-144.869
144.183
-143.737
-144.457
8.85714
12.9143
144.869
41.4514
-16.2057
144.926
137.074
51.28
145.52
-5.93143
145.554
144.183
2.52571
141.566
-24.5257
144.343
-30.7657
-145.326
-101.349
9.53143
144.526
-145.074
144.823
-144.869
-145.806
-112.137
33.1543
-141.954
145.12
144.891
-145.337
-145.246
145.531
-140.171
-88.08
-69.1086
-63.4057
24.1943
133.189
145.531
145.314
-75.04
44.9829
49.7143
144.514
144.606
13.6343
33.0629
-144.274
-145.269
-124.343
-66.3657
144.411
145.383
-27.0743
42.1714
120.96
49.2
-144.777
145.177
-2.58286
-22.3314
145.566
-144.674
-145.337
-145.863
38.7429
145.166
-145.486
144.057
144.777
145.646
-143.406
-118.183
-145.371
-145.166
144.766
-144.137
-145.44
145.6
128.766
144.457
26.3543
9.69143
144.297
-137.611
-145.154
-51.5771
145.234
-144.709
-4.24
23.8057
-145.269
12.8571
-4.19429
-144.651
-57.6343
35.1886
-90.4571
-24.96
76.6743
49.4857
-86.48
145.04
144.937
-4.12571
144.709
145.029
-119.577
38.9143
135.257
23.5657
21.0971
18.32
-145.177
144.263
19.4857
66.0229
19.36
-144.434
-145.497
144.48
5.24571
-143.291
-76.2857
-4.67429
144.754
-53.7029
3.93143
145.109
4.81143
144.789
144.56
5.95429
-55.7714
56.48
-52.1943
145.589
145.543
145.177
57.12
144.571
142.823
145.257
-9.55429
145.371
29.3943
145.109
143.954
-27.7029
140.069
-37.76
78.4571
-145.051
144.754
145.04
145.109
144.149
-82.24
-140.971
144.217
-145.109
105.006
-13.2114
145.166
-143.349
-62.4229
-145.509
-121.326
-144.789
-145.44
-24.3429
-94.4571
-145.234
-8.60571
-144.354
-23.8286
-21.9886
-145.577
-35.6114
2.77714
47.3486
144.731
119.691
145.131
-23.6343
-27.2
-144.549
-145.451
2.28571
-51.2229
-37.2343
-2.56
-145.634
-111.634
-144.411
-9.2
4.76571
-5.53143
-106.32
-145.6
-55.0286
143.154
-146.114
-71.7257
139.189
35.6457
143.554
144.823
-144.857
-144.526
135.451
-145.109
-144.72
-35.6457
-127.429
-144.411
-144.24
-7.02857
-100.046
5.02857
33.4971
145.6
-145.394
-12.6857
-145.429
145.589
-144.96
143.92
-145.623
-129.486
-27.6914
-34.4571
-45.0629
144.96
-145.371
9.64571
-143.874
-46.1943
144.731
144.114
-144.88
-145.257
144.777
-144.571
59.84
144.96
31.7714
-145.657
144
144.56
19.5086
-144.126
54.1143
137.977
-145.04
145.246
-143.76
-9.74857
47.5429
9.09714
144.171
145.417
-101.783
-17.6343
145.577
-144.446
-145.954
144.171
53.5771
-144.846
-144.503
145.223
-145.154
144.549
-61.4629
-145.406
-141.394
57.8514
144.789
144.663
-145.429
144
-144.537
-125.486
-143.646
-124.126
143.737
144.8
-145.154
20.0571
55.7371
-6.28571
-144.891
-139.566
-68.9029
38.0114
145.006
-8.51429
145.12
-145.234
-37.7714
31.1771
144
-145.006
-144.069
134.263
-145.52
-145.074
-145.566
144.526
23.3829
137.863
-16.5257
145.097
-145.166
144.046
-145.497
25.4629
10.0686
-144.754
145.063
-144.32
-144.103
123.371
-145.326
-20.1943
-144.606
-144.743
-45.8743
-132.971
144.697
144.971
-140.217
109.851
-145.394
138.663
-145.76
145.223
-144.823
-143.783
-145.429
-143.771
-145.36
145.143
144.88
144.583
-144.72
-145.006
-144.606
41.1429
-56.7771
145.269
-17.8743
145.143
145.234
-144.949
144.023
-145.086
144.229
-77.0057
-85.6457
-144.023
-35.0743
-127.577
-144.56
-138.48
144.857
144.891
22.8457
-144.743
119.154
-144.971
31.8971
88.6171
-144.526
-142.091
-143.817
-29.2
-31.7371
-144.823
-145.417
-122.16
11.7943
-143.166
-144.469
144.903
134.446
145.291
145.737
-2.92571
145.04
145.577
118.011
-145.246
-144.617
16.08
-145.2
9.16571
8.90286
-145.211
-14.3771
49.1429
145.166
-144.937
144.766
142.937
145.029
145.371
-144.846
-26.1714
-144.663
127.429
144.926
19.5086
-145.383
-145.497
-131.703
145.52
145.531
138.549
144.766
145.703
145.394
-9.49714
-133.68
-145.829
144.891
-17.1429
143.303
145.429
22.1371
-145.497
143.52
-18.7086
-145.291
-144.514
-144.297
143.966
142.617
-34.1371
14.2514
145.246
-40.4343
-11.6343
145.691
-143.806
143.2
145.006
144
144.469
-17.8857
4.11429
35.3257
-144.023
145.977
-144.354
-7.12
-144.48
144.446
145.749
-12.3543
13.1086
7.06286
-144.971
-23.9771
145.063
-144.789
144.937
-145.28
-14.4229
6.43429
144.629
109.429
43.9657
-145.12
145.017
144.937
-145.76
-78.7429
146.034
-145.269
-145.383
-145.12
-145.451
144.88
-13.5771
43.9886
-145.303
-44.2629
-144.149
-68.2743
-10.72
-2.70857
98.96
-144.903
-144.743
39.4171
-26.8571
131.234
-33.6343
144.754
-144.869
82.4686
-145.611
-144.686
-145.623
10.8
-144.08
-9.88571
-143.417
-47.7943
144.16
-10.2629
11.9086
140.697
-145.166
145.154
-130.457
145.246
120.32
144.823
145.383
-144.126
31.3943
-97.6229
-2.03429
-145.36
-144.389
-145.383
124.731
-143.909
144.571
144.914
-5.97714
-145.177
145.417
-41.9771
144.983
145.726
144.743
-145.143
-145.566
-37.8057
-50.0114
145.211
101.794
145.131
143.68
60.7886
-145.383
17.7257
-145.211
28.4229
-145.12
-15.04
145.097
-56.8114
-144.56
-117.771
-145.703
-140.686
-16.0343
-145.543
116.331
146.069
-144.869
105.874
-145.131
-142.137
118.251
144.297
-145.2
-1.31429
144.08
144.629
145.303
144.663
144.343
62.6286
-3.95429
-145.737
35.0286
122.343
145.017
-145.406
-144.766
4.69714
-143.669
144.823
19.4514
-144.971
144.286
145.166
-11.6686
142.56
-145.44
145.017
-144.263
20.6286
3.52
144.983
-145.783
-144.32
5.34857
-17.2571
-134.571
83.9543
144.229
144.583
-144.354
-145.84
40.9143
55.0971
41.2571
20.8571
-145.6
-141.314
103.92
-144.48
-144.354
-125.589
19.1543
-34.5257
-14.8343
45.84
105.714
145.314
-144.514
-4
-14.5371
-89.3486
145.291
-146
145.737
144.171
108.754
145.703
-145.223
-145.474
27.3943
-143.874
-112.937
143.257
-144.663
144.823
-20.4571
-59.5771
-144.766
-112.309
-11.5657
-4.05714
144.263
145.006
144.446
144.411
5.09714
144.983
-4.54857
139.371
-144.777
-145.337
143.554
-145.097
4.36571
8.78857
-144.56
-122.503
-146.103
90.5486
144.069
-145.909
95.84
-145.257
-145.006
-144.606
142.251
-144.846
137.029
22.1486
23.1886
102.674
-60.2971
24.24
144.343
144.4
144.32
24.1257
-138.263
116.571
-144.571
145.36
-59.1429
-144.606
41.3829
-144.88
112
-144.8
-145.143
-52.0457
26.4457
143.086
144.08
-146.046
35.0514
-13.0857
-112.046
18.1143
-47.5314
-145.611
-133.451
144.011
-11.8286
-21.1086
142.937
-143.931
-42.4571
144.069
49.0857
-40.5714
143.931
144.594
145.554
128.011
144.194
-144.4
145.234
-15.4971
145.326
-45.2343
145.543
-65.4629
-145.303
145.84
-144.686
-145.886
145.143
143.52
143.806
-144.994
144.286
144.251
21.76
20
143.566
145.223
-145.486
119.257
145.006
-13.0743
19.0057
-144.64
-17.9886
131.497
-144.594
-14.7429
33.28
-145.006
145.6
-1.38286
-127.874
-144.526
145.211
-25.8057
-144.72
-144.457
-145.817
-37.3829
144.48
144.503
-145.177
144.069
8.04571
2.24
-145.211
145.166
75.8286
-4.83429
131.646
144.617
126.263
144.423
-145.509
-31.92
-145.737
-145.086
144.149
-144.583
-144.069
144.971
-145.303
144.457
-126.126
27.7143
145.063
-145.577
32.8457
-25.68
-145.6
23.6457
53.7257
144.16
-144.206
-42.96
-145.497
14.5943
48.6514
-144.926
-144.206
-145.314
16.9714
-50.4686
144.663
-132.309
-36.7314
-143.314
144.891
-68.2514
-19.3143
-23.8514
143.726
-145.257
-95.7143
-145.611
-145.394
145.554
144.823
26.3886
145.44
145.406
145.2
-69.5771
145.897
-24.1486
-145.589
145.223
-144.114
14.6171
145.463
144.251
-145.543
-95.7829
-145.554
14.1486
145.36
-145.326
-145.52
23.7943
134.526
-145.714
-144.434
-13.0743
145.371
-22.0229
-23.4743
39.84
-145.349
143.737
-145.166
144.034
-144.8
144.217
-54.4686
-43.6343
-145.531
-145.497
136.777
144.034
-145.726
145.269
144.411
-14.2857
143.977
145.429
-144.629
-145.223
1.14286
144.731
12.2171
-144.343
-7.84
-91.84
-144.263
10.8229
-118.137
16.6857
144.423
-144.629
-53.8629
144.789
-50.3429
-144.926
31.04
113.863
-145.257
15.4971
-145.509
144.846
145.577
-145.269
-38.9486
-35.2
-145.383
-11.0171
-0.411429
144.469
142.446
144.663
143.954
-44.6971
-25.3943
140.731
144.88
-8.60571
145.063
-144.857
145.463
125.029
18.1029
145.783
16.9714
-114.926
145.063
143.04
-5.22286
23.7714
-145.189
-144.457
-144.789
-145.12
144.491
144.617
144.971
8.88
-35.2457
-43.0057
145.474
-126.526
-2.14857
145.143
141.691
-145.52
144.583
144.823
144.731
109.737
-144.857
145.063
144.983
-115.44
-144.8
16.72
-87.3029
-1.87429
145.154
-144.366
52.5029
-18.8343
-144.571
-144.903
-117.977
145.566
144.514
45.1314
-10.72
-27.8629
145.189
-66.72
-145.326
-145.177
145.554
-145.394
131.92
32.5714
61.4057
-35.1886
143.726
144.983
-144.114
-143.509
8.21714
-25.6114
144.926
-145.909
-134.423
-145.669
122.114
-133.989
144.377
144.126
56.7314
-0.982857
143.851
145.543
130.011
144.743
89.2457
-144.686
145.04
-24
-145.383
135.337
-144.983
-26.48
144.766
144.286
22.9257
41.2914
-141.257
-44.4229
50.7429
-144.697
-144.411
-145.269
-144.617
-134.274
71.8057
-144.949
-30.9143
-145.623
-34.0914
144.297
145.291
-14.1486
-145.611
4.16
77.0629
-145.04
-145.12
-35.0171
144.594
26.2857
144.457
-143.657
144.08
-144.389
112.366
130.914
143.943
6.21714
143.303
143.726
0.4
-144.857
134.834
-144.469
6.89143
-144.457
144.297
-59.2343
7.48571
-144.4
-145.943
-144.766
31.9543
-31.5657
144.171
-31.2
24.2286
144.24
-51.1543
-145.109
87.0857
-35.8514
139.943
91.12
-27.84
11.1886
117.977
143.794
7.31429
-145.543
145.234
18.2971
144.96
-144.823
144.777
-145.017
-144.274
-144.926
145.051
28.4686
-145.76
144.571
145.463
-145.611
144.766
143.829
-4.93714
-51.8743
143.76
-130.366
145.417
-144.606
-140.149
145.989
-21.3257
144.88
20.8229
145.577
114.743
-145.451
-144.903
145.417
-145.109
143.92
-1.13143
-145.074
-7.52
36.0343
-24.7543
28.6743
46.9486
-16.3086
-145.589
145.371
-1.02857
-45.8171
-112.149
-44.64
-144.24
60.9143
-145.486
-145.726
10.1143
-145.063
-145.143
-143.989
-15.6
144.457
141.086
144.366
122.103
-12.0571
-26.8457
-0.548571
49.4286
-145.474
-144.857
144.789
-145.543
144.869
-144.446
-43.9543
-145.6
-145.44
144.88
-144.766
-143.223
-9.2
-144.114
145.143
144.766
-144.057
144.126
-120.297
30.6286
-144.96
-5.07429
-143.76
144.24
145.257
143.326
15.84
143.84
-145.234
-145.177
-144.446
-23.7486
-120.88
-144.766
-144.434
143.76
144.8
-145.223
-144.96
-4.99429
-144.937
-144.777
-82.5829
80.4343
145.303
144.971
-49.9429
145.086
-144.434
38.9829
90.8686
-142.446
-143.829
137.44
145.12
106.011
-145.429
50.2743
145.417
16.8229
128.606
-144.857
-118.057
20.9371
145.074
71.5086
133.326
144.834
-145.006
132.583
-0.96
144.046
145.234
-145.726
-145.657
136.389
145.029
144.846
-138.674
-46.1029
-145.566
47.3371
144.777
-106.571
-7.06286
144.891
144.526
-144.171
-144.606
143.84
-19.1086
-11.9543
4.54857
145.063
145.749
-145.051
-50.96
-144.983
144.663
-22.8
145.863
-120.926
10.1029
-79.4857
58.6171
-110.594
48.4571
1.72571
72.8457
144.583
-114.229
-95.3029
145.474
145.051
11.0057
-145.577
141.863
144.663
144.411
143.943
-67.92
-7.57714
-145.623
-145.36
-4.05714
-145.474
-145.177
17.1086
22.1143
145.303
-144.891
-141.897
-10.5029
144.377
141.006
143.886
145.337
-145.76
-29.2686
-125.143
-38.2286
-47.5314
1.55429
-145.086
145.554
-126.651
144.72
132.72
-145.006
-144.366
-1.02857
135.406
-143.886
145.703
-143.577
145.234
-133.52
145.051
102.514
-35.28
-63.8286
144.777
-11.6686
144.423
-145.063
-144.571
99.0971
53.2457
-144.88
-145.634
-6.70857
-23.6686
16.16
-145.634
-146.034
144.366
144.457
-18.2514
-134.469
93.3829
-144.606
144.937
144.891
8.81143
144.446
144.743
144.583
144
-145.074
89.2457
-145.68
-145.086
144.971
-145.131
-143.737
-28.7771
-29.3829
-145.771
74.9486
-145.143
-145.269
145.017
23.4286
-87.7371
-20.2629
51.2457
145.417
-145.086
-15.8514
144.743
126.583
-9.23429
-29.2229
-4.83429
-145.051
-144.926
-145.897
144.674
144.503
-143.829
145.554
145.566
130.777
-111.257
143.177
-9.33714
-23.1886
-140.16
-132.046
145.554
144.834
-143.737
145.326
-75.2114
-36.1486
144.731
-144.937
-145.326
144.651
-10.0343
-145.989
-144.194
-89.36
143.223
144.469
132.309
145.177
-142.834
136.229
24.2857
145.714
-11.9429
-8.99429
-127.726
145.429
-48.5829
145.634
8.34286
-144.011
43.3486
-144.126
-145.669
145.726
-49.7829
-58.1829
21.8857
-144.686
-144.811
6.88
32.64
145.646
-128.926
80.9714
-137.817
-40.2857
144.069
-9.05143
17.1086
-145.429
23.3829
144.709
-93.7829
-68.9714
143.817
-13.8743
40.4114
-144.16
-39.3257
-144.663
143.966
47.9657
145.04
-5.29143
145.109
-7.85143
66.5371
144.754
107.566
141.771
-1.65714
24.0229
2.08
143.554
-145.52
56.08
15.7029
-39.1429
-140.4
-145.097
-145.829
-145.04
136.834
28.2171
-144.72
-33.9314
-145.223
61.2114
-26.5257
-145.234
-139.726
-144.549
-144.549
143.166
-145.097
124.069
-145.714
145.417
143.76
77.1771
-144.251
144.777
15.7714
144.057
-108.731
-144.617
145.051
-8.51429
145.509
40.16
144.514
-144.114
-143.783
121.84
-9.47429
-99.4743
130.949
-26.9371
145.771
18.9943
16.8343
6.94857
-107.246
-134.697
-7.00571
-144.229
143.303
-131.12
-144.023
-29.28
-48.8457
-144.183
145.611
-143.554
-144.08
-23.9771
-32.24
145.474
-145.611
112.48
23.52
144.434
143.817
4.05714
144.914
-116.434
143.886
55.1086
-144.697
128.08
144.411
-19.2571
-1.73714
23.8629
-145.246
-144.549
-33.1657
-144.583
-145.017
-145.257
135.189
-145.166
-144.514
-143.497
145.269
-145.669
144.286
-144.697
1.97714
-139.634
144.526
143.737
-144.789
30.3886
-116.4
138.389
-38.24
-142.526
-8.65143
144.743
-145.029
-51.2686
144.903
7.22286
145.029
14.6514
-73.1543
-74.64
-34.7429
144.743
145.68
145.531
145.669
8.88
144.377
-144.617
-16.7429
-144.994
111.886
-144.503
144.663
105.246
-144.914
144.823
-144.834
143.269
48.9257
-8.37714
144.811
-22.1714
-55.0171
123.006
144.937
24.5714
144.149
145.234
0.137143
-77.3486
-30.1829
144.286
-145.531
-144.48
145.291
145.211
3.28
27.3943
-35.12
22.9257
-18.7771
144.869
-144.537
144.686
6.74286
112.309
20.1371
137.749
-131.749
-144.971
-42.2971
48.3086
-15.4971
-144.537
-145.2
-145.051
-144.789
-145.177
-145.177
-18.8457
-43.5429
144.811
-19.2457
-22.8914
-3.98857
-145.303
145.851
145.806
49.9543
-145.337
-145.04
-144.629
-145.394
143.806
-32.4
-52.7314
-11.7486
144.56
20.3657
143.806
-145.76
144.56
-2.41143
-145.669
-145.451
144.914
43.7943
-40.6743
6.51429
-145.097
144.457
-145.006
144.126
144.686
-42.5143
-145.2
145.52
40.4686
-145.486
-145.051
-145.611
-144.64
145.269
144.114
143.863
144.903
-122.286
-135.257
3.12
145.429
-145.6
-7.81714
-145.36
-144.983
-145.017
-41.3371
143.691
-69.3714
137.68
-145.794
42.1943
-6.33143
-144.011
145.406
9.50857
-144.96
73.6
-38.64
144.274
145.451
145.006
144.709
-55.84
-145.131
145.52
145.6
-143.829
38.16
131.531
-46.6286
-75.0057
145.383
-145.783
35.0971
20.1943
22.9714
-144.354
-75.92
-55.2686
124.331
48.3429
124.777
-144.8
-144.834
144.549
-145.623
-145.326
145.68
144.274
-140.514
-145.189
122.057
-144.457
-12.0686
145.086
15.2571
144.183
144.949
144
12.4114
-144.366
145.463
143.211
144.114
144.88
144.754
-144.263
144.617
144.606
-145.28
-2.89143
45.5314
145.074
3.33714
128.72
-145.509
-144.754
144.731
144.377
-21.1086
-9.39429
-145.84
10.8343
33.6457
-145.394
-77.3257
145.68
129.337
145.04
140.8
51.4171
7.84
-145.28
-144.149
-144.891
144.903
-138.4
143.52
144.446
-145.234
145.223
-136.594
145.097
-58.8571
-44.5943
41.8057
-11.7371
53.1314
145.28
144.789
-25.1429
-145.303
-19.5886
-144.286
-14.3543
31.7143
-15.2914
-145.109
-144.297
125.76
145.463
144.926
-145.966
145.623
10.7429
-143.509
-143.543
145.006
31.2914
7.73714
144.857
144.251
-32.4
-144.103
-26.9143
18.3771
-144.903
-145.017
145.143
-144.354
-1.37143
-2.21714
145.074
-145.269
-145.703
-141.817
-145.211
-143.497
-24.1371
-145.12
145.086
145.074
-145.029
-142.766
-144.937
58.9029
-145.166
-144.434
-145.531
10.7314
-146.194
-145.829
-16.5029
-144.777
-20.3543
144.926
-143.726
-145.063
-145.017
143.451
-145.383
-144.457
49.4629
136.331
-144.389
144.583
144.926
145.36
-144.469
33.2114
144.183
144.069
-126.983
-145.657
-115.509
-145.143
-120.937
-53.3143
-145.086
-145.211
145.017
-144.594
-9.15429
-145.257
16.4114
144.16
-145.531
144.926
4.88
-145.646
-144.971
-47.8286
144.446
-82.4343
-133.291
121.189
-145.68
145.234
145.429
142.823
3.04
144.16
144.983
19.8514
-143.6
-100.046
66.9829
143.806
144.96
2.91429
-145.154
-16.0914
46.0914
-144.457
27.8857
-145.52
48.1943
100.274
-145.12
-27.7029
143.954
145.44
144.32
-2.89143
45.2686
118.686
-145.063
28.8114
0.674286
-145.177
-13.12
-145.029
-23.6343
-123.554
-9.58857
-143.943
144.446
144.503
138.046
143.749
-145.589
144.56
-39.4971
-54.3086
108.526
145.246
-0.422857
-143.406
-145.691
-34.5486
-28.2286
-28.8
-145.074
24.72
145.314
-144.503
145.291
-144.869
-144.811
144.549
-145.303
145.931
-144.24
140.16
144.663
-42
92.9029
132.663
-145.589
144.48
-144.171
146.251
-41.5657
-144.423
41.2343
136.937
20.3657
-65.3943
144.766
-6.69714
-144.343
-144.4
74.8
40.3771
-145.554
145.006
6.81143
-144.754
143.474
143.211
-145.234
144.469
129.223
30.1257
42.0571
145.509
-145.417
-145.04
40.5486
-144.297
-13.3829
18.1829
-135.943
-144.697
145.463
-144.103
13.6229
145.429
144.446
111.726
-25.3714
144.72
-145.84
21.8743
-143.92
145.074
145.074
145.44
-14.0343
37.2457
18.3086
-145.109
145.6
144.64
145.897
144.571
145.063
39.7029
-20.0343
-144.971
-108.651
144.869
136.274
-145.646
-142.457
-145.269
-144.914
9.13143
-145.874
145.28
144.183
-144.88
143.646
145.257
144.64
144.137
-145.109
-145.337
144.514
145.989
-144.811
38.1714
144.72
-70.2971
0.662857
-144.423
145.326
-39.2114
-23.6457
144.229
128.4
-145.234
144.96
-2.35429
-92.4343
144.663
87.0743
-145.234
145.394
-30.2629
16.6057
9.50857
143.006
-145.463
144.514
10.2971
143.703
74.2171
-10.9943
-144.686
145.52
-145.189
143.897
39.1886
-103.703
-59.1314
-145.12
104.091
-16.6514
-145.211
-144.594
-54.5943
145.383
-145.189
143.851
-145.52
-145.063
-144.583
-145.909
-125.611
144.937
-144.709
-11.5543
66.1714
-135.566
-44.8457
-145.543
145.086
-145.337
82.72
-27.76
-103.623
-87.4514
-144.971
18.0114
-145.451
-145.097
-14.3086
-30.2514
-11.04
98.3543
-144.149
143.577
-143.154
-145.074
145.634
14.9257
-85.6914
-142.754
144.217
-144.994
7.82857
102.526
144.411
143.737
143.943
-31.7829
104.491
145.337
144.709
145.623
5.97714
-144.777
-129.051
112.846
34.2057
-22.2629
-145.029
-14.0114
120.48
-138.983
-144.686
145.314
79.8743
-145.303
-145.451
-143.92
144.274
-145.177
144.903
-83.6571
-12.8457
-145.6
-21.7829
-144.4
-118.56
145.406
144.217
108.926
-33.7943
31.28
144.023
25.9543
-83.2914
144.777
144.777
135.531
-30.4571
144.96
27.4743
-25.2914
0.457143
144.48
32.9257
144.971
-144.571
144.16
-145.44
144.503
144.96
-144.389
145.109
120.709
-144.811
145.657
36.7543
145.703
123.154
-144.72
-144.297
145.589
-144.046
120.366
24.6286
144.503
-144.994
-31.5886
-144.651
-144.903
141.76
141.977
3.94286
-63.0057
121.794
144.754
-144.423
-145.509
145.44
144.823
-144.469
145.771
-145.177
28.8
65.3943
-144.297
70.4343
-2.21714
-145.646
-145.429
145.371
-117.909
-144.651
145.417
-145.897
-130.217
28.8686
60.8571
-145.12
145.543
137.954
-143.211
145.177
145.429
-145.771
144.011
145.634
-17.84
35.0629
-38.4343
144.286
-145.52
145.406
128.48
-144.823
78.3429
38.8229
-66.4914
-29.5314
144
-4.27429
144.983
-18.4
-146.08
144.206
-22.88
-14.9943
144.126
-145.589
-44.6857
-21.2457
144.663
-145.303
145.189
-144.309
144.126
-69.2914
-144.526
-145.086
144.091
145.189
-37.04
-144.823
-142.411
-144.171
-144.857
-143.989
-137.657
9.16571
-41.6343
8.05714
7.34857
-144.686
136.469
144.011
-143.817
145.394
-87.28
144.834
-7.6
43.04
-145.829
25.8057
144.446
144.126
52.6743
144.811
144.903
145.143
46.8343
144.617
75.9771
-145.874
25.7371
-136.983
41.5886
144.891
144.56
17.0171
145.097
144.251
-33.8971
145.04
-13.6343
144.789
144.686
144.811
-145.177
113.897
143.474
-145.703
145.006
144.457
-116.48
-143.12
-144.834
94.1829
-77.8286
114.251
144.354
101.817
-17.8971
-145.577
-144.8
145.68
-51.4286
56.0343
144.811
48.8686
143.589
-145.543
-134.526
144.331
-145.44
144.206
-144.629
143.394
-145.006
8.58286
29.3143
144.983
-142.171
-129.074
-1.76
-43.04
-58.08
122.526
144.537
-146.034
1.18857
144.183
2.4
145.406
-0.868571
-132.697
-145.074
-116.263
143.211
-144.823
-10.2857
-144.526
144.343
143.943
-145.657
-145.097
-122.629
126.617
144.709
145.394
34.1829
19.7143
144.937
145.051
145.006
-143.943
6.28571
82.1371
144.994
-52.4114
144.88
144.48
-131.143
2.83429
-145.291
37.7371
-145.017
-144.971
-144.229
142.937
-144.537
-18.2971
145.463
-23.4514
-34.5029
-144.286
-145.52
-8.96
-8.37714
-145.554
-145.154
144.811
-144.971
-143.84
-133.029
-121.794
-145.166
145.177
128.331
-143.92
-61.3257
22.2629
-114.709
-129.429
-144.914
143.383
-145.749
-144.971
138.286
-145.314
144.583
144.663
-145.074
8.96
25.0286
146.194
-108.023
144.194
17.76
-145.417
-145.269
128.583
28.3771
-144.606
1.86286
60.2286
144.869
-144.526
3.16571
-145.086
-143.703
12.1829
-144.263
-19.6114
4.05714
-145.429
-100.309
25.4971
-21.4971
-86.6743
144.183
-34.96
145.383
13.5771
-144.48
-144.32
-16.8457
143.749
-30.2286
-42.2514
-11.6457
57.7371
110.56
-15.76
138.446
46.9029
145.486
-145.554
-145.474
-142.663
-36.2057
-144.663
19.5886
144.8
-35.3029
-145.086
-145.554
145.28
-144.194
-37.3143
60.7314
-19.2457
-129.92
145.291
44.4
144.423
-16.9714
107.383
-144.137
-101.84
28.9714
145.051
144.96
-145.131
-109.851
17.3486
-3.41714
-145.04
-139.691
146.137
144.629
-92.3771
-144.274
-144.903
-1.21143
144.731
145.017
-145.84
-98.2171
-21.4057
34.3543
-144.069
143.771
143.497
12.6743
144.811
145.017
101.714
145.623
31.92
145.166
81.1086
-145.554
-144.72
145.04
-7.48571
-144.571
-131.097
27.1314
-145.234
2.75429
56.08
-144.514
-143.006
144.571
-145.314
32.7429
-145.531
144.446
144.4
-7.89714
145.691
34.16
-143.92
145.349
145.28
-145.657
143.817
-34.8571
145.211
143.554
-145.189
145.383
133.657
-26.6514
44.2171
144.514
10.9829
-144.137
-144.549
49.7486
-144.503
70.3086
-145.223
-144.594
64.1257
-143.657
144.389
-62.8457
11.4057
-144
-145.463
-132.251
-97.4514
145.303
-144.789
145.097
-24.6971
-145.691
-143.943
-10.6171
144.263
-46.0914
144.8
-145.154
144.08
-145.417
145.017
-144.103
144.983
144.469
33.2686
-144.629
42.9714
144.834
145.154
-145.051
144
32.5143
96.6971
30.5714
144.891
-144.354
-28.0343
15.92
-18.3086
144.537
3.65714
-115.886
106.309
144.594
-144.96
-145.154
104.411
-145.497
49.1886
144.949
145.897
-143.897
27.3943
104.549
-102.217
19.6
144.274
144.686
62.8343
-63.5314
-11.2343
145.394
136.617
56.0571
-1.96571
145.44
-144.491
87.5543
37.7371
-113.577
144.937
144.629
121.44
-143.749
-144.24
118.514
145.657
-144.537
145.394
128.274
-132.469
-33.6686
137.634
145.234
145.451
144.903
145.006
8.74286
-145.017
-144.103
-12.1486
145.554
145.726
27.4971
26.0343
-144.857
16.6743
-145.509
12.9714
-145.771
-80.4686
-10.4914
-57.76
145.154
144.583
146
144.377
-144.96
144.72
145.28
-145.509
-27.5771
-143.966
-42.1486
26.8457
-144.446
-144.789
143.246
-145.074
145.029
106.869
-143.771
144.891
-31.44
-137.851
71.1086
144.914
-145.383
-43.5086
-14.0686
143.886
-144.434
144.651
-126.034
-145.109
-144.217
-145.76
144.343
144.937
-143.566
144.869
-144.606
-144.343
144.949
-145.623
-25.2
9.95429
-45.2
-144.491
144.583
-19.4514
-144.994
115.589
145.291
144.937
142.823
144.88
3.56571
144.606
-145.714
145.246
-145.851
-10.9829
143.714
-144.583
-0.525714
145.234
145.314
144.606
144.823
-123.383
144.617
-22.5714
-143.223
74.16
-145.2
143.623
144.709
-145.2
144.606
144.834
-145.269
24.08
109.6
60.7657
-144.971
-144.971
142.926
-145.509
-145.509
135.577
-144.617
144.709
-144.366
-143.794
-145.726
33.2571
-139.977
144.503
-122.286
-110.503
126.091
20.5714
50.0343
-145.177
70.9143
-145.006
5.55429
-16.1829
140.274
-146.023
145.12
-77.5657
-65.6686
-3.53143
-145.886
-67.2229
58.24
144.057
-86.8571
-138.194
145.017
5.55429
96.8114
-45.8857
-16.0229
138.937
21.4971
143.863
9.54286
145.131
-144.743
54.24
-144.137
16.9257
-145.44
-144.274
-14.2057
-145.017
13.2914
145.2
-106.48
-1.82857
145.234
0.674286
2.93714
144.64
-50.5257
145.269
145.429
145.223
-6.67429
144.789
17.1086
-144.743
17.9543
144.251
144.629
144.331
-58.5714
145.417
117.566
144
-143.851
144.034
144.971
-143.954
100.914
-70.3771
145.234
105.383
-145.131
88.7657
-15.7714
-144.011
144.423
-87.7029
113.2
143.303
-145.703
132.617
-144.811
-144.789
-15.5314
145.44
-145.726
-145.017
11.5657
-22
144.743
136.891
121.806
144.32
10.4914
9.29143
144.149
-33.5771
145.257
27.2114
144.514
144.857
144.686
-11.1086
-145.337
-143.257
-5.90857
144.903
-145.669
-17.2457
-144.891
142.88
-144.137
-144.846
-7.12
-29.92
145.669
11.44
144.08
-143.943
144.366
-144.571
144.354
-144.72
19.4629
144.743
-50.1257
144.789
10.3314
-27.6229
-4.06857
-144.754
-144.594
-145.074
-143.463
-3.58857
-31.92
78.3314
-145.234
145.497
-49.8286
48.2629
145.509
-145.109
-144.354
-5.2
-9.46286
145.589
144.263
145.189
143.943
-14.4
-143.291
-144.023
145.04
145.6
-145.371
144.183
-120.88
143.84
144.594
112.606
-37.1086
126.503
-85.4171
-144.491
54.6743
-144.057
-144.926
-25.0171
-116
34.72
145.246
41.5086
-20.5943
145.12
144.846
-123.749
145.509
130.149
109.463
-12.1829
127.623
144.229
144.834
145.154
-144.537
1.77143
-134.709
8.70857
6.12571
31.1429
144.091
145.314
-144.64
-13.0171
-12.4229
-111.074
-144.297
-145.657
41.9314
-144.926
-145.349
144.423
33.4057
-144.811
-145.657
15.8514
3.68
144.8
31.8057
-18.64
-71.2571
18.1943
17.8514
-47.44
-144.08
-115.451
-143.931
-145.086
136.8
-30.32
144.183
-23.5771
144.709
145.36
53.8743
5.81714
47.04
-144.823
127.326
-33.1429
144.663
-145.611
-145.806
-144.56
20.5943
145.669
22.7314
-145.223
-13.9657
-144.217
-129.817
-136.411
139.486
-144.137
-34.32
-124.96
-145.051
144.903
20.2629
-144.263
144.88
-144.491
-20.56
-143.886
-145.554
144.697
133.623
-144.606
-143.337
143.68
-36.2971
145.086
-145.577
-145.109
-144.651
-144.286
-142.434
-145.497
144.423
144.331
-144.606
-145.349
-17.4057
145.017
134.663
126.366
-122.983
-145.623
-67.1543
145.703
144.526
-17.6229
144.937
145.086
-3.65714
-143.966
18.7886
-9.22286
-145.44
-145.383
112.629
-125.177
56.3314
-120.137
-24.8457
-115.097
-3.53143
144.949
145.543
145.246
-145.463
-57.0286
-145.189
18.1371
-46.0686
-144.171
145.086
144.377
124.549
49.6571
-38.6629
142.64
-145.589
124.617
145.817
144.994
42.6286
19.8057
24.9371
-113.337
-143.36
144.263
144.914
-70.8229
-28.7886
24.8343
-125.211
144.286
145.086
145.509
-14.72
143.874
-144.811
-91.7714
145.063
-145.109
144.594
-145.611
8.83429
144.869
-144.571
134.64
16.5829
-13.5657
144.903
145.806
145.017
145.417
40.5486
145.12
-143.954
32.3886
-145.771
-145.189
144.286
144.423
144.263
-144.914
142.731
1.42857
15.0743
-32.5371
-37.3829
-144.057
-145.257
-144.629
-82.3086
-144.137
140.937
29.4629
30.3086
14.2057
-4.16
-145.429
2.74286
33.2343
143.691
145.863
-145.989
-24.4686
144.64
144.926
-145.086
-145.691
144.069
144.789
-145.531
-144.023
145.303
-145.166
143.394
6.06857
144.789
145.623
-145.909
2.50286
145.04
-145.703
46.8686
-143.669
-145.017
145.634
-35.3029
31.4857
144.903
145.303
-41.8743
-33.8971
-144.434
145.223
-144.697
15.8971
-144.731
-8.30857
21.5543
144.583
-145.92
-117.794
145.36
144.686
22.5829
-145.68
-22.4
-145.497
-13.7143
-123.109
-145.646
-144.971
-143.931
-47.5886
-143.669
144
-144.96
-144.56
145.486
145.04
-40.0343
-92.1829
143.189
144.457
3.05143
135.051
-145.246
144.16
145.691
-144.331
99.1886
144.709
-132.949
-44.6057
-144.846
-61.68
33.4171
-21.2
-145.577
-144.526
145.109
11.0514
136.491
-144.949
92.5943
-144.846
-145.783
144.571
-37.9543
143.851
-145.143
-143.28
-29.6571
58.9943
144.091
108.091
-144.4
-145.006
144.72
-145.154
-112.16
145.269
143.817
4.50286
-4.44571
-127.086
-50.3886
21.9086
5.61143
23.0057
145.417
-144.469
145.2
-4.64
-35.92
-129.874
144.823
113.211
-145.486
-52.7429
144.823
145.029
-14.7429
-9.05143
144.08
8.12571
-90.3771
-55.3943
144.743
144.994
145.897
145.074
-145.109
-144.126
11.3714
127.977
144.64
-61.7943
49.3029
-121.623
-63.6229
-145.76
-145.246
145.783
145.166
-8.05714
145.006
-145.326
-1.64571
145.029
-13.9543
40.2857
16.56
-145.269
-63.5657
144.217
141.074
-5.72571
-144.423
0.845714
-21.4629
132.663
144.514
137.543
145.531
144.354
34.3657
-145.234
-125.783
15.8743
-144.583
-91.4514
-119.246
144.549
145.291
-144.114
-145.337
-122.583
144.126
-144.766
-144.629
-7.26857
-14.8114
-144.034
-127.234
-43.6114
-32.5257
-144.263
-34.4229
-5.02857
-77.2571
86.9371
14.1029
-17.3143
-6.69714
144.971
145.6
-37.6
145.486
144.629
-9.30286
144.994
-144.651
-144.994
-3.16571
144.011
-85.6457
24.0571
-144.846
-145.874
-144.983
144.48
144.583
-145.52
136.446
-135.726
-144.96
-53.9314
-9.85143
-11.3371
140.663
144.16
-23.5886
144.594
-32.9143
23.8514
136.286
-144.903
-101.223
-145.257
144.514
-144.389
-85.0629
-11.0171
7.76
144.891
-34
145.509
-111.246
143.006
130.343
-145.44
-10.4343
144.503
143.669
-145.566
-145.463
-145.531
-41.1771
6.03429
145.657
-55.92
-145.52
-38.16
137.943
144.16
-145.68
-16.3086
-145.383
18.0457
-18.5714
144.777
-144.503
-145.017
19.84
-43.9314
-144.4
29.7486
-8.36571
-45.5771
145.394
144.846
31.5886
10.8343
145.669
37.8857
29.68
-144.56
-22.5371
-8.16
143.314
-145.303
-145.68
-145.269
-144.091
117.269
-15.5086
-142.949
-126.983
138.834
14.0914
-5.37143
-144.903
16.4343
-28.0114
144.469
-47.1657
-144.834
-0.0114286
-116.903
-144.469
-24.5829
-144.583
145.623
0.0914286
124.286
144.949
-24.1714
-145.166
-103.04
-145.451
-20.7886
-142.069
-146.183
-14.8229
143.92
137.989
-144.72
145.177
145.314
-145.04
-36.2743
144.983
-145.406
-144.891
144.903
144.286
-145.589
143.097
-145.177
144.983
-144.674
144.446
125.92
28.2743
145.417
138.754
-143.989
33.2914
-73.6343
145.28
-49.0057
48.8571
144.377
-34.3543
136.937
144.343
-21.2343
-42.1829
144.309
143.989
141.12
144.034
-145.326
145.097
128.663
-144.857
-145.36
-142.091
86.6514
-145.086
-127.017
144.937
-145.394
144.274
8.91429
-144.137
-7.96571
-22.0114
56.16
65.8514
-144.286
-145.406
-29.7257
-145.68
51.3486
67.84
-145.691
-24.8
145.44
-144.994
-144.251
-126.331
145.806
-120.949
-34.1029
144.457
144.343
-145.406
47.2343
-87.8857
-144.789
144.48
25.52
-145.634
-106.457
-139.794
145.143
-88.9029
-144.846
145.714
11.8857
144.171
-49.5771
38.8114
-144.994
145.326
-145.223
146.194
35.7371
-29.8286
-146.057
-3.90857
144.96
145.383
144.469
143.909
33.5771
144.057
-145.131
3.34857
9.63429
-145.234
145.406
123.531
5.23429
-43.2686
-143.806
-69.3029
-144.709
144.869
-145.714
-2.24
144.491
142.446
-144.869
122.24
-102.263
-145.2
145.086
145.623
-143.429
-128.949
145.509
-30.88
-144.377
37.0971
142.937
145.726
144.686
144.457
144.834
145.303
144.423
39.6686
145.497
-144.88
17.2914
143.726
-2.59429
-144.857
21.0514
141.52
-117.886
42.8571
-146.149
144.651
-123.829
144.571
144.777
-105.977
-144.411
-59.68
-35.0629
-145.12
124.4
144.331
-145.097
-145.097
144.686
144.617
-143.817
145.04
33.36
144.48
144.491
-144.343
-144.857
-125.886
-144.709
-143.737
33.12
-144.914
-144.48
145.12
-25.76
145.269
-144.389
143.909
41.2229
10.56
137.383
-125.623
-145.589
144.846
145.371
27.7143
-6.50286
-144.949
143.966
121.2
144.949
-144.811
-144.491
-144.514
-144.8
144.491
-145.657
-51.2
-145.349
-145.714
43.9771
-33.36
-4.96
144.937
-144.526
41.5886
29.0171
-145.611
-25.5771
145.737
7.93143
-145.246
144.777
144.023
-81.84
111.931
5.32571
-4.05714
-145.417
-23.44
18.9943
-144.32
-144.469
-144.891
54.3771
-139.383
27.5429
-145.303
145.074
-145.417
145.246
-39.2
144.149
126.72
-141.177
144.651
-143.474
-43.7486
-23.44
-143.977
126.149
-145.257
-144.32
12.7086
144.457
25.0286
-133.794
-144.857
-45.7029
144.446
-144.297
-63.84
-4.06857
-145.394
-145.6
-145.006
139.269
144.594
144.274
145.166
-145.234
-144.777
-109.749
145.143
103.577
-4.11429
-126.469
-6.86857
-145.086
-145.04
16.6629
17.3029
-9.98857
-145.36
143.2
145.154
7.09714
143.577
141.771
29.36
-144.686
145.691
18.8
-146.16
144.629
2.86857
-144.537
-134.32
145.097
-145.657
-133.291
72.4
-14.1714
-144.286
144.994
144.8
-9.16571
-41.9543
-144.994
-145.36
16.9943
-145.497
76.0571
145.131
-144.149
21.3714
-17.5543
145.257
145.12
145.76
-144.96
-145.246
-145.337
36.9257
143.566
-97.0857
45.52
144.08
143.52
55.9086
145.177
-109.714
-144.606
6.73143
3.32571
145.211
-124.023
144.629
-39.3143
-143.406
145.749
-19.0971
-135.703
-33.3029
-145.463
-7.87429
-144.549
-143.577
-145.543
-144.4
-145.166
143.12
-26.8914
-111.429
144.149
22.3429
97.2343
52.5714
-51.4857
144.537
-145.44
-144.389
143.509
144.526
145.669
80.6057
144.731
-1.55429
-143.84
-145.943
62.8229
-145.303
145.28
102.503
144.697
-143.851
145.954
-30.1829
-140.343
145.383
144.446
40.3657
143.6
49.7829
53.6571
-9.90857
-145.943
144.903
-145.771
-17.1886
145.006
143.92
14.6743
105.2
-143.554
-144.651
144.24
143.931
145.554
43.7486
145.28
143.863
-145.086
144.629
20.0571
144.846
144.011
-144.594
143.577
-144.446
-145.189
-1.25714
54.0457
-145.131
145.154
145.063
-146.103
-15.0629
145.2
-145.097
-129.829
-144.56
-145.371
-144.537
-144.983
144.457
145.634
144.789
143.943
-144.754
-26.8114
1.44
17.7714
-31.0057
-145.166
-144.583
-144.537
-144.411
23.3829
11.3143
143.737
-7.70286
-42.1371
145.086
-16.6743
-145.28
-6.96
-127.531
144.274
-109.726
-145.851
144.491
-143.623
144.64
-43.9543
145.669
-11.8171
3.40571
144.811
-44.96
144.446
-145.28
-145.577
144.48
-144.114
144.343
-144.914
-144.411
-145.189
-145.657
-144.594
80.64
142.96
-144.949
144.64
37.04
-144.354
35.4514
145.074
11.5314
-144.971
25.76
144.777
145.371
145.109
-145.074
-145.394
12.5486
-145.246
-145.406
25.3486
-1.62286
146.183
-11.84
90.4343
-2.65143
144.389
30.6629
145.211
145.223
89.3143
51.5543
-33.5657
144.663
142.046
-145.509
-144.983
-47.36
8.68571
144.686
144.377
145.314
39.3829
-8.33143
144.583
-59.4857
-144.583
-43.76
145.566
-7.55429
-146.171
143.829
-143.966
145.154
145.543
-108.617
144.32
144.96
-49.1314
145.303
145.269
140.297
144.583
-54.6514
-4.72
145.68
-144.914
144.903
-17.2914
-48.56
-144.754
5.04
145.109
-7.71429
-5.26857
145.337
-18.5714
58.3086
133.463
-145.68
-17.2343
144.903
22.5943
27.28
-146.069
144.937
-144.194
-43.6914
-119.074
-67.0629
51.4857
82.5029
99.9543
-145.234
-125.417
144.594
145.177
-144.434
29.4171
144.88
145.68
145.92
46.96
144.926
144.674
9.10857
-144.537
145.189
19.04
-144.046
-145.44
25.4057
-144.743
8.06857
-145.04
-145.451
-25.8057
-75.1429
145.074
-15.4057
145.806
144.571
-144.926
11.12
4.98286
22.8
-113.486
-145.371
139.909
-145.006
-145.291
68.1029
4.59429
32.8229
24.2171
37.3143
-52.4457
-11.7829
93.6343
-62.3086
26.8457
-119.52
145.497
144.503
125.76
30.8914
22.3657
-144.08
-143.806
-144.206
-115.017
145.383
-33.6
-145.737
-26.8
25.7829
145.554
104.149
-5.87429
-144.88
-145.189
144.503
73.3829
144.069
-144.823
143.669
-30.9486
143.383
36.4229
144.777
-143.886
141.783
144.48
29.9429
-143.92
-144.08
144.469
-1.79429
-22.0229
143.486
20.3543
144.823
-83.5771
36.0114
19.8743
144.377
43.5543
-145.337
24.8457
9.01714
-139.897
-144.983
-23.7943
59.84
-144.846
-144.731
144.743
-127.166
133.177
-4.49143
144.206
144.206
144.263
-33.9314
144.137
22.8229
-144.514
-44.7314
-145.326
33.92
145.189
143.154
-125.029
145.669
-52.4114
144.731
40.6629
55.0057
145.326
11.2571
144.629
145.474
-142.046
-137.863
-11.6114
-145.897
-18.9029
144.571
143.2
145.68
114.274
113.349
145.6
3.66857
-43.0057
-144.766
-22.08
145.303
144.823
144.32
-125.383
-145.326
-13.7371
144.457
144.583
-114.8
-11.2
144.903
-145.12
33.2229
-145.451
-143.543
-40.4343
-145.349
144.309
-145.589
-144.423
-144.56
-144.423
-7.00571
145.143
-144.537
103.909
-145.6
-144.697
144.72
144.514
19.76
-80.6057
-145.189
21.7486
-144.549
-145.726
-2.34286
23.3829
-144.983
-35.7143
144.651
144.526
-6.61714
144.811
-145.349
-143.909
-140.869
144.331
-64.5829
-27.1771
145.109
-12.1829
-145.886
144.937
-107.634
145.691
-145.109
-145.097
-30.9829
-45.7943
9.96571
143.726
108.777
-145.851
19.0857
-1.62286
-9.65714
11.2686
-4.22857
129.703
-34.2857
24.3429
-144.377
80.4571
58.6857
145.349
-145.394
20.6743
-145.703
-48.1371
-144.914
145.451
144.171
-143.874
-3.08571
-51.1886
-144.914
38.3886
144
139.166
-144.754
-145.657
145.509
145.143
-145.783
18.3657
145.417
-134.583
142.423
63.9771
-133.349
-145.029
-145.543
-144.411
24.7886
-14.9486
144.811
-144.983
144.32
143.943
-144.697
-14.6629
145.406
-121.211
-145.977
68.9029
144.274
144.217
-145.451
3.38286
11.0286
-139.714
16.2629
144.217
-13.8743
145.12
33.0171
145.177
134.046
-143.749
144.069
144.171
-144.446
143.554
11.6
145.04
100.834
-144.789
145.269
-144.789
-59.3371
29.1086
-145.314
24.7886
-143.943
-20.3886
-145.291
144.434
-144.4
-65.3257
44.16
145.783
128.023
9.12
-143.954
10.0229
144.48
-145.04
-145.154
143.76
-144.091
-145.234
-25.0629
2.19429
-145.177
144.503
-145.6
8.34286
144.891
29.5886
46.3771
-18.7429
145.074
-144.503
-137.829
144.526
-105.463
-33.8971
117.051
-145.68
-127.977
54.9486
-6
-144.617
144.846
-145.463
144.697
-144.617
143.634
-144.891
18.0457
-145.303
143.806
-22.9943
42.6514
144.971
109.909
109.177
108.194
-142.526
55.7714
144.24
-143.223
-145.154
-144.857
144.571
29.5086
13.8857
-145.04
144.754
-8.33143
-143.029
-145.189
144.8
145.086
145.349
30.8686
145.143
1.93143
-17.5429
145.017
-132.32
-144.206
131.234
-145.657
-146.046
-141.817
-144.857
-126.103
-144.937
145.234
-145.371
-144.48
144.754
-145.109
145.417
-101.84
30.1143
144.674
-143.84
28.0343
3.70286
144.72
-144.674
6.02286
33.6114
-145.029
119.771
140.297
36.9257
-145.291
145.257
143.634
145.337
89.5543
144.686
-143.783
-144.811
144.811
57.4971
145.109
-62.1714
-145.28
38.0571
-0.514286
-145.28
144.777
145.463
143.726
-48.3086
-144.926
144.366
-144.194
48.5829
145.211
-32.7771
144.697
31.2686
-129.657
-7.87429
-144.617
41.1086
-131.326
-7.2
145.771
-58.2286
-122.171
45.3943
-144.411
-101.28
-144.126
1.45143
-144.503
7.24571
16.9143
144.446
144.64
143.109
40.1486
-144.8
-145.017
-25.9429
144.446
-117.2
144.926
-143.749
-36.7886
103.611
-34.6286
-64.3543
134.411
143.909
19.9086
45.8971
111.68
20.9714
-145.063
145.543
145.829
-10.1029
4.90286
-36.72
143.269
58.1029
130.754
144.057
140.743
144.789
144.663
-70.8914
-144.72
-145.36
145.269
-145.451
-127.2
145.017
-145.314
142.983
144.309
-13.3029
-45.9543
-144.754
29.52
49.4857
-145.371
144.663
145.291
-143.691
129.28
145.509
-8.73143
-145.394
-144.914
-145.634
-31.1543
-124.594
8.01143
24.2057
33.6571
-9.70286
-145.051
19.4743
-43.5086
127.646
4.45714
144.606
3.73714
-140.286
-145.646
-145.474
144.869
145.234
145.543
-145.223
-145.143
-145.177
-145.303
126.491
144.651
-145.349
144.823
130.731
-144.823
-27.1886
47.2
-144.446
-118.686
143.326
-145.189
-145.143
91.4171
7.33714
-29.1543
15.8286
-146.023
17.8629
-17.9657
145.029
-145.6
142.48
-54.3429
144.217
144.366
145.2
-144.96
-144.846
-20.3886
-145.509
47.0743
-144.709
145.234
-32.7086
44.2629
-20.5829
55.5429
-144.811
145.451
144.88
144.697
-144.457
145.029
-141.566
-2.20571
36.7886
-7.23429
145.623
-144.811
145.383
-8.25143
29.1543
-144.914
-21.7714
-94.9029
144.446
107.029
144.663
19.0857
145.611
-144.686
-144.743
-54.5943
144.903
-145.406
-7.49714
10.9714
-27.6229
-144.994
-119.166
7.78286
-18.2971
22.2743
144.777
-5.15429
-144.069
-144.446
144.823
-145.417
146
0.72
144.514
-144.88
145.074
143.726
42.5714
10.3086
2.28571
-145.737
144.766
144.766
-62.2971
-144.8
-145.451
-144.686
145.44
144.8
-20.9714
15.2457
-143.714
-144.88
145.143
142.56
107.726
144.617
137.851
-23.6114
145.051
-40.3771
29.0743
144.629
20.2743
144.606
138.629
-144.606
43.2
144.103
-18.4229
-145.314
-3.29143
-45.52
145.074
145.52
17.3371
-43.3371
-144.537
145.52
-44.5143
-145.611
-144.697
-145.771
-145.086
43.8971
24.4457
-145.154
-24.0914
41.12
145.726
1.63429
145.28
25.3257
145.897
0.914286
-15.2914
-145.12
-145.451
-144.949
145.131
-16.8571
-145.474
-31.4629
-145.669
29.9771
58.9829
7.93143
144.126
48.0343
10.5143
51.9086
83.6343
-144.297
-145.314
-64.9143
-145.806
-144.891
118.731
-144.811
145.189
-145.269
-135.04
-145.566
-2.90286
-62.9257
17.6
-42.8686
144.686
-144.537
-113.029
-144.069
15.1429
-138.366
145.246
-87.7943
-143.463
145.417
-145.714
-144.571
24.6857
-145.531
145.291
143.806
144.446
144.697
142.754
-9.18857
-144.926
-145.589
130.869
-24.8343
-23.6343
3.54286
143.371
145.211
-119.337
144.926
-34.2057
-145.646
144.789
-145.554
133.863
-133.326
-52.4686
-144.811
51.9886
-144.789
111.817
-129.109
143.36
143.829
-18.9829
26.0457
143.897
144.583
-141.6
-15.1657
-145.6
0.114286
144.72
11.6914
5.06286
-145.063
138.971
145.051
144.331
-144.057
-145.623
-144.206
-93.2914
126.309
11.9543
23.4057
145.394
-145.28
-51.0971
144.994
-145.474
-23.3371
4.50286
19.6343
145.097
-13.0857
-1.12
-5.23429
-144.057
-144.709
-131.44
144.983
-28.96
12.08
144.457
-43.5429
-0.96
-132.72
144
-69.7943
-144.8
-144.126
145.211
-145.84
75.3943
-52.6971
-62.2057
52.48
36.6514
143.954
113.349
-144.823
-145.509
0.811429
-144.446
-18.9371
124.194
-144.526
-144.743
-64.7543
145.406
-145.051
-145.669
-144.743
34.4229
145.223
-144.663
-135.714
17.4971
112.411
144.663
-114.983
-143.429
-47.7257
-109.92
-145.703
-145.257
-102
-26.9943
-145.326
144.057
-100.583
144.411
-4.75429
8.77714
144.64
-145.589
-145.223
-144
73.8171
-106.126
-145.577
-18.4114
-15.5429
-19.1086
-40.72
-1.02857
144.526
145.154
145.76
-32.48
145.291
143.68
-11.4286
33.6457
144.594
132.903
-48.5029
-15.4286
145.143
144.48
-112.24
-11.8743
145.143
0.708571
-144.823
144.457
-144.343
-144.457
144.743
-144.96
114.926
-41.8286
-145.12
-145.166
144.777
144.983
143.977
-143.829
106.697
-142.457
106.971
144.72
145.394
-13.2571
-144.331
-145.143
145.211
-144.434
-116.8
144.777
144.091
-144.491
-145.486
-145.234
144.949
-141.623
-144.446
49.9657
145.337
-13.6914
-145.166
-117.851
19.1886
27.4629
-145.566
-145.417
118.469
-22.2629
-143.474
-145.794
145.589
-145.097
145.029
145.006
-36.8457
-145.589
-110.469
145.2
-146.217
144.663
-142.949
145.177
86.3314
145.84
145.577
-144.697
88
145.531
-145.086
145.154
-143.954
127.806
73.7257
-30.8686
146.034
145.177
-145.131
-145.566
144.4
-143.337
100.697
-144.16
145.2
145.566
-11.3029
28.8
-77.7486
-140.297
21.1314
-57.8057
-34.8
-115.44
64.3657
-145.417
27.1543
145.577
112.663
-7.32571
144.411
144.56
-83.0857
-72.9257
-97.6686
-144.457
145.211
-127.954
-35.2229
-144.32
144.891
-144.194
-8.98286
144.526
145.143
144.914
-145.223
144.777
46.1029
-145.2
-145.943
-121.749
123.543
145.063
-145.086
-144.743
128.217
-103.806
145.017
144.891
145.154
67.9543
125.131
145.097
145.646
-144.194
63.7029
-143.543
-4.27429
-47.2343
-13.2343
6.90286
-144.823
30.7543
145.36
-90.0914
-115.577
130.903
143.977
-26.1029
27.7143
144.846
145.109
-145.931
-144.834
-145.349
27.4743
-21.5886
145.554
145.223
-48.8114
137.749
145.771
143.086
14.7314
143.817
-145.44
3.45143
129.943
18.2743
-143.211
-145.943
-144.56
-45.8171
-123.2
144.857
-145.6
-144.057
-142.114
22.0343
144.263
31.0971
-18.2629
-145.12
-97.6114
145.2
-145.154
145.463
-145.371
-143.6
144.457
-114.606
-145.566
143.966
144.069
-143.863
117.497
-4.74286
144.846
-144.72
143.234
-145.474
-145.337
144.617
-144.434
-119.954
-145.6
144.331
-144.686
-145.806
37.7371
144.72
144.411
145.623
-143.04
-58.2857
145.086
144.48
-145.063
-28.2857
-131.257
145.52
145.589
-2.35429
-145.406
-144.96
-144.103
-145.451
-145.383
6.08
-144.194
144.263
145.611
-33.7714
145.977
-144.229
74.5257
-138.149
95.6343
144.674
144.08
70.48
-138.72
-145.029
144.731
33.7143
-144.217
-14.96
-144.4
-41.4057
-144.663
-143.863
-90.9829
144.023
145.109
145.474
-145.223
-127.783
-144.674
9.66857
145.577
-0.308571
-97.0514
-145.017
-17.3029
145.234
144.286
-143.897
138.491
18.5257
-144.949
144.789
116.709
-145.451
-11.3943
53.9657
-144.891
144.846
-145.691
-128.754
145.2
24.6286
-145.006
-145.874
-59.0743
-144.514
-144.629
19.3143
144.743
-10.6857
61.4171
-105.451
144.709
-64.3886
144.309
144.389
22.6057
144.72
145.314
144.709
144.469
25.76
43.7257
145.36
-103.394
-144.48
144.366
-119.554
-124.834
-144.789
-125.074
34.7771
-126.8
14.8914
144.514
143.131
35.5314
144.48
-19.1086
-50.08
63.2114
-19.7486
143.691
-145.006
144.434
-44.2743
8.8
-143.783
144.686
7.65714
143.886
5.08571
125.977
20.0571
56.9486
145.943
145.749
2.59429
-97.9429
144.64
26.3886
-17.8286
-40.5371
145.017
-24.0686
-63.4629
144.434
-142.057
110.149
11.52
-145.726
-55.3943
-70.1943
21.1429
144.811
143.143
-45.9886
143.897
-106.971
144.926
145.371
112.823
144.217
-139.12
143.554
-144.937
143.657
-145.6
18.6514
145.029
109.566
144.126
58.3314
-145.269
144.926
74.2171
-144.731
143.874
145.497
145.029
145.097
-136.583
-145.12
-52.9829
145.349
123.211
25.44
144.937
145.623
14.7429
145.04
143.92
145.463
-72.24
-145.406
145.303
-19.6914
87.52
145.897
-144.091
145.28
-145.166
143.794
144.891
-143.611
-143.703
-136.811
-144.423
145.051
144.171
143.863
144.743
-145.051
145.051
144.766
144.937
8.30857
-143.589
-144.343
145.303
145.966
