11.88
-23.3714
-1.19429
47.8657
144.329
-145.066
-144.763
-62.3257
145.054
-119.009
-16.7886
-32.6
144.68
-145.454
20.9686
-144.686
143.94
38.9743
144.471
-129.377
-38.5371
-97.1886
144.657
-77.3229
-144.543
4.16286
145.117
7.93429
-21.1629
145.2
-8.38286
144.789
-145.066
-144.68
28.2686
144.814
-144.96
107.109
-145.614
145.403
-144.809
144.923
145.257
-144.934
133.026
-58.9857
-144.817
144.92
145.14
-56.52
144.591
-98.8571
145.249
44.2886
144.849
143.963
-145.46
-57.1714
143.643
144.329
-145.16
-20.6857
-15.8257
-145.083
-58.4314
-91.8371
-53.0829
145.274
144.929
57.8171
44.64
143.346
144.077
-145.4
-144.471
-129.237
21.0829
-12.4486
73.8629
118.226
144.403
144.263
-145.631
75.9057
-145.074
144.474
41.0943
97.7429
143.723
2.61143
144.489
144.583
-144.523
144.866
144.583
144.994
144.666
-145.151
144.26
-88.2714
-144.194
144.971
-134.98
-145.269
-145.394
144.866
144.146
-145.229
-145.617
-4.78286
143.949
-132.391
-21.7971
144.709
93.9314
145.126
144.383
144.463
17.1314
122.677
29.1
-43.0771
145.194
125.06
-145.349
-143.523
-145.04
144.58
-145.6
113.414
-145.311
144.306
-41.7857
128.306
-69.2657
144.777
144.091
134.009
144.66
140.794
144.597
144.917
145.757
145.22
27.0343
-33.2171
12.8886
144.951
-144.64
-144.774
144.809
144.226
-20.6714
-144.566
-144.74
136.86
16.48
22.6371
145.303
-144.697
144.591
145.551
111.809
-144.374
-144.849
-145.771
63.5286
140.494
145.446
-145.266
-21.6343
111.711
5.88571
-0.0514286
-145.22
-14.8914
38.1286
145.034
144.457
145.2
55.2657
114.637
109.506
144.783
145.12
144.84
143.254
-145.611
2.62
-144.891
-22.7086
144.354
144.777
137.714
-127.6
-145.063
-145.291
144.92
144.18
-23.7914
143.951
-3.34857
26.1143
-145.051
-145.414
144.806
-145.034
145.049
144.686
-144.88
145.189
45.8
-49.08
-90.2229
-144.783
8.45429
145.257
145.097
-145.82
-145.28
-100.891
60.8629
145.397
-2.11714
145.091
-4.40857
144.257
144.477
72.0486
145.249
144.32
-17.4257
7.93429
139.611
-70.18
-32.4857
118.789
144.723
144.406
-145.086
144.497
60.4829
144.826
81.0257
-141.757
28.8114
68.5743
53.4086
-9.67143
-145.089
145.04
12.2
145.526
144.849
-135.697
132.877
144.911
144.771
-143.231
-19.1429
44.7657
-145.186
144.5
-143.389
-14.1943
-145.303
-43.6571
143.569
-145.137
-145.229
28.1086
-144.726
-144.797
-33.8057
145.274
145.397
143.566
144.877
-145.371
-145.494
-145.269
-144.851
144.743
2.02571
143.914
5.23714
39.9286
68.8914
-12.1257
-145.437
-144.951
-144.789
-145.106
144.509
-14.2771
-144.991
-145.011
-16.6486
21.1457
144.397
-144.186
1.54857
144.949
-134.503
3.40857
144.971
-121.92
-8.09429
36.0314
144.809
-36.9486
144.611
144.091
-145.146
144.486
144.691
119.297
-139.597
28.6029
144.689
-144.963
11.76
144.709
-145.163
-4.40857
-144.94
144.883
-145.4
-117.823
-145.163
-134.523
-44.1771
22.1886
144.411
10.1571
-31.7771
47.0457
-144.943
-145.151
-145.351
-143.463
4.01714
14.7771
145.254
-144.849
145.48
144.911
-39.68
-144.423
-145.02
145.214
-110.503
-144.291
-145.131
144.911
26.7314
-27.9886
8.89143
-48.7
145.48
-14.2943
-145.191
143.857
143.714
-5.60286
137.589
-145.191
145.194
-24.0686
-144.191
-39.2114
-144.82
-28.7457
-144.56
142.791
35.5771
46.62
-145.006
-145.009
-99.98
-145.491
-145.423
-142.971
-145.194
144.763
44.7457
-129.243
-119.189
-145.303
-30.5486
-144.337
-24.4743
144.8
-144.203
-145.269
-145.463
-96.2886
-144.894
-144.731
-144.737
-144.186
143.24
-145.029
128.989
144.26
145.34
-145.431
137.474
144.211
145.226
144.434
145.114
144.694
-145.657
-45.6543
-144.849
-129.371
144.697
-144.929
-29.6914
-145.126
-144.774
-144.671
-144.169
46.36
144.823
-144.671
-28.5314
143.066
-13.8914
145.271
-145.123
-109.8
14.4657
145.114
-145.134
-144.809
-137.94
-145.206
-144.709
-144.623
-145.251
-144.311
144.843
143.971
-144.849
-30.9057
143.24
-49.0829
145.294
-35.2
-14.7
-144.443
-145.283
-35.4886
144.709
-3.37143
-89.3257
-144.071
-145.5
145.194
144.9
144.437
-144.883
145.469
143.774
144.509
144.003
142.363
-144.886
-144.914
115.769
-132.494
-18.08
12.9229
22.0771
145.134
145.217
-3.90286
144.803
-94.0029
144.951
144.257
-6.38571
-144.717
-144.874
-27.6486
145.363
143.309
-144.971
144.743
-20.1257
-12.98
-35.5943
143.677
-145.223
144.746
-145.131
108.42
-145.066
-145.56
-145.249
-2.70857
-144.906
-25.6571
-71.4971
-144.526
144.814
-145.451
-145.343
-62.7514
-144.829
-145.246
-145.04
-144.389
-123.777
-144.611
86.9886
144.554
19.8114
-54.6343
38.5629
-144.969
145.094
145.317
144.78
145.043
-145.209
-144.834
-145.366
-144.277
-105.954
145.231
102.026
144.289
-32.6886
145.066
144.366
144.789
143.68
-36.3486
63.6971
144.103
39.0943
-144.134
-144.957
144.583
126.917
44.66
32.5829
143.811
47.2629
-117.894
-144.794
143.849
-145.211
-144.48
-133.231
143.031
-1.74857
-145.077
-39.7543
144.214
136.683
37.6429
-7.00571
15.4114
144.911
-112.54
13.3257
26.22
144.649
-145.083
5.02
22.1657
144.86
39.0971
131.449
144.597
-29.8
-82.5143
-19.5571
145.386
143.831
28.7171
-99.4057
-11.3257
144.763
-145.197
144.631
-105.831
-144.014
-122.411
144.126
144.383
144.417
-18.3514
144.417
-145.091
2.45714
145.531
145.003
-34.4857
-5.41714
144.963
-144.963
-17.0829
144.837
-6.19429
-43.8229
144.757
-145.046
144.766
142.7
143.194
22.5714
17.32
144.731
18.1829
24.8086
-114.64
-144.383
144.666
-145.129
144.514
-145.326
-144.82
11.6943
-95.6114
36.72
-97.7143
144.929
144.891
145.017
142.777
144.906
-144.986
47.98
-52.7971
-144.903
145.146
-105.4
83.7943
145.56
-20.1543
-144.474
-126.857
-145.283
-144.429
-139.329
144.789
144.403
-145.04
52.7829
145.029
-145.026
134.446
-145.04
-37.18
-40.8514
-144.209
-78.4943
144.134
144.363
130.811
-144.843
-144.849
36.6343
-145.42
144.809
-86.5571
69.3886
-145.08
-144.794
-145.063
43.9971
-144.614
-144.706
-144.706
144.714
144.291
-71.4714
-25.4686
-34.2571
-145.031
-144.794
2.86
-144.546
144.314
-145.14
-28.2771
144.363
-8.00571
56.6171
53.2514
144.183
145.091
-145.174
-24.7657
144.354
-145.02
138.686
145
22.3343
20.8886
133.603
-145.109
144.997
143.214
144.763
-145.091
47.7771
23.6343
-9.42857
144.134
-145.163
144.671
-145.151
144.963
144.906
143.831
-13.1114
112.337
82.2314
36.9629
-115.557
144.657
145.146
-60.9857
-144.64
144.123
-145.171
145.263
143.789
-4.81429
-143.991
-5.80857
-145.22
-144.931
-144.917
-39.4743
-145.146
-145.066
-144.823
144.846
-145.157
144.703
107.146
-144.514
-144.977
144.66
144.04
-145.249
-145.1
9.78
33.3829
64.7343
-35.2743
-145.346
144.917
-63.76
145.266
-145.354
-26.0771
-33.4114
-144.191
-3.23714
-106.76
144.649
-145.274
-21.8514
-145.497
-145.069
145.023
-6.57143
-145.489
-145.286
144.534
-5.1
143.503
-145.469
12.2943
-145.077
46.96
-115.149
145.234
-145.429
59.8914
-4.15143
144.611
144.503
102.529
-34.8629
-145.051
145.117
-31.6543
47.3657
-99.8314
-144.969
-144.766
-131.734
6.90857
144.42
144.971
47.3171
144.206
138.831
21.7171
-36.0543
144.671
-145.011
-144.091
-145.017
144.434
144.486
-143.986
59.4143
144.766
-144.814
-144.62
-2.85429
-20.36
144.183
19.2057
22.3657
-16.6743
-145.046
30.0029
145.251
94.1686
-144.574
145.32
-144.871
25.4543
2.44857
-95.74
-135.477
-41.7143
144.103
28.3914
-44.0371
20.8314
-145.031
-144.354
144.606
-69.3743
43.5686
-4.95714
145.106
-2.17143
-144.597
4.58571
144.686
-144.446
-144.331
144.263
144.414
-13.1314
-144.811
-32.8657
-144.857
145.18
93.5571
144.68
17.6257
145.42
144.394
145.194
145.206
-17.2371
-41.4943
118.126
144.223
-145.477
29.9086
66.5
144.754
26.5343
145.414
-143.177
-145.523
-145.12
-8.86571
-144.66
-145.351
-145.454
-145.36
-5.11429
-30.0486
-42.2743
-144.86
-145.237
144.911
27.6857
144.714
-91.7829
144.349
-144.477
-145.149
144.549
75.0371
145.24
92.5286
136.383
28.1514
143.8
51.3343
144.637
-125.957
144.697
-144.649
-22.06
-30.8629
144.454
-144.163
-145.337
97.6829
-144.78
144.966
138.869
144.714
2.56739e-16
-144.977
-144.84
-145.163
-48.4629
144.211
144.631
-41.8971
144.714
-123.463
-145.129
144.471
-145.54
-144.783
4.74857
8.8
-145.131
-16.2029
144.706
71.2
18.5314
-139.514
-28.1229
-145.269
-145.354
144.4
-145.311
-145.397
-58.1286
-11.2057
-12.26
145.149
143.857
144.951
144.56
145.2
144.497
-22.78
-144.989
13.9257
-144.289
-16.2171
-145.071
-144.646
-145.3
-145.377
-144.746
-115.537
-28.8543
44.5143
144.169
144.063
3.36
-21.9714
-43.3514
0.0685714
144.337
-138.54
-145.22
144.529
-145.14
-20.6457
-23.3029
144.154
142.989
-145.557
144.794
-145.5
-145.071
-144.78
-8.34857
-144.66
113.189
-11.28
-3.25143
-145.106
-30.3343
118.366
144.76
136.64
-144.657
-144.989
25.5857
145.066
130.009
145.263
-145.16
144.354
-10.2771
-9.63143
-32.0714
90.82
-143.914
141.737
4.14
145.409
-55.82
144.871
144.543
-36.9543
38.0286
0.354286
144.714
-140.186
-145.371
-145.191
144.671
144.786
144.791
-145.046
-145.451
-144.971
-2.95714
-145.36
-131.983
144.583
-5.80857
-145.231
32.56
-10.66
144.38
144.32
-32.1371
-13.0829
-5.51143
70.2657
144.651
-144.917
144.854
2.69714
-145.163
6.28286
-144.331
135.317
52.7029
-15.6943
144.837
144.437
-46.4229
145.151
-2.16
143.677
145.04
145.097
145.711
-144.483
1.53429
-145.277
144.646
-142.586
144.7
145.163
118.051
143.374
-126.054
-28.7914
51.32
145.151
144.9
111.774
-137.189
-115.706
-26.58
145.111
94.7343
-144.777
36.0429
-145.146
145.331
144.543
110.011
-144.731
-33.9029
-11.2829
145.229
-14.0829
144.849
-144.583
144.923
-144.891
144.394
-145.214
13.7143
144.934
-144.763
13.1629
-6.62571
-85.2486
-13.32
145.02
17.8543
-114.691
-34.8029
-144.614
1.61714
58.5743
144.617
-108.154
-144.989
145.231
-144.809
-8.04
-144.906
-145.491
143.846
145.043
-145.129
-145.529
-38.14
-145.211
-145.2
144.734
-144.089
-20.1914
-36.2143
-145.251
10.46
144.737
-145.26
-144.489
145.234
144.391
-112.22
-123.471
15.4543
144.434
32.1771
144.151
143.654
143.751
-8.78
144.249
-145.006
-144.68
-143.946
132.003
56.9229
-18.7143
-145.711
126.874
145.109
-2.2
-24.56
-145.469
144.637
144.92
145.243
145.377
8.38857
144.2
-145.18
-145.211
-145.16
144.363
145.606
-145.28
-19.6486
-144.577
145.177
-134.371
145.3
144.963
145.08
144.497
127.566
-122.48
6.72286
145.017
-55.5971
13.1029
25.3943
-145.154
-39.1486
-8.6
-20.0343
13.8286
144.583
-144.657
28.5857
-6.6
-144.209
-1.06286
-67.6657
19.5029
144.726
-144.629
144.483
144.82
145.554
64.2743
111.446
-144.617
-120.066
-144.923
-145.126
144.911
36.7571
-145.629
-133.994
-145.003
36.6971
-41.0886
144.229
-144.774
145.237
-116.429
31.7743
14.42
-145.169
-145.597
145.509
-131.034
-144.309
-5.60286
145.237
12.8429
142.846
144.937
119.88
144.069
-145.777
145.103
-66.8029
-145.56
144.654
-22.3657
16.54
-144.563
-101.066
-26.1771
-130.117
145.111
45.3743
144.206
144.863
-19.6686
-145.237
-26.76
-27.8829
143.246
-144.531
145.571
-50.2629
143.374
-144.62
-13.4171
-41.6543
145.657
-145.589
42.7171
144.937
-145.251
-3.14857
106.146
-145.543
-144.629
-145.166
-58.7686
-144.64
144.849
144.78
-144.5
-144.577
144.194
-38.6086
-18.1771
-144.654
-144.4
-9.32286
48.7714
144.86
144.131
-144.991
-20.0857
-145.569
144.711
-145.269
-54.9971
-42.9143
-112.731
144.806
19.7429
36.1543
-145.397
-144.369
-143.889
-144.991
-144.549
3.24286
-144.949
-142.337
-3.32857
-144.431
-63.9457
144.751
136.251
142.623
145.223
144.811
-144.82
-126.846
46.5971
142.874
132.3
145.154
-144.923
144.537
145.377
145.034
-145.637
-145.134
145.317
144.64
-115.894
143.474
-9.71429
-144.071
144.911
144.883
121.223
-145.177
144.911
-145.251
-144.283
-145.637
21.4543
-116.809
145.051
-144.629
-70.3429
144.977
-145.14
-145.389
30.7229
61.5171
145.046
-145.117
-141.197
-18.6486
-144.394
-39.1229
-144.66
145.291
24.0171
-33.1657
-145.211
-144.586
144.631
144.646
-2.16286
144.683
143.674
-8.28286
22.44
145.66
144.029
-144.971
124.206
143.857
-124.557
1.42571
-144.926
-145.234
143.634
-144.98
144.311
145.24
144.163
-112.326
-145.669
24.0514
145.189
-144.629
-144.983
144.509
-145.117
-144.88
-53.3743
144.72
144.226
-144.986
145.343
-3.27143
-144.543
144.911
144.871
-144.311
-47.0114
144.874
-28.4686
-145.011
10.4314
6.77429
144.886
38.3514
-144.009
-145.037
4.15714
-18.0571
143.134
143.96
-34.4543
-145.223
-92.9257
-145.411
33.36
-49.84
-19.0286
-145.146
144.929
-145.154
-33.94
-59.7114
138.517
-10.8743
-144.789
144.826
-145.237
50.92
-136.994
-145.477
144.997
-144.014
-43.1971
144.949
144.246
144.483
-145.049
144.234
-86.6971
-144.834
145.074
-145.126
-145.286
118.014
-13.2086
144.609
145.574
144.586
145.069
144.76
-144.88
123.811
-14.48
144.917
-89.0171
144.826
-144.489
-2.88857
140.791
-76.4029
144.817
-145.203
-58.8114
145.143
144.76
145.349
-17.7257
137.88
-29.5743
36.4857
-145.123
-34.5914
-40.26
145.054
144.08
-139.389
-144.397
-43.9543
144.709
-4.97143
-144.426
144.514
65.84
55.0714
-107.963
145.389
-145.463
144.36
138.977
-144.663
-106.686
-26.6629
-29.1343
110.954
-145.277
-144.431
144.654
144.92
-136.134
130.42
-5.73143
143.771
-26.2971
40.5143
144.783
144.631
144.217
-145.294
15.4314
144.697
145.677
-144.643
-11.0514
-145.577
-144.969
-145.417
-29.2286
-145.571
-145.189
-2.95429
144.557
144.494
-145.637
-61.2086
-144.311
-5.77714
-145.214
-145.234
145.151
-144.846
-3.6
84.8571
145.12
-42.38
-144.903
-144.374
-144.671
-115.843
25.5229
-145.131
-23.5543
144.034
-145.274
-145.306
35.0286
-21.4486
-40.2943
144.566
-44.5314
132.257
-145.117
-145.86
145.126
141.569
-80.5686
-93.9543
-144.534
-10.72
-144.737
145.129
145.609
143.851
-144.857
-144.891
144.357
-145.617
-44.7314
-145.023
54.5714
145.431
144.634
-144.791
-52.1086
51.3743
-143
11.6457
145.58
-18.5371
20.5629
-136.569
-144.589
47.3114
-145.057
-145.283
54.0743
32.5857
-129.974
144.854
-144.083
-145.609
144.917
58.3086
-145.374
-144.886
-144.706
-2.37429
41.6514
6.44
145.037
13.7771
-24.2886
-145.251
50.1457
145.18
7.50857
49.5743
-145.311
-144.637
-63.58
-145.523
10.7114
-18.1343
-145.169
145.083
-144.677
-129.723
144.337
5.64
145.066
-4.76571
-144.534
-136.197
145.643
-144.794
-94.4371
-145.171
-145.014
-145.046
14.7771
-102.834
5.9
-144.994
-145.386
-145.369
-5.94857
-134.766
143.84
-144.551
-144.471
21.1371
145.343
144.614
9.43714
-145.191
39.1086
-144.311
-124.817
135.151
89.9971
-17.7829
-145.546
145.403
31.0057
-135.963
-12.5971
-144.734
59.3657
20.5914
-145.017
-0.668571
144.566
-145.037
144.431
145
14.5029
-145.246
-118.431
17.8057
-145.543
-15.9457
-144.723
50.2314
-3.35429
-11.7429
144.84
-118.363
-27.5343
144.934
145.166
-144.423
144.02
-144.96
-145.037
6.05429
-144.254
145.143
33.8714
-145.357
-94.8629
-12.9
-145.611
144.726
-145.337
144.726
140.6
145.206
145.426
-22.5771
-3.62571
1.11714
-44.4514
4.81714
-144.803
144.657
-144.326
144.634
52.2457
-144.934
144.357
144.797
145.02
-145.046
-0.991429
-9.15429
143.769
-145.177
-119.866
131.483
144.683
-145.431
144.943
12.2743
144.66
-144.291
144.583
143.526
-144.146
-145.486
-7.06
-145.097
143.809
-1.94857
-144.637
81.2371
145.037
144.44
144.726
-18.3514
2.51143
144.377
-144.786
123.734
53.2971
6.09714
-10.3171
145.066
-55.3571
42.5629
144.28
39.3114
143.857
144.56
144.411
-144.797
-144.657
32.1486
33.8029
-145.166
144.386
-15.6543
-145.751
-144.28
143.303
144.549
-66.0114
-63.3343
16.6829
-50.7486
-145.203
128.374
-145.08
142.857
145.031
144.551
144.834
144.757
-44.3
16.1457
-3.96
-46.1543
61.5514
-145.48
-18.7914
-145.074
144.791
17.28
145.451
144.431
-144.866
21.2114
44.2171
-134.306
144.454
144.4
144.354
11.6829
145.431
6.11429
143.58
145.326
30.0429
144.32
-145.083
-143.509
-145.137
145.263
-145.02
25.1543
143.966
-144.511
16.4571
144.709
144.774
143.426
-144.98
-145.386
-52.0114
-41.7771
-2.86
144.057
-7.34857
-144.371
40.9914
144.489
114.303
145.383
-143.986
-22.2514
143.697
-145.177
-29.1057
-144.683
145.223
-145.351
-14.1286
-143.86
-145.449
-144.723
144.957
67.3943
12.8514
110.929
-145.591
144.714
-5.86571
20.4514
144.751
-144.443
-144.937
145.477
144.469
-145.383
-18.3657
144.849
-144.74
144.714
145.146
-145.229
144.943
144.986
1.32
71.0914
-6.70286
-21.5
-145.24
-9.41429
-145.123
144.466
-145.183
145.266
0.122857
-59.22
-145.071
30.1171
-145.137
144.374
143.646
-145.206
-145.4
-145.566
-4.32857
137.091
-115.969
-75.1343
143.789
-145.529
-40.7771
-13.7429
-144.889
-145.023
-13.6543
144.746
-143.943
143.84
-119.249
145.666
-144.617
141.92
-145.197
145.291
-87.8543
40.8229
144.32
144.711
-23.8486
144.023
45.5571
14.9314
144.526
-144.646
-145.351
-34.2086
143.92
-3.49429
-46.2943
14.3171
145.391
-2.19429
-18.6657
144.86
48.8457
82.5571
23.6514
13.1371
145.263
81.3514
-145.014
144.637
9.67714
26.52
-8.06286
144.806
0.0942857
120.183
144.4
-144.614
-10.4971
145.154
-104.751
9.32286
145.451
145.457
6.84857
-136.44
145.071
-91.9457
114.763
-144.037
41.6629
-145.24
20.12
145.397
145.537
-137.68
33.26
45.7057
145.257
-144.269
-53.0771
144.451
144.277
144.286
30.3914
117.026
-145.074
144.754
-145.269
-35.4629
143.014
58.1143
144.509
145.083
-144.269
-16.1257
-145.149
-144.86
17.9629
144.254
145.42
18.1514
144.906
-38.6771
144.974
144.643
-15.4857
-1.33714
144.563
-145.391
-145.023
-145.203
144.423
-9.63143
144.837
-21.2057
144.271
-87.18
144.226
-144.851
-30.9343
-144.677
-19.5829
145.089
-120.994
79.18
-144.526
25.94
9.79714
-144.957
144.826
-9.21714
40.8657
144.403
145.063
11.9171
-145.234
-61.2657
2.71143
61.4257
-107.871
144.746
-145.371
-129.637
144.951
-144.637
145.3
-145.929
144.251
-145.217
144.489
-12.4886
-46.1629
145.451
145.337
145.18
-6.21143
-145.186
-143.791
-145.631
-145.2
-45.6429
-24.6971
-143.829
-143.72
-145.269
-38.44
55.6429
144.16
-50.7571
88.6314
-144.477
-51.3429
26.4857
98.5857
144.766
-144.886
144.971
144.714
-144.666
-144.691
-145.266
144.431
144.309
145.277
-145.354
145.257
145.389
10.2971
144.749
-21.4743
144.657
9.06571
8.34
144.174
53.9371
-144.723
-116.934
-144.969
5.71429
-144.649
115.454
-144.831
144.489
-5.73143
144.574
-23.96
144.789
-144.403
-144.829
-145.223
47.2171
-55.0343
-145.389
-145.163
-96.0714
-24.2086
-145.42
-145.64
-145.074
144.823
-145.88
144.174
-51.2314
47.3514
-145.734
145.211
-144.846
-126.557
-22.8229
-145.131
-13.86
-28.0571
144.331
145.537
15.1971
144.709
-144.497
-1.30571
5.08286
144.771
69.0886
-145.403
-145.451
144.66
-33.6886
142.877
11.3714
-144.671
-35.4457
-144.689
-144.817
54.4543
144.8
144.8
28.2371
-144.614
-144.48
144.274
-144.831
-6.59429
-24.5543
-38.1686
144.526
-144.591
-145.28
-145.383
-143.897
28.0086
-144.64
-3.92286
24.86
-24.6257
-145.103
144.96
-145.037
144.017
145.506
13.6029
84.5371
76.52
145.386
-144.583
-20.0543
144.86
-12.5743
-73.0114
145.037
-145.686
145.389
-145.311
-144.586
-21.6771
144.82
145.071
-145.24
81.6686
138.369
144.483
144.877
18.9229
92.2543
145.757
-144.969
31.4229
-2.02
-8.47714
27.9429
144.809
-144.031
-57.0629
-144.066
145.571
89.4857
145.111
-122.429
118.386
17.4229
145.163
31.1971
-144.52
-120.751
-145.406
12.6629
13.6029
-145.34
-9.06857
-12.8229
-145.391
-105.954
-144.454
4.28
-145.151
-144.711
-145.126
-145.094
-145.434
21.3829
19.7486
-131.44
144
-145.174
144.234
-145.277
144.646
-145.094
-18.52
-55.3371
-21.3771
-145.189
-144.969
26.3057
-42.1229
34.1371
144.411
140.546
-145.1
-145.454
144.654
144.554
-15.2686
-145.32
-136.897
145.006
-141.42
144.289
-25.7971
144.286
78.0457
144.969
-145.209
144.706
144.809
-144.974
8.88286
-145.486
-145.426
-145.42
-144.443
144.763
-22.2771
-15.9343
-144.249
23.0143
-77.74
143.914
-145.826
-144.817
-145.011
-145.277
-145.114
-145.583
-4.69714
-43.0714
145.297
142.726
-134.326
25.1886
144.751
143.151
-144.889
-145.049
-145.214
-145.08
-145.294
-75.0771
-22.2486
131.531
-145.391
-20.5314
144.989
144.526
44.6371
-40.3257
-38.6086
-4.38
145.32
108.737
145.451
144.477
144.949
-145.02
-35.8486
-27.1486
145.437
-37.2171
-10.6371
-145.171
-32.5657
-145.423
38.4629
131.909
145.357
-145.163
-13.3657
50.7571
-92.6714
-145.02
-145.314
68.12
-144.486
-13.86
56.5257
98.5943
144.694
28.8514
-16.6429
-123.711
144.517
144.289
144.969
6.62857
145.089
144.963
-144.603
5.70857
-13.5943
-16.1457
144.6
-130.149
144.443
144.871
144.254
145.134
47.7286
-145.251
-46.8086
144.374
-144.829
-10.4657
-145.374
144.514
-144.586
145.189
144.414
124.694
-144.903
-22.6514
29.6029
-144.82
145.091
144.529
145.34
2.43143
145.06
-144.774
144.311
-144.9
-144.237
-91.5086
24.7371
15.4857
35.5286
-43.6743
-145.409
144.189
-124.049
145.074
-10.5371
-145.169
-144.96
-12.1
144.046
131.791
145.143
0.0971429
21.1429
-31.42
30.6543
-144.917
144.951
145.403
143.994
-27.3857
144.969
-145.223
144.834
-49.9343
145.36
144.729
-144.137
-145.066
-53.3857
-145.069
-145.057
-119.994
-145.871
-145.091
144.883
144.906
24.5114
-12.0543
-145.337
129.726
17.1857
-144.597
16.2857
5.56286
-144.174
144.403
-144.56
-144.894
1.48857
-116.034
1.16286
144.914
-130.909
-7.20286
-145.389
145.311
145.106
-124.98
144.171
-6.24571
-144.86
-145.171
13.5343
-144.751
144.257
-64.9629
-144.246
142.623
-52.6771
-145.269
-145.246
109.697
-145.68
144.477
-144.823
10.2543
141.183
-144.683
8.92
-145.406
-145.231
-25.3771
2.50286
-60.5114
-39.2086
131.429
144.66
145.354
-145.063
123.16
-137.843
-24.5343
15.4286
144.774
143.377
143.48
44.6
144.897
144.606
-48.6571
-29.0943
144.357
-144.903
-145.206
-145.243
143.837
-144.934
-145.186
-144.48
-65.9571
144.394
62.7114
14.0314
-123.691
-145.183
69.0714
23.1
141.609
6.99714
-29.0029
144.283
144.803
20.0686
-145.131
144.966
-26.5314
-145.174
144.803
-144.791
-144.897
-38.26
6.60286
-144.771
-141.491
64.9314
144.309
-144.377
-3.77143
26.9514
12.0886
-53.0543
-141.694
-143.694
-144.731
143.897
-19.0686
-144.037
-145.291
144.311
-145.051
87.7429
-144.949
144.671
-144.706
144.006
144.22
33.8714
-144.963
-15.4171
-144.851
144.883
-145.583
87.9886
-145.009
144.546
-52.2486
13.7971
-13.7057
-145.609
-145.217
144.089
15.1086
144.789
145.009
144.894
-20.2829
-21.7686
144.446
-145.051
-144.86
-144.903
-115.597
-60.4657
2.21143
18.9771
-144.709
144.963
54.4857
-144.994
140.111
-144.897
-144.689
144.914
-38.7629
-28.6143
-124.003
144.483
-5.12286
-145.506
-144.671
144.886
-144.16
145.006
-144.769
144.411
-145.431
-45.8029
1.95429
-128.411
22.32
2.61429
-142.106
100.603
-26.56
6.37714
144.811
-144.866
30.32
-77.2829
144.394
-8.07143
-144.82
-144.111
144.78
-145.423
-27.8743
145.64
-99.8343
-145.131
-144.537
144.457
44.0143
145.163
-145.18
-21.1314
-145.349
-22.7571
145.334
19.1771
-145.069
144.666
-144.274
8.98
88.9429
22.1314
144.269
-144.669
-145.011
-107.74
15.7886
-134.237
-22.86
-12.14
-145.471
88.18
145.077
-144.866
144.331
125.557
-86.9314
145.046
141.371
145.04
145.226
144.74
-65.7543
-144.763
72.8114
-96.3514
-8.98857
144.663
-58.5743
144.214
145.12
-145.154
145.126
-145.677
143.777
144.946
-145.243
143.703
144.291
-44.9743
-145.051
-145.36
-144.874
144.829
-6.27429
-142.523
-23.6143
-145.189
144.623
144.674
-145.52
94.0486
144.823
144.386
-9.30857
-144.163
0.0942857
144.96
-145.449
132.723
144.911
-71.2314
18.2743
145.223
-144.674
144.446
-145.631
-101.054
13.5686
144.717
145.366
144.366
29.3514
144.66
-145.169
75.7857
-145.091
-144.751
144.514
144.851
144.106
-144.909
-145.083
59.9314
144.637
142.643
143.809
2.07714
-144.586
-144.926
-145.777
113.42
-1.71429
-144.954
144.46
22.2914
144.369
-21.8571
-145.134
-144.749
-144.837
144.726
-145.08
144.869
144.651
5.43429
-49.2343
-6.63429
-145.134
-145.26
145.223
-144.72
-145.54
-144.806
144.549
-145.206
144.077
144.851
-3.34571
121.891
145.177
28.1971
-144.917
145.02
-145.077
-144.926
-145.294
-145.606
-48.4571
40.56
123.991
-144.406
-41.8229
144.834
-144.5
-18.24
17.9229
-69.5257
-144.566
144.671
144.251
9.62286
145.077
144.411
143.891
-145.269
-144.743
144.791
48.7771
144.166
144.991
143.891
145.369
-145.054
-144.663
22.56
-50.3
-140.017
-145.397
145.037
-2.02286
-10.0457
145.191
12.5429
-27.7171
-144.829
-145.223
47.2086
6.57143
39.6029
-32.7486
-144.929
-145.54
-144.4
144.983
-145.326
-144.497
-144.983
144.62
145.023
-102.326
-27.4714
-10.6743
145.291
-90.6657
18.3114
100.177
10.2486
-17.4457
145.451
144.746
-145.551
-144.94
-145.454
16.5686
144.703
144.106
-10.1457
144.414
145.149
144.726
3.75143
-100.237
145.437
-11.56
-24.68
-47.0686
144.866
-144.88
-144.694
-145.069
144.234
-24.2629
-42.0171
20.88
-39.2571
145.011
-144.7
-14.8886
22.2029
-145.174
145.357
-136.937
-144.974
-145.377
-145.446
-144.874
-144.509
-145.266
144.857
21.6657
-144.366
29.9514
-144.306
-133.117
144.626
143.823
145.889
87.28
144.934
-144.737
144.249
144.677
-144.954
143.837
-145.431
144.689
-42.94
55.5114
-60.5
49.3971
-25.24
144.749
144.537
118.44
144.989
20.92
-144.609
-19
-144.666
-133
145.094
-55.0086
144.409
21.6286
144.446
145.171
145.283
145.531
-21.7429
144.06
-145.437
-27.8943
144.726
59.9829
-145.64
-128.494
145.166
144.246
-145.609
144.877
-145.457
5.95143
-29.7571
21.62
-145.229
-4.24857
143.586
-116.051
144.949
145.651
73.8343
144.26
-145.471
-145.374
-137.746
-137.437
-144.826
88.4971
-145.214
13.1457
145.143
-144.869
-145.151
57.7714
34.8171
39.1857
145.143
144.686
-23.6943
-143.994
-145.166
-143.791
-145.129
-144.429
-144.489
-145.291
-71.1629
-21.9229
145.249
-145.24
-38.2114
-144.731
134.146
-145.134
144.72
-1.90286
-145.257
-144.351
-144.98
9.8
144.757
-145.003
-96.7714
-36.9429
144.031
-25.84
144.471
-118.346
-27.9429
-145.406
69.64
-145.263
-144.914
-144.36
-9.26
-26.4057
-54.02
133.806
144.577
144.757
144.68
-145.409
35.0029
57.82
144.717
-6.40286
145.183
144.951
144.657
-145.394
-0.4
-38.2314
-145.197
144.78
-144.969
-144.06
145.374
-144.711
1.78286
-126.403
-145.077
143.926
-144.346
144.291
7.96286
145.331
-145.277
-145.423
-144.917
145.351
141.503
77.9086
25.4686
-145.626
-144.28
7.94571
-145.34
-144.617
-25.9771
-44.3543
-42.7743
144.46
-13.4486
-145.526
144.717
-143.92
145.366
-145.043
144.606
59.6429
-61.9457
16.8371
-145.177
144.663
125.637
9.74286
138.797
-11.4886
144.466
-144.609
-3.60286
144.48
-113.343
-144.66
145.309
145.374
145.491
-144.58
144.351
-51.2829
144.874
-6.79429
-145.083
-145.309
36.76
14.6657
99.28
144.786
-144.557
28.5743
-42.2143
144.706
-56.5514
117.54
-92.5486
3.14286
-6.83714
-145.234
144.669
-145.334
-7.57714
145.049
144.889
35.7314
-78.8486
-18.7629
-145.511
-19.3543
-49.02
25.7314
-40.3514
33.9514
144.32
-106.329
145.551
-145.529
-145.309
-2.48857
7.26286
142.657
145.151
-145.3
133.614
-74.1114
-19.5743
-144.871
-17.38
-33.7914
144.249
144.366
16.0543
-144.906
-145.443
145.08
144.331
22.9571
13.9314
144.094
144.709
33.8829
144.843
145.223
-132.457
-144.691
-116.386
-144.643
-145.017
-23.4314
143.969
-144.943
71.28
29.3457
-47.5114
-62.4343
-145.117
-144.72
145.066
144.769
38.0514
-144.791
144.857
-37.5057
145.291
144.486
-145.069
-144.726
-27.1371
-145.177
-126.403
-144.586
-144.754
-108.803
54.8371
143.969
-144.989
144.96
-130.306
144.574
-64.72
112.786
-144.726
-145.403
-5.45143
-145.534
-57.2571
-144.9
-141.031
-47.3
-33.5714
58.54
-145.123
-144.371
-143.806
144.94
-144.437
-144.94
-144.42
144.24
145.08
144.211
-145.026
-138.971
127.557
144.509
144.32
-144.726
131.98
144.826
-144.294
-41.2457
-143.68
144.82
-13.6
25.7286
-144.977
-145.023
143.809
143.497
-15.6229
140.423
-25.6514
-102.731
32.1429
20.92
-144.677
145.511
19.1514
-86.1371
-104.9
-144.006
-145.606
-145.149
-5.04857
144.557
-36.44
-22.6286
144.969
144.794
-145.44
145.277
145.237
145.217
143.409
143.283
144.723
-144.583
-145.12
-144.751
-1.77429
-59.7971
-58.3314
-26.4057
7.98857
-119.874
144.894
4.68
-145.114
-71.6514
144.977
-140.089
144.966
-120.229
144.394
145.151
-145.411
143.346
144.563
144.934
-32.8514
-145.117
7.03714
-144.76
132.257
143.829
144.417
-7.66857
-144.077
-118.994
-145.086
27.8086
144.497
-145.074
119.214
145.151
32.7314
26.0857
119.471
-144.991
-16.0286
31.2114
-144.654
112.14
-50.2143
145.12
143.803
6.31714
-136.811
145.834
-145.271
-145.026
99.3857
144.826
136.783
145.071
128.457
-144.651
-116.277
8.96857
144.96
-41.4457
44.5114
143.963
144.766
144.803
144.671
-144.723
144.357
116.737
-67.78
145.209
15.12
-145.189
144.537
0.76
15.0514
145.586
-145.354
-70.4571
61.4686
-145.489
144.026
68.12
-41.3686
144.403
2.36286
145.78
145.094
-145.046
144.257
144.454
-133.511
144.54
49.3114
-110.809
75.76
145.523
-133.563
-136.691
-144.734
143.797
-107.477
-73.7343
-145.277
144.769
-144.463
-145.197
-144.857
35.4629
-55.3886
-56.8057
19.0257
-131.669
-8.67143
-145.569
144.177
-145.823
118.757
144.514
135
-144.623
-89.5143
-144.531
144.766
-18.3314
-145.086
144.971
-120.26
-145.131
-104.997
121.331
56.1314
-145.417
-17.2029
-135.014
-25.3371
-144.903
-134.154
-145.277
-144.3
-15.9543
97.46
-88.1657
144.391
-6.22
51.4057
-42.42
144.243
144.537
144.757
145.697
144.66
-145.329
-23.1143
144.909
-144.763
38.2686
-142.734
144.543
144.966
-32.8971
-144.894
-145.046
-141.554
-144.677
145.337
109.149
144.303
-31.02
144.76
-6.38571
25.3171
143.026
-3.47143
106.126
-144.857
-145.76
144.914
-144.46
144.049
10.1743
145.709
143.974
-144.854
145.109
20.8343
-145.017
36.9486
-145.92
145.1
144.523
29.1314
-57.9
-144.594
-145.109
144.543
-145.214
-144.963
-144.603
-145.26
-141.274
-120.303
15.5114
144.749
-17.5314
145.143
75.2943
-145.709
-3.20571
11.8886
-144.366
-57.5657
-144.903
-28.3857
-144.786
-39.6971
-72.5143
85.28
31.9486
144.649
145.031
-83.9486
-144.769
24.6257
-145.009
-16.7057
24.7086
144.857
-145.029
19.7229
-144.554
-145.246
-145.166
-144.183
145.214
144.346
-78.8086
-144.949
-145.22
145.663
144.474
-145.169
11.3657
-19.6343
-144.7
3.44
144.874
-47.8314
-144.794
144.76
144.666
-14.84
-143.737
145.131
145.269
144.626
-145.077
144.871
-13.0029
144.911
-145.16
-145.326
99.5114
-144.983
-55.4229
-145.314
-26.6829
13.4086
-144.563
-145.323
144.823
-144.683
-112.363
-4.02
145.02
-121.406
133.646
-18.4486
-140.266
145.089
143.889
137.769
30.12
-145.566
36.8086
-37.32
15.0286
-99.1514
-144.771
144.294
-145.04
0.397143
145.866
-145.286
32.2429
-145.303
-23.86
-144.22
-103.383
-144.703
144.791
145.243
144.077
39.9543
-144.826
121.474
60.1229
29.8771
145.137
-145.363
-145.074
-11.4429
145.329
144.631
-145.037
91.0314
-145.511
144.617
-145.289
55.8343
-145.266
143.523
28.9971
24.0886
145.311
-117.586
110.957
-144.906
-144.411
-144.109
144.474
48.2857
-144.929
-145.106
-35.0886
-51.1143
0.96
-143.671
144.657
37.9914
-145.383
144.109
-145.229
31.22
17.0457
145.1
-145.22
-145.24
-145.371
19.2171
-144.303
-5.32571
87.7057
-144.643
-144.671
120.9
4.49429
-145.297
145.186
4.04571
144.82
-144.426
-145.16
-144.946
-144.591
144.286
144.831
144.686
-144.851
-145.214
144.7
-145.311
-144.997
144.109
139.597
145.371
143.783
145.129
-11.9971
17.2971
39.98
132.406
101.14
-144.837
-144.84
-145.677
-145.274
-144.6
144.451
88.8257
145
-145.169
145.034
8.39429
144.84
143.954
-144.923
13.1714
-38.1943
-144.891
-97.7914
145.451
-45.2114
143.666
-9.46857
-12.8343
-145.643
11.72
26.0743
144.931
-144.706
23.6743
-145.071
-144.88
-145.226
144.84
133.16
-144.726
13.3743
-145.757
-145.263
145.22
-145.294
144.777
28.5343
-124.549
28.4257
144.903
75.0286
-144.249
-145.337
144.586
-144.86
144.689
144.903
0.925714
16.2429
-144.909
-3.64286
144.517
-144.883
-145.4
-46.4686
42.6
-135.743
144.809
21.3086
35.7943
-135.109
-134.083
-144.971
143.96
-145.383
-144.823
-144.603
-144.606
144.966
-44.4914
-9.32286
144.703
-145.126
144.929
139.217
105.917
13.0886
74.0086
-112.771
-145.003
-144.56
-145.214
-42.1029
-144.843
145.211
144.663
144.691
144.274
-142.237
143.957
-145.02
126.543
29.5171
-145.651
144.669
-145.217
-145.374
-145.291
-48.7714
-145.131
-143.831
-144.686
144.769
-144.846
-144.897
145.537
-143.686
-145.477
143.871
144.729
22.3743
-145.126
-144.854
144.409
46.8971
17.3771
-21.22
62.3714
144.791
-51.0829
-144.851
-19.3171
144.754
-144.734
-25.3371
-8.59143
144.966
-145.309
144.603
-145.411
-144.44
-144.986
-122.431
144.537
-10.1171
144.274
-144.689
144.014
144.337
-112.937
144.82
144.977
22.1514
145.14
-144.337
56.4171
18.9543
-125.154
145.257
144.531
-68.0686
-144.463
20.5629
-139.96
-54.1971
-48.98
145.02
-111.329
-144.574
-144.891
-3.73714
-134.54
-145.277
143.609
104.883
-23.1343
-144.86
144.811
-39.5686
19.9429
-49.4343
144.523
144.851
144.297
45.8857
4.93429
-132.314
-145.277
52.5629
22.0543
-144.694
144.754
-145.029
-115.309
-15.0914
133.423
-145.654
-145.411
-144.686
144.354
7.67714
-53.9514
14.8857
43.5514
-143.874
144.84
-14.6429
-144.849
-144.174
-54.4829
144.963
-145.34
145.177
-18.9457
-144.64
-32.08
-144.094
-13.0486
-31.2829
-144.994
143.94
-145.706
-0.597143
142.789
145.534
144.826
145.049
9.71143
-145.083
-130.729
-145.031
-145.623
41.3029
-145.229
-3.66
144.094
33.6457
-144.911
-20.2314
-144.946
-127.057
-28.5114
144.357
-136.346
-26.9171
2.65429
26.2486
45.5
-144.297
-144.174
-14.22
138.674
-145.297
-145.097
144.566
-145.066
-145.066
-47.0657
14.6514
144.314
144.777
145.077
-144.84
-58.9
144.854
17.1771
144.949
-65.0029
1.67714
-24.1029
144.883
143.717
143.84
39.5657
-9.40571
-135.446
-29.1457
143.143
144.606
143.966
-144.843
9.15143
144.891
-133.697
-145.094
-144.937
144.906
-38.5486
-145.24
144.72
-31.32
-144.811
-145.309
-144.729
23.56
-145.366
144.58
144.734
145.534
-145.4
19.1943
145.434
139.194
144.763
143.629
-145.386
117.48
-144.703
37.7
144.217
144.334
-145.074
-145.023
30.8286
11.7686
-28.6971
-15.66
-145.466
9.5
-143.797
-144.969
9.24
-145.217
131.154
-145.254
-144.403
144.46
-144.291
144.737
-10.4914
145.011
-144.123
-109.131
39.9457
32.3114
19.2029
-141.96
-24.16
144.746
-145.149
144.814
144.78
145.489
-144.043
144.286
-144.554
136.589
144.949
-142.449
144.2
124.469
29.4629
-2.65429
144.423
144.72
145.017
-144.56
-87.6914
145.083
30.6057
-30.2629
-145.534
-145.417
-144.911
-52.1886
-36.5571
-145.3
143.92
-144.897
143.677
145.211
-144.863
-58.1571
1.87143
144.606
144.914
-8.05429
20.32
115.297
21.34
11.6057
-145.8
145.054
-61.7857
145.163
-145.129
145.069
110.48
113.411
144.834
-116.186
145.146
22.3029
144.786
144.117
40.4943
-144.566
145.029
145.203
-36.3743
144.089
-145.271
144.763
-143.691
-145.509
18.5429
-20.5771
0.622857
-145.426
145.12
-111.291
-144.76
144.266
37.4114
144.457
144.531
-145.269
41.3429
-144.329
-145.194
144.374
-145.434
-142.634
145.1
15.7657
-145.203
40.2657
144.231
23.9829
-145.163
7.14571
47.1114
-144.803
-145.246
-131.406
139.58
-144.957
-144.597
-128.186
1.14857
145.289
145.303
19.42
144.183
7.74857
-20.6257
-143.88
-144.889
-8.12286
138.506
145.189
-13.2829
-113.54
145.474
-145.517
0.245714
-145.006
119.574
-144.923
-119.751
38.2229
144.934
144.654
-145.617
144.077
-145.143
-144.614
-145.229
145.069
62.1143
-145.143
145
-145.08
144.671
-106.557
-29.8086
131.034
144.997
144.049
-110.289
-145.034
144.254
-144.886
-145.894
-145.334
-145.351
39.02
-145.354
-144.806
95.8229
144.277
21.7857
143.546
145.091
101.997
-130.789
-144.809
-32.82
144.037
-144.809
-145.354
144.466
-110.689
144.3
-145.194
30.3714
33.9657
-144.414
-144.834
-0.942857
143.62
61.6343
144.791
89.5171
-34.2371
29.82
-144.729
145.214
11.6629
144.043
-144.629
-48.5457
-145.411
-8.57714
61.98
135.011
144.909
-144.737
-5.57143
138.974
145.514
-145.286
129.577
-87.7971
9.47429
145.006
-145.48
-144.146
144.789
-145.14
122.889
-30.68
-20.72
144.574
-145.483
-145.049
-144.906
25.76
-1.00571
40.5114
2.84286
-144.983
16.2657
52.6286
144.983
144.266
27.2486
-17.16
57.1886
-145.283
144.914
-57.6457
-143.791
-123.286
142.866
-144.986
36.68
123.026
145.486
14.5829
-32.78
145.186
-145.163
-74.5486
-144.571
-144.714
-145.843
-144.463
7.81429
-145.106
70.0314
143.737
145.303
144.329
17.3743
13.8971
145.731
-145.497
144.649
133.903
-145.474
-6.23714
-144.563
145.126
145.009
144.537
-16.9486
145.18
-145.117
144.866
-7.18571
-5.07143
-5.30571
-144.84
143.983
-143.817
145.257
144.354
-145.249
145.134
-13.5629
142.96
-145.194
-25.0486
30.6029
-145.034
-145.446
144.306
144.934
144.171
-145.426
-26.9029
144.454
-145.42
-145.014
38.86
-145.2
143.789
-11.3714
8.27429
-144.291
145.129
-145.231
-77.5029
-20.74
145.157
-145.577
-51.7343
144.729
-13.0714
104.686
-14.5743
145.057
144.594
-35.1257
145.237
144.769
-40.5657
-15.18
145.083
-145.249
-145.303
-145.043
144.963
144.414
-144.96
-30.6171
114.603
145.289
144.983
144.26
-49.8114
72.4714
144.874
134.329
130.557
-145.1
145.257
30.6743
144.851
144.503
145.246
-145.194
145.037
-143.971
-60.0829
-140.223
-144.871
-28.36
144.014
98.4629
-145.574
-144.849
-144.483
143.866
29.6886
-144.474
98.5714
15.4343
-1.73429
121.546
144.231
-145.34
-19.8771
-68.9571
23.1629
137.337
-145.257
144.757
-19.9914
-13.0829
143.437
-117.991
143.669
145.203
43.4057
144.886
144.749
144.337
-145.671
144.134
144.88
-144.474
-13.8914
144.937
144.177
-43.76
143.774
144.934
-145.177
144.783
-145.52
-144.374
22.3514
144.683
144.254
-145.269
-34.1143
69.9886
-102.177
144.417
-144.054
145.186
-145.24
-38.5314
133.943
8.26571
-145.823
-118.457
-144.097
-99.54
145.697
144.691
145.149
-145.22
8.23143
145.189
-144.951
-143.943
-145.057
130.151
-32.8314
144.686
144.814
-7.5
-144.98
144.383
117.366
-145.52
-24.4371
144.197
31.9629
-145.266
-90.4171
-39.5771
-144.374
130.366
43.7657
-92.8
30.0857
144.434
-144.714
118.166
-113.303
-37.3429
32.9771
-145.043
11.3257
44.9571
69.6086
-68.2971
6.96857
-26.0286
-144.78
144.754
137.149
115.477
144.057
-31.7171
-145.617
144.1
-145.094
0.554286
-116.166
143.591
-144.651
20.5714
50.3857
-5.61429
145.566
47.0343
-21.5943
143.569
120.466
-145.171
-16.36
-144.849
-144.489
135.757
-64.7714
144.146
144.594
144.966
67.4886
-145.089
145.314
143.969
145.077
-144.663
-59.56
-144.663
101.714
-145.426
-53.7743
-145.523
-144.951
-144.96
144.806
-144.614
144.843
-144.809
1.93714
-145.474
143.917
144.857
145.223
-109.243
24.9086
-124.58
144.54
-21.0686
-143.854
-72.0086
-144.149
-144.909
28.4771
16.08
-39.6514
41.9
18.4229
-54.7914
-145.58
89.7943
-20.9629
-144.897
144.934
-145.28
-144.56
143.186
-41.9343
-145.117
145.426
-145.106
144.303
-144.809
144.089
-127.88
-49.1114
-145.134
-145.269
144.591
-144.56
-145.226
-73.1486
42.6971
-144.646
-90.0171
-145.383
144.529
-144.96
144.311
144.117
144.294
-144.62
-29.0743
112.511
-145.211
30.4114
-145.22
-145.166
144.663
144.74
-145.026
144.829
133.469
132.769
32.5543
144.906
-38.7657
130.32
-2.60286
-67.64
76.98
-145.163
-143.917
-33.9657
-44.4029
-145.186
145.034
144.977
26.3829
-88.9429
-144.58
145.217
42.7371
22.0657
145.537
-145.351
144.389
145.206
22.0371
144.609
-46.0143
-127.149
52.3657
-145.463
-113.937
52.7829
-145.363
-144.786
144.129
-144.106
-0.251429
20.1771
-144.651
-52.3743
-145.529
144.2
-144.494
36.3143
17.82
-27.2771
144.243
144.654
-145.646
-67.2857
-13.1657
31.8029
144.583
-12.8571
-33.42
-41.3057
-143.991
144.871
144.526
145.28
-145.334
144.694
-75.8314
20.4629
144.654
144.606
-145.011
-4.7
144.683
-145.729
-144.163
-125.243
-145.017
-15.1571
-145.154
144.54
144.98
-145.283
41.7114
145.111
-39.3571
-7.67714
123.491
-143.997
-144.931
-20.9257
118.046
145.206
145.137
144.734
-145.594
143.654
-63.86
-144.743
-144.454
-1.35429
-144.834
-8.94
-145.131
145.103
-144.78
-145.04
-144.414
145.431
-25.1486
-144.883
-144.411
33.4657
144.894
-144.454
20.4171
145.143
16.5343
144.34
127.854
-130.491
-6.70286
-1.52571
-133
143.909
78.1943
91.9543
99.8486
144.949
144.111
144.803
144.677
144.811
-145.134
-128.683
15.7829
98.0371
26.52
-129.171
-4.61429
-31.8286
145.077
12.1829
-145.291
144.966
-16.6486
30.2914
-41.6143
-55.1286
-145.389
-1.25143
-144.811
30.9857
-145.303
143.817
144.829
-145.043
-4.81714
-145.146
112.117
144.223
145.26
145.403
-112.823
12.7771
-145.551
144.391
144.123
17.9457
144.723
31.28
-144.326
144.797
-144.674
-23.0371
-144.951
144.489
140.177
135.4
-144.423
-145.443
-144.797
-144.857
-110.791
-144.903
24.56
15.3629
-145.26
-144.386
11.1371
-145.326
144.68
-142.211
-145.134
144.777
144.031
-56.4743
33.3971
-145.049
145.523
-144.874
-0.397143
144.894
-145.037
-145.243
-144.869
5.11429
143.697
1.62571
-144.366
-144.74
145.203
144.586
-145.414
-145.389
10.5314
-145.52
4.85714
-104.409
29.0829
-138.366
119.249
25.2143
140.237
15.8343
7.44571
103.086
144.297
137.146
-144.837
47.2629
145.289
65.1171
143.983
58.5057
4.48
46.9886
144.297
144.666
-144.851
-29.9743
144.894
143.991
-145.437
-145.197
-144.406
36.0914
-144.997
-51.0686
-144.509
136.934
145.226
-144.346
-145.134
29.1457
3.89143
-111.24
-48.7886
-6.36
-145.2
42.82
145.026
-93.5771
144.734
-144.669
-36.5686
144.969
62.3486
-143.883
10.2314
144.309
-145.083
-145.251
-136.103
-143.457
19.4114
144.931
-145.297
144.706
122.046
-28.7543
-41.5657
-139.834
-145.303
-145.397
-4.92
-144.623
144.923
-2.87143
144.086
-61.6771
-7.86571
48.3114
-145.257
-144.56
-107.243
144.72
-8.68857
-145.611
-145.071
-14.2143
59.7657
-14.9343
-13.9857
145.406
110.557
144.22
144.854
32.0029
-1.64
144.466
16.28
144.851
32.0829
145.243
-30.8971
-133.786
145.123
-145.066
144.54
145.366
144.149
-144.586
-144.434
98.8943
145.131
62.7143
-144.229
-144.78
-144.817
-23.0886
144.6
34.2343
-144.863
-144.706
144.311
143.64
-145.291
143.263
-144.751
63.8314
-45.5914
145.017
-6.84
-4.1
144.786
-14.9771
145.311
144.711
-144.857
-16.0229
-46.8143
-16.2429
-23.5371
48.26
-53.5086
-145.717
-145.351
-144.6
21.3571
-145.017
-145.169
-49.58
26.6629
144.434
145.04
-144.7
144.871
144.631
145.023
-144.666
-4.03429
145.214
145.28
-144.851
144.16
145.374
126.797
-145.1
144.22
-144.951
-143.791
-144.92
-144.694
-144.934
-143.769
-145.371
98.2657
-5.70857
144.68
-6.83429
-53.7
-127.171
145.017
144.82
6.44571
144.791
-85.4057
-7.54
143.923
-6.84
120.837
22.8143
-145.123
38.8143
145.423
145.111
27.9743
144.826
145.006
144.2
7.65714
143.723
144.214
-144.963
-145.234
-144.971
-101.911
-127.52
-28.2371
144.923
11.2486
-144.174
145.529
145.069
144.569
43.4086
144.72
-79
-16.1657
144.709
-21.2371
-36.0514
79.2571
3.71714
-144.88
-34.7686
29.7629
-17.9086
-144.189
-22.7486
117.666
145.077
118.806
-145.009
130.634
144.114
-145.183
121.069
145.266
49.1086
18.98
144.937
-16.7857
-71.5914
-38.02
-24.5686
14.3286
39.8457
144.98
144.44
43.6257
-145.266
31.38
-2.59714
-145.326
68.9571
-94.98
144.26
-127.877
-8.49143
-144.849
108.057
16.3314
-145.366
-77.9057
144.909
144.64
145.077
144.571
-144.617
-33.5943
-43.94
-56.1286
144.377
-144.717
145.18
-144.854
-9.01429
14.2971
-145.6
-144.703
-144.583
144.446
-15.0857
144.857
106.463
-144.997
144.714
-144.754
94.1343
125.403
7.23714
5.29714
126.571
-1.07143
-145.077
-28.5143
33.9886
144.631
144.643
144.943
-144.829
144.18
144.926
127.471
30.6686
-143.986
-41.4143
42.9629
-145.309
-143.797
144.334
-144.706
144.286
4.36857
145.24
62.7457
30.54
121.151
-145.34
-144.663
-145.129
144.977
145.237
144.774
-4.53143
-9.98
-145.046
-25.4714
145.126
44.0057
144.931
-145.177
68.7714
144.054
145.249
144.166
25.5114
14.4857
144.409
-56.0686
-145.06
-144.857
145.149
-145.023
127.077
137.2
144.529
144.246
144.546
-144.206
-145.094
-144.7
-144.526
-103.337
10.8114
9.38
-144.426
55.5543
-22.0629
144.309
12.0686
144.546
-121.291
-144.617
-143.837
-44.9629
-144.826
-144.78
13.2086
144.411
144.943
118.406
-144.651
136.86
-145.091
145.191
-144.963
-143.357
145.26
-144.549
145.083
-145.577
96.5514
-9.58
144.526
104.9
-144.423
145.234
-144.683
-145.254
-39.8657
-50.2543
-145.031
145.16
5.12571
138.269
34.8714
10.3857
-145.16
-135.511
144.643
-145.4
-144.966
15.2914
-144.534
-116.597
-145.389
-145.334
46.9829
145.231
144.137
15.9943
-145.623
-16.8943
-3.44857
-144.851
144.586
145.197
-145.409
144.066
144.506
-145.229
127.569
144.486
17
6.20571
24.2771
-139.391
-145.631
39.9514
-143.663
82.4514
15.8314
-145.471
-145.6
-145.057
27.5943
25.3114
-144.474
144.557
130.749
144.823
-121.323
12.7143
-145.434
144.086
144.943
-144.474
-144.823
24.78
-39.0971
144.409
144.403
7.87429
-109.094
16.6429
25.2886
13.2971
88.4686
144.471
-124.434
-144.077
42.6286
5.14857
21.6371
-8.02857
-41.4086
144.903
-145.337
4.15714
-123.546
-73.96
113.609
-145.137
-145.643
145.209
13.3829
-113.297
136.209
15.8429
-44.0686
144.857
-145.274
145.037
144.963
144.943
144.434
144.711
-36.56
-144.943
-55.3457
144.697
-145.08
-19.3657
-144.9
145.083
85.6057
-18.48
144.366
144.511
21.6286
144.734
38.9714
24.2571
144.414
-71.1829
144.497
-144.931
15.6
52.9143
-143.663
-144.757
-18.3886
-143.946
-26.9086
-4.3
-135.774
-144.454
-142.846
78.14
-144.497
145.126
144.2
-17.4
-6.83714
-145.437
-110.917
-16.2571
-20.4657
-144.823
40.1914
-5.39429
-46.8171
-129.189
-12.1343
145.017
-42.8114
-47.1257
-145.629
143.651
-59.5714
-145.28
58.7886
145.277
144.769
-4.44857
-145.48
122.857
-18.6657
126.66
-145
-47.7829
-145.143
144.203
144.243
-144.683
144.454
-145.003
145.266
-144.837
-145.214
145.1
72.9514
-40.1629
-58.0886
-125.809
127.18
-145.271
81.3114
-145.057
-38.0686
-74.2343
145.291
-145.406
145.506
144.294
-64.2771
-19.9629
-13.0743
-145.029
-144.554
145.146
7.55143
144.697
145.091
-144.34
46.0543
10.0686
-145.377
144.066
37.82
-127.986
21.5657
62.34
-26.0629
145.543
-25.08
-145.126
59.6314
145.237
125.06
-119.854
-11.4343
19.64
-144.783
-144.906
-3.36
-36.2571
106.566
116.023
144.366
-5.41143
-143.689
9.83143
-133.14
-145.517
142.877
24.1571
144.129
-18.4857
-144.957
-145.406
-35.82
26.9943
145.211
144.843
144.711
-144.9
145.197
142.949
-145.077
144.837
22.64
-144.6
-2.2
-6.52857
-16.4971
145.143
-49.5371
144.254
-145.026
-144.686
145.126
-32.8229
-143.443
24.66
-144.557
144.846
145.2
-10.2543
144.954
144.963
50.0514
3.50286
144.266
-38.3086
-145.663
-13.4029
-145.389
-144.617
-144.494
-145.14
-144.806
-111.409
46.6314
-122.649
144.634
-144.731
144.603
-16.4143
-130.611
-145.117
-144.82
98.3171
110.966
-145.054
-145.186
-144.8
-144.626
135.703
145.003
-26.9286
-18.7229
107.6
132.529
144.949
-137.817
56.3457
-144.706
144.374
-145.034
-145.009
-145.471
144.737
-143.543
-145.303
59.46
144.68
22.72
7.69429
39.5971
145.314
-38.3286
-144.774
143.903
144.203
-122.643
-2.73143
-145.149
122.351
121.974
107.131
-105.52
145.066
9.06857
-144.977
2.21714
145.214
-18.6914
-144.82
-145.651
-144.54
145.08
-143.603
69.0714
-145.063
14.58
-144.7
-145.06
92.3943
145.454
-12.6171
-136.02
144.549
-144.777
144.023
9.86
-144.497
143.777
-25.4857
144.686
-145.277
139.1
-144.397
-145.334
-144.031
144.211
-144.777
-145.414
144.309
-134.26
-53.4371
52.0114
-46.0686
1.33429
-144.391
8.90857
21.0743
-145.874
-145.44
144.969
-144.586
63.3429
38.5
-52.8114
-144.849
143.249
16.22
21.42
144.026
144.703
-117.266
-144.569
144.831
-138.88
114.109
-145.006
-144.863
-144.86
144.269
-145.043
143.914
-145.537
-34.6029
-143.789
43.0571
-127.177
-145.143
145.406
43.0686
-45.8543
-145.143
144.011
113.217
-144.349
-145.151
-45.4886
24.54
-119.591
-144.809
-145.854
145.386
144.86
-144.383
-13.0257
144.311
144.803
119.66
-145.32
-22.8914
138.28
-144.891
60.6343
-144.889
46.9286
144.883
144.569
142.914
-144.669
-26.1714
144.16
26.7771
145.103
145.254
144.429
145.046
143.914
-40.0829
8.22
-144.8
144.931
-144.746
-73.4029
20.6086
-145.257
-20.1257
143.811
-144.229
-47.0457
-111.96
-17.1514
-144.989
145.323
-2.92
144.771
144.991
-139.011
145.503
108.897
-110.834
144.983
-145.423
-137.629
33.1286
144.946
114.497
-144.84
-139.137
145.02
-20.52
144.546
6.12286
144.943
144.343
-144.723
-144.894
-3.69143
-145.323
144.357
144.589
145.097
-0.78
-83.92
-145.009
145.363
143.997
144.394
-144.823
9.35714
-145.24
-144.851
-144.58
-144.497
-144.666
-143.646
-124.531
-145.511
145.226
66.4286
-26.3371
48.6257
84.0057
-144.929
144.08
-38.1914
-9.59143
144.809
-144.534
-145.406
144.989
143.446
-145.097
145.24
23.4143
144.569
143.151
28.5086
-143.794
144.549
-145.186
-52.0514
3.42
-46.3486
144.82
-116.96
144.286
8.77714
-145.649
-4.75143
144.46
-132.571
-144.611
144.191
-145.074
-144.797
138.557
-42.3114
100.231
-98.9571
-46.3629
144.854
144.52
144.474
110.06
-12.66
-145.611
-17.5914
9.70857
144.951
-145.174
132.957
144.846
-145.311
81.0457
144.817
144.854
144.951
-33.7171
145.246
144.357
145.231
-3.59714
-144.769
144.826
-113.809
143.8
-141.129
143.951
-144.526
-144.44
-80.3771
31.6571
-145.869
-144.003
-128.223
-145.143
-144.989
-144.543
39.76
-145.383
-145.334
-145.3
28.4914
-33.24
144.577
138.897
-144.809
-32.8029
-118.431
-144.463
125.586
-145.354
143.609
-25.5314
-145.194
18.04
-145.449
-145.206
-144.906
-2.84286
144.766
144.16
144.431
142.64
-46.6171
143.389
-144.274
-44.1229
-144.994
-58.5086
145.317
24.0371
11.7114
-19.4771
-81.4857
143.054
-144.546
105.251
-144.491
-145.28
144.857
-0.997143
-144.909
-34.8857
32
-37.1686
-144.543
-145.057
-137.149
144.389
144.297
144.1
-145.263
53.1571
-61.2457
145.04
48.1714
-145.154
78.2314
-145.6
31.6429
-11.0457
-144.229
144.174
-144.703
144.886
-145.56
-103.966
12.7971
133.223
-144.943
145.226
-5.71143
-138.46
-22.6829
145.234
-144.814
144.777
-145.317
20.7286
144.049
144.643
-144.969
143.869
138.169
-123.349
-21.46
145.08
36.9829
-115.38
-145.354
-119.786
144.8
-145.083
-144.877
-145.329
30.44
-144.086
-144.586
-48.3229
-144.674
-145.06
145.166
126.229
11.8857
28.9057
-144.843
-144.863
76.2486
-144.989
-144.951
-144.963
144.78
29.5686
144.494
-145.78
105.909
-12.3
144.783
-144.18
-60.0057
-144.529
144.117
118.677
100.68
-57.9914
47.6543
47.8514
144.763
-25.3914
143.926
144.829
-145.091
129.066
140.851
144.1
-0.637143
27.9457
110.703
16.1914
138.526
-97.9286
144.291
-144.431
-145.034
-15.6
-126.86
144.749
-144.763
-144.691
37.2371
-53.2314
144.52
-145.526
-12.0514
61.7371
144.391
-145.166
-14.18
-144.863
-144.606
-145.003
143.991
144.223
26.0829
-144.897
26.7629
12.1371
145.203
144.323
-144.686
-144.951
-6.04571
-98.8629
28.36
-145.569
97.5829
145.234
-145.226
121.074
-145.517
145.166
59.6686
144.891
-24.1829
-145.069
-5.67429
-138.649
2.6
-26.4371
58.0886
145.009
62.6629
144.526
21.1229
-144.746
-145.311
-144.909
-143.946
-43.8571
50.3371
-145.517
10.1314
144.6
-14.6829
62.5143
-144.509
-145.526
143.774
-132.92
136.897
-138.331
144.549
-89.4714
-145.043
106.617
145.154
-144.82
4.10857
-145.046
31.8486
-145.066
-144.737
-27.1914
143.509
145.003
10.3257
-144.5
138.68
-110.874
-74.28
134.929
19.9029
-144.869
-142.266
113.223
-26.4886
-144.606
143.971
-32.8029
99.4257
145.189
42.9057
144.463
-1.26
144.426
-144.337
-145.42
30.6657
144.811
37.9086
144.354
144.797
143.971
144.209
-144.814
1.71429
145.22
145.526
17.2657
-144.88
-10.6714
144.617
-144.797
-15.2371
144.194
144.954
-144.883
-145.126
140.974
144.689
24.7086
-144.194
145.243
-144.706
-71.7714
145.203
-51.2429
4.38857
-60.4429
145.089
33.7943
19.9171
144.223
143.949
-145.54
8.94
-10.0057
-144.849
-109.446
-145.446
144.797
8.25429
145.083
4.76857
145.114
-140.254
-144.654
34.42
143.557
144.323
144.789
-145.209
145.329
24.7086
144.803
7.5
-144.483
-15.0571
-144.329
-144.583
144.903
145.566
-27.3371
144.4
143.966
-145.323
97.6314
144.497
-1.59714
51.4657
132.414
-22.0914
-15.0657
50.6971
54.6857
144.889
-4.7
132.966
144.669
13.4771
144.914
-145.009
-27.14
31.3457
-9.99143
145.209
42.4486
36.3686
-99.5543
-13.6714
145.243
145.711
1.38571
143.717
145.369
-22.3429
144.483
144.72
-26.7829
-24.5229
-145.449
119.991
-137.926
-58.78
-145.269
144.711
144.911
38.84
105.509
-145.011
-4.19714
5.75143
-145.094
-144.411
-144.114
0.08
-23.4057
44.9486
-111.354
-145.394
27.26
-144.849
-145.129
4.90571
-102.917
-145.323
-8.89143
-145.243
-145.577
145.111
141.669
124.743
-5.85429
143.826
-144.557
145.209
144.74
-123.006
-144.746
-82.5114
-5.36286
143.76
144.306
145.049
-144.774
38.5714
-89.76
144.323
-145.5
144.354
144.203
8.82571
145.237
145.04
-14.2257
-144.734
-145.04
-144.734
145.1
-15.8086
36.6086
-40.9143
144.786
-75.84
144.76
144.637
-38.4286
122.931
-126.811
-145.326
-133.98
23.7514
-145.269
112.903
31.7743
-28.6629
144.694
-144.363
-6.11714
-145.143
-64.9571
-145.049
-145.32
115.097
36.6543
-144.994
-145.274
-144.666
-145.554
145.157
144.954
145.28
-4.38
145.383
145.391
145.123
144.469
144.829
135.034
-131.2
141.22
-145.511
-144.251
-145.357
-20.3029
144.057
143.923
-144.377
-144.7
145.383
-123.889
-22.5057
-9.74
144.349
100.514
-140.257
145.269
145.334
-132.217
-144.589
-144.966
-34.6429
-113.057
-25.6571
134.923
19.1543
58
-3.89714
11.04
-14.3257
27.82
144.763
-12.2314
31.3229
-144.94
143.309
144.777
-136.617
-67.6714
145.157
-145.477
-125.591
-15.34
-145.074
144.374
-145.274
-143.811
-57.5457
-144.674
-144.197
15.0371
-26.3886
31.0857
103.366
-144.706
-144.903
48.9686
144.32
145.117
-145.151
144.98
10.1486
-144.931
-49.06
145.046
-145.549
-9.87429
19.5086
-144.709
81.0314
-145.354
117.223
-145.371
-141.951
110.209
-144.711
125.966
145.477
-109.811
145.16
145.031
144.577
-34.9343
2.72571
145.209
11.5914
31.5343
-145.209
-109.123
144.569
32.4629
-143.114
4.44286
-144.394
145.534
-18.5857
144.897
144.634
1.73429
65.8571
-145.126
144.9
-65.6114
95.0029
122.486
144.429
-123.24
145.189
1.06857
144.86
14.6457
-144.857
-145.583
8.46857
145.286
-144.997
-18.6771
-59.3543
-144.62
-3.00857
144.177
-30.08
-144.609
-144.974
77.5714
28.3714
5.66571
99.5514
-145.594
144.511
-44.1086
126.209
98.6286
-137.789
68.16
52.6714
-64.4629
-144.377
-6.64857
-144.937
74.9429
-144.354
-145.083
0.34
-20.5371
25.88
-60.06
-145.037
-100.643
-144.543
145.197
34.9371
144.814
13.8
39.5457
-145.054
145.357
-145.066
-145.591
30.1371
-31.2743
144.954
-45.0829
-4.55714
144.2
145.163
-75.1171
-144.569
-144.766
-145.131
-145.469
144.674
-74.2857
-145.149
144.86
145.174
5.15143
2.34857
39.2371
-145.114
-11.7229
17.2571
144.589
-145.309
144.283
-144.597
0.4
-145.274
144.74
-145.68
12.8286
-40.2457
-145.331
-145.491
144.249
-145.017
-126.94
145.351
145.214
123.697
144.78
-145.209
-145.491
-121.963
-45.84
-26.7714
144.329
145.614
-34.1886
-144.86
7.6
-23.7457
144.646
32.8943
144.197
144.237
144.9
-32.7057
19.3286
-144.571
-50.08
-144.614
34.6057
-145.134
-145.357
-90.5171
144.286
-38.8886
145.077
145.251
143.28
145.14
144.697
144.64
144.846
60.4229
-60.1914
145.189
144.403
-145.054
-93.64
35.3543
-144.786
-144.911
145.103
-13.88
-59.3171
-4.7
-49.4714
-144.991
-144.277
-144.774
145.071
95.1086
145.163
-145.106
-120.931
142.486
-145.36
144.471
145.194
136.331
-145.094
137.246
65.12
-145
-13.4486
-144.743
-144.457
-145.437
-145.023
-144.98
-145.44
144.291
-11.5486
-15.86
-15.2971
-144.437
-17.9543
-21.7143
-14.8029
-142.523
-144.771
-141.671
-32.9857
144.28
-145.506
144.64
144.597
-145.363
-143.677
-145.031
-69.3686
-145.151
-0.897143
144.669
-141.306
-145.289
-11.2971
-144.494
144.494
-144.56
-11.7886
-46.7657
23.9829
-144.886
144.751
121.469
-1.54571
144.469
-144.903
0.614286
144.703
-30.7429
-144.351
145.211
-5.95143
-145.069
-145.594
30.0029
-145.306
144.36
144.666
22.5143
144.094
145.2
62.0143
35.2257
-27.6486
-57.0371
119.011
37.9714
145.057
19.4657
-63.8257
144.886
-145.246
-27.7771
143.723
-145.386
-144.374
144.777
-144.709
145.357
-145.2
-145.166
143.989
144.751
-1.00571
-144.909
-145.311
145.311
145.326
-145.269
142.237
-115.246
-3.27143
144.074
144.789
-144.946
35.5314
-9.98571
144.029
-15.6486
144.554
-49.9857
-35.74
144.137
-145.114
-144.014
22.2686
-145.28
136.78
145.151
109.203
-8.30571
-57.8143
13.2514
131.717
-145.137
52.4429
144.397
-70.5229
144.257
144.42
-144.76
145.1
-145.586
-145.066
119.697
-56.5971
-125.071
145.174
-21.28
7.09429
144.291
144.274
145.149
-145.051
144.777
144.769
-145.323
135.437
25.2629
144.083
144.126
-134.891
-24.7057
145.291
-37.3686
110.977
-145.154
143.154
144.494
-13.2629
144.331
-145.109
21.0771
144.72
-145.434
144.674
126.351
-118.551
144.36
143.931
-145.023
-29
144.443
-24.7143
6.18857
-145.194
-145.114
145.206
27.1457
17.5229
-145.057
-145.123
144.766
-145.254
144.88
19.6429
-144.917
-144.783
-115.329
144.983
-0.465714
5.91143
144.817
144.677
-114.217
24.7
48.0086
-141.9
-9.18571
78.7943
12.54
144.754
-145.271
45.02
-119.291
144.603
-58.46
144.897
144.943
103.051
-144.937
-18.6943
-145.271
29.44
-145.583
-90.24
-144.703
-27.3886
145.097
144.734
-145.414
-145.149
58.2257
123.734
1.93429
-18.5143
-54.7257
144.097
-10.7514
144.237
124.077
139.634
143.026
-46.0029
-145.249
-145.414
-144.929
-144.957
-23.6114
67.3771
-41.6571
-40.6829
145.351
-144.66
145.163
143.974
144.511
-144.629
-17.4686
-4.37714
145.026
-0.437143
144.874
144.954
141.674
-145.069
-144.903
-44.52
144.549
-144.866
144.971
-144.826
144.626
-145.277
-144.991
144.243
-118.614
-120.529
-144.431
-76.3914
144.426
-1.16286
-5.84
144.331
-15.6457
-126.854
-144.523
-144.734
144.52
-143.871
144.877
-3.93143
-145.346
-13.4771
145.303
-144.734
144.009
127.246
-144.58
-118.743
144.394
-29.9543
145.283
145.417
25.4743
-2.07429
-144.963
-25.78
16.52
145.277
-145.143
-145.937
-144.623
33.1086
-124.046
144.986
-145.329
-145.28
26.9257
-145.034
145.057
-138.449
-144.631
-144.703
-145.114
124.034
41.9829
144.649
-143.963
-145.231
-145.071
-144.274
144.651
25.4686
-132.303
145.277
144.28
112.789
31.8114
-8.94857
143.574
-90.2543
144.04
11.6971
-104.857
-145.251
7.57429
1.04571
-144.657
-145.337
-144.814
-122.883
-145.146
-145.52
21.9486
34.0543
144.477
-145.014
12.2286
128.906
-145.546
6.00857
57.28
-144.994
-43.8771
-44.3114
-45.1971
144.551
-106.431
-144.754
144.709
-129.414
-144.626
-145.557
-7.12
54.3114
-33.12
-145.089
-144.771
-145.511
-122.08
20.9029
145.223
4.44
145.506
-144.937
-145.066
24.5486
-145.48
-145.617
-144.783
-144.863
-145.114
27.8886
144.32
60.8829
-144.986
-145.403
-144.294
141.209
-24.3714
145.406
-96.02
-3.04286
-82.66
135.946
-18.7657
43.78
131.894
-145.046
-144.183
121.343
145.203
144.663
-145.18
144.363
-145.391
14.9886
133.271
-145.023
5.21429
-138.62
-145.191
23.0571
5.74
144.18
-104.411
144.954
-144.78
15.7029
-50.9771
4.16
-146.023
-144.68
-1.57714
-18.94
-145.28
112.84
-142.5
-144.294
48.28
145.063
-145.449
73.8886
-144.946
-144.854
-8.00286
17.8971
-144.883
144.811
-145.083
-145.246
117.226
107.957
100.946
-144.614
-5.92857
-127.491
-145.323
2.61714
-120.38
-7.94857
144.369
19.6114
41.0429
48.0714
-145.271
144.429
47.4029
145.169
-22.2286
-144.303
-21.8571
145.34
-145.26
2.5
17.7543
2.64571
145.269
145.003
144.103
144.446
144.917
-63.5543
-145.131
-144.474
-145.646
-144.58
-2.6
-134.329
-145.229
-12.3543
-144.326
-144.866
-49.42
-33.3914
144.671
145.163
119.686
-33.7457
144.977
3.37429
-144.631
-145.114
71.6829
143.863
145.129
145.12
144.831
-144.811
144.629
-144.529
-144.651
-36.3114
26.3943
-14.4114
40.3857
-145.026
144.629
-14.4657
-143.643
145.1
144.646
30.46
145.226
-144.897
-12.7457
145.217
144.503
-0.922857
113.397
-144.417
-37.7629
-144.929
145.14
-145.209
-20.04
144.206
144.766
54.8486
-45.2771
143.414
-23.7686
144.269
144.714
-13.4029
-40.1657
-64.0571
-15.0571
123.354
46.4486
-144.726
-145.609
-145.131
144.76
29.9457
22.4086
8.24857
143.849
144.6
1.61429
-144.96
-145.334
24.8429
145.434
-145.08
144.966
45.8829
-8.92571
144.131
-17.9371
-49.8229
-111.606
-130.874
144.183
144.16
-145.463
2.27143
-26.46
-145.169
-118.897
-18.4029
145.317
145.114
-34.5371
145.169
137.491
145.349
7.04286
144.654
144.757
-60.6886
144.289
143
144.869
-29.9486
-145.126
-11.6886
144.734
-130.46
-12.0657
-69.4886
-145.42
-145.363
-130.929
143.88
144.057
144.203
-145.514
-48.2943
-49.2229
144.434
145
144.94
33.8543
-145.549
-145.811
-145.274
-145.394
-145.071
-145.043
-75.0971
-27.4143
-125.7
-144.011
-12.0657
-145.32
144.971
-144.003
-144.934
-44.1
70.8429
-144.334
-91.3171
-22.7543
142.214
-144.714
104.823
144.971
-144.826
144.646
-18.9029
-19.8457
-36.8857
5.07143
-16.4143
20.4057
143.914
-144.746
-144.734
-21.2486
145.1
-145.146
16.1314
11.4057
27.0486
-144.631
-143.929
145.611
-145.469
-4.89143
-145.274
-21.2771
-144.3
3.77714
-131.806
-145.571
144.683
54.1343
-85.5486
-144.854
-57.2771
-84.8886
144.869
144.754
144.54
143.937
144.68
-10.9343
57.9857
-5.70286
-17.4086
144.731
144.494
-16.8343
144.854
21.4714
-144.931
144.7
107.694
-144.731
-144.294
144.814
144.851
26.2714
144.991
-125.14
-144.591
-39.7829
-36.3029
-144.411
113.434
-5.68
124.637
143.911
144.371
-144.609
-145.026
-145.643
123.586
144.846
-12.9743
143.82
-144.837
23.3286
-144.446
105.503
7.02571
144.369
-132.189
-144.814
145.266
144.834
-143.966
-144.574
-144.94
63.04
144.471
-145.026
-145.091
88.5114
-123.191
20.5657
-144.906
144.434
144.86
-144.78
144.651
-144.686
43.4229
47.76
12.7629
-133.746
-52.98
83.7
-145.066
42.3457
137.129
4.48857
144.457
-144.903
-145.711
-145.449
73.3771
-145.137
144.857
-144.903
145.423
-145.291
-145.597
-20.3629
144.091
-144.646
-145.374
144.391
-84.9457
-25.4514
-139.806
16.9457
-144.96
-145.209
144.48
115.643
144.5
-144.906
144.811
-145.331
145.151
-2.17714
143.223
144.831
-144.911
-133.606
-144.606
-144.957
8.47714
47.5657
-145.131
12.7914
144.834
-17.6514
-93.1743
-41.6829
-144.894
145.191
-144.32
-108.369
-31.5514
-144.557
144.777
-144.297
-144.003
14.4571
-145.434
143.611
-144.991
-83.78
-0.74
-80.9
-145.08
-143.594
-13.1314
132.726
13.5943
-144.909
144.983
-145.351
-23.4657
-27.9514
-134.954
145.414
-144.589
12.6857
-1.30857
144.451
-58.9257
-144.98
144.729
-144.751
-138.306
-145.666
-121.389
143.809
45.0086
12.8057
24.2486
-104.203
-99.4886
145.026
144.369
-24.5971
-0.502857
13.7971
135.14
-144.56
-23.5029
144.249
-145.789
-145.26
-13.5086
33.3771
144.171
-1.24
145.237
-8.4
-144.529
144.223
145.154
-144.983
144.574
8.44571
14.0371
144.374
144.474
144.486
65.0914
-145.314
143.891
-145.374
-0.422857
145.531
-2.53714
10.5571
36.3314
-10.1229
144.771
0.965714
-106.794
-145.069
-11.7314
-144.523
-123.249
-145.011
-137.24
144.24
34.7486
-145.117
-145.586
-32.6571
118.186
-144.08
-145.051
93.3171
-145.566
-144.954
144.689
129.997
-144.594
10.5171
119.903
28.2371
-145.897
2.51143
-145.194
145.371
-144.731
-144.751
-144.834
-144.957
-144.454
-144.766
145.18
-145.174
2.44286
-60.4486
-145.349
144.549
-144.414
23.9971
144.474
109.269
144.48
123.403
-109.629
144.734
-144.28
143.72
-18.9943
122.271
-144.64
13.9
144.6
-46.6914
-144.803
144.157
-145.089
-145.071
124.1
-144.703
114.22
54.6829
145.257
145.146
143.929
-144.857
145.717
145.049
145.229
91.68
-4.4
145.014
-129.96
144.691
144.354
-145.546
108.366
-1.69143
84.9657
-144.9
144.354
102.954
144.54
-145.257
-123.383
-145.054
107.289
143.943
144.26
140.889
-144.766
145.463
-144.791
-145.011
-112.106
-145.24
-144.814
-142.14
-46.92
-27.6486
-144.731
144.729
144.031
-145.089
-144.911
-144.414
1.36
-144.38
23.8629
22.4029
-144.186
25.8257
-144.911
144.546
4.37714
-45.2514
11.9657
19.78
145.083
-144.803
54.7771
-145.343
145.46
136.183
-144.671
-145.157
-144.034
38.3057
-89.2257
-26.9429
-1.75429
-144.089
-143.234
-3.48286
145.06
-144.991
-102.223
144.663
144.726
145.403
145.689
144.517
144.423
87.9971
-145.077
-144.834
-20.9829
0.488571
136.671
-30.4429
-25.9686
-145.126
104.889
-135.871
-125.754
-144.871
-144.897
145.409
-68.5
-128.057
144.531
-144.854
-145.303
-145.169
-145.106
-145.214
144.151
-144.971
-145.106
-144.934
-144.717
-144.926
144.894
-145.12
-144.331
-145.029
145.234
145.537
3.28286
6.35143
-49.0571
-143.289
145.306
-145.54
105.7
-1.26857
-145.306
144.72
144.734
-145.314
144.686
-62.1
-144.9
31.0829
46.7286
36.4486
145.597
126.451
121.903
144.254
145.069
-145.214
145.243
143.869
-144.331
-144.751
144.817
-144.88
-144.669
31.8486
-145.063
-145.237
145.729
144.994
-10.8371
144.854
145.203
-137.634
23.2829
144.58
145.083
-28.8171
-144.317
-10.0714
-137.363
144.531
144.8
144.931
-144.546
144.966
-145.54
145.046
-124.854
-144.711
144.734
144.411
-30.1314
17.06
-145.286
3.60286
-145.731
133.18
143.949
-145.349
135.471
144.834
131.146
144.637
-49.8114
144.563
145.154
144.994
-144.794
53.7057
144.5
-36.1886
-145.06
130.597
-145.077
-132.417
7.96
-98.9829
-144.817
-145.083
-8.24571
59.28
92.6457
144.706
-145.263
-145.291
112.597
-144.52
6.00571
144.734
-145.24
145.117
8.93143
-145.309
144.954
144.889
-35.3429
144.466
-131.66
-144.951
34.2029
144.849
-144.609
-101.811
145.291
-144.877
-145.483
144.957
133.577
-144.749
-145.417
-144.531
-145.389
45.1857
15.2971
-145.246
144.334
144.366
-144.174
141.38
144.429
-145.02
143.714
-143.774
144.691
144.349
145.46
-144.663
31.5829
141.797
145.051
45.5029
33.82
18.8314
144.84
144.789
-145.54
-144.543
-5.24857
-21.9486
109.723
135.351
-144.677
92.6686
145.694
-10.5343
-20.3914
144.803
-13.1571
-145.111
144.466
-145.414
145.369
23.2143
59.4257
-144.92
145.123
-13.5657
-144.974
33.6429
-2.02857
9.46286
-145.034
144.531
2.50857
144.766
144.663
-144.851
143.994
-21.8943
16.96
-145.431
-145.349
67.0086
15.9886
-143.123
20.3886
144.42
-145.343
-144.786
-49.1971
-145.129
20.8629
134.551
-144.246
28.28
144.451
86.0943
144.497
-144.703
145.146
-22.54
73.0114
144.969
55.3314
-61.0486
144.711
3.58286
108.506
27.2457
-129.074
-109.137
29.9743
-145.409
27.1714
145.083
-144.851
-145.283
14.6343
144.637
-145.169
-42.6486
-2.13429
91.2029
9.98857
-87.3486
-144.643
25.7914
-145.12
145.111
-141.557
144.374
-144.8
145.074
14.9343
-120.717
-119.363
31.2143
-144.594
132.611
14.4343
-144.189
145.289
144.483
-39.0743
145.514
39.2714
-40.8114
144.383
-31.6514
-144.86
9.72857
142.78
143.491
-144.311
-89.1886
145.369
-40.1486
-145.32
-3.51714
-14.7714
-144.977
53.2371
-145.637
69.4114
144.691
-102.506
144.977
6.19429
144.497
143.66
-37.98
-11.8857
-5.24571
-145.377
-144.666
-143.84
-144.789
-144.237
144.711
-36.8343
144.877
-145.297
144.669
-145.243
144.817
117.746
-46.4943
2.32571
-144.397
16.5486
-138.869
10.6429
-29.1343
-144.757
-23.4371
-144.789
-145.1
-144.649
144.62
-145.211
144.309
145.1
-12.7486
-144.951
-144.826
144.031
-48.3229
-20.4629
-144.623
-144.703
-145.257
26.4886
-135.729
-145.054
145.217
144.854
59.0743
145.111
16.4314
145.4
144.923
-135.769
-144.711
-145.446
-145.043
-144.994
144.654
16.6914
-145.031
-144.266
134.683
-144.906
-145.183
-145.32
16.8714
-40.3743
-144.894
-83.8971
144.689
144.82
-2.01429
15.7086
144.46
12.0457
-145.429
47.3286
-25.3629
144.809
-14.0029
145.337
-144.531
-145.389
143.957
-60.8029
144.803
-34.9857
-8.37714
-144.663
-145.054
107.08
-144.814
-144.651
8.85429
-144.46
-144.606
1.41143
-144.529
144.769
3.80286
144.866
-145.051
144.26
145.486
-144.731
-145.32
-64.2743
144.226
115
33.0143
-145.026
145.169
-144.631
9.39143
36.8657
144.437
-145.351
-35.1457
145.083
-145.297
36.0714
82.4914
144.463
-143.997
144.297
144.554
23.28
49.7257
-145.357
-145.311
13.1371
-117.549
-145.009
80.3714
144.074
-136.557
-136.717
144.854
29.38
28.2514
-145.391
-24.2514
99.5
-144.417
68.0543
-12.9629
31.6486
144.729
-134.291
-144.263
-13.2714
-144.423
-29.5229
-57.7629
144.866
25.4714
144.694
-144.954
60.8
-10.96
-144.731
19.2457
-145.477
-144.877
145.314
-145.063
-144.791
143.98
-144.557
144.989
143.269
-145.469
144.946
-42.1171
56.5086
20.4171
145.286
-144.394
145.217
-144.626
144.771
-126.189
-3.77429
-145.329
144.829
144.123
144.983
145.1
144.997
-0.677143
145.537
28.2771
143.92
-10.1057
-23.5571
-27.2714
145.52
-44.9771
144.466
-145.449
-0.822857
-141.486
22.8457
-144.72
145.283
143.626
-42.8029
144.163
145.034
-1.07143
-125.914
20.6114
-144.44
-6.38286
144.791
-55.2857
143.56
-144.857
145.251
29.9514
-116.671
12.7286
-145.52
-145.42
144.874
144.243
-144.311
-19.8029
3.06286
-145.077
-32.0714
144.277
-145.611
-144.691
18.0571
145.014
144.146
-144.009
-145.269
12.96
-145.151
120.751
-145.183
2.14571
145.071
-144.637
-144.566
-16.0771
-143.889
5.95143
-19.7286
7.87714
-144.991
-144.946
6.25714
-25.8857
-32.8686
144.297
144.714
144.634
-20.1657
-32.9857
143.903
-145.106
144.423
-7.1
-145.246
143.994
144.649
-145.406
144.889
145.206
-145.523
144.171
-23.9286
-11.6114
144.857
80.9943
70.06
145.534
-145.12
-92.42
-145.383
144.006
-144.871
52.3343
144.603
-63.9514
140.36
-3.67429
144.389
144.429
-145.129
28.0343
-144.831
10.02
22.68
74.8486
17.2829
-60.78
-144.857
-144.94
-145.257
-144.897
143.789
144.554
-83.58
-145.297
144.554
-86.8057
-141.517
144.929
-106.526
-144.806
142.46
145.217
24.24
-144.397
144.326
-145.274
144.817
-90.2543
144.6
145.063
-7.55714
144.991
-30.1771
145.303
-18.2
144.537
5.85429
145.34
-134.94
6.14286
-144.017
144.849
143.846
144.58
-100.84
4.84571
118.726
140.389
-36.6143
-61.7657
37.4229
125.506
41.7
145.18
-142.237
-31.0057
-145.029
-144.523
-139.157
-144.737
143.971
-5.72857
144.937
-144.886
144.869
143.06
-145.549
145.177
48.4
-16.6714
-145.091
-145.077
144.997
-115.663
-144.614
6.32286
-145.437
143.889
31.6686
145.14
144.989
145.043
122.163
-145.209
144.677
144.846
-128.363
-104.306
-52.8457
-145.24
-145.186
145.217
145.451
-117.154
69.2771
-2.18857
31.9886
145.069
121.509
144.829
-145.366
143.994
-145.36
145.551
-10.6857
-8.47429
-132.08
144.774
-145.086
15.1
-145.006
144.277
-144.766
-4.09429
-145.297
143.883
-145.409
-144.357
-144.663
-145.131
144.194
-144.994
-144.92
144.26
144.691
-145.114
-23.6114
144.983
16.1943
-143.951
93.2343
36.08
144.774
-145.531
-31.9686
143.917
144.903
145.209
-144.854
-145.609
144.854
-145.386
-144.803
126.737
-144.726
-14.7914
131.56
-145.566
-105.069
145.091
1.16
-46.5486
144.503
-145.097
144.774
-144.283
144.326
-117.183
145.12
14.1314
6.72857
-26.2914
32.5514
-140.977
-121.603
144.526
145.111
-143.137
-145.503
-145.294
9.50286
13.0257
-145.174
-18.58
-144.666
144.703
-144.9
144.711
-144.457
-144.62
134.326
145.011
144.923
144.926
144.351
67.16
-13.8143
143.697
145.154
144.523
-145.209
-144.849
144.829
32.64
-145.206
-21.3143
144.84
-76.2971
-27.3114
-124.169
144.534
145.409
10.2371
-9.91143
144.357
144.843
131.88
144.446
-143.949
-14.5486
-8.97143
-56.9114
11.6571
-63.86
-7.56857
-145.297
-145.374
9.79143
-145.26
-47.1029
31.9114
56.7657
35.78
-110.569
-119.394
144.06
144.709
0.631429
145.277
-145.009
-5.91143
144.714
-1.87143
-144.629
0.288571
-5.62571
-145.374
-145.326
-59.3457
-145.071
66.1457
61.4943
-145.043
64.2229
144.451
-145.277
-144.754
-145.24
2.79714
41.08
-93.4114
-145.289
130.68
-144.197
-144.586
-145.014
144.577
-145.234
145.24
5.62857
-25.2943
-2.74286
-144.869
143.471
145.243
145.094
6.46
-144.829
26.3257
-145.057
144.657
144.489
-144.751
6.24286
33.88
-145.369
144.729
144.197
-145.486
-130.071
31.0343
145.137
-144.534
-145.474
-122.8
-18.3543
144.931
-144.96
-145.36
-34.3657
144.997
-35.2629
-37.2457
48.1057
142.654
-144.871
-145.209
-22.98
-144.691
53.0771
12.3543
144.769
-145.103
-144.749
-55.5
-144.606
-145.557
142.417
-53.68
52.2171
-123.614
145.257
39.3971
-15.2314
-145.034
-104.02
144.189
91.6886
-3.81429
-144.886
61.3743
12.0514
-6.36857
-145.191
-62.3257
-145.231
138.169
-32.7429
145.16
-144.4
-144.997
-144.346
86.44
144.506
144.706
25.9657
44.8457
-144.571
9.49714
143.351
144.349
-145.191
-86.1429
-144.751
-46.8086
-96.3686
-144.469
143.6
79.3
-49.8743
19.8886
-145.549
144.766
-145.189
1.72
-42.0829
144.391
144.331
137.174
-86.8629
9.30571
144.629
144.969
-145.106
144.817
90.54
145.043
-141.391
10.06
145.246
142.1
-144.254
-144.874
-145.563
-12.1057
144.449
-100.614
23.8143
-144.177
29.1143
5.86286
-114.423
57.08
145.397
144.491
1.68857
-144.454
145.04
145.037
20.4743
-145.151
-145.36
-111.694
97.9914
16.9714
-144.771
144.791
145.614
-145.663
-145.509
145.306
72.2857
-144.789
-144.874
47.18
-11.54
4.67429
-54.8314
50.6
14.6657
144.871
-10.5571
-141.026
-144.863
-145.531
143.697
-145.5
144.626
143.751
-7.29429
12.58
144.197
144.723
145.514
-144.926
144.574
145.049
-145.311
-144.583
21.9629
-144.771
145.069
145.003
7.03429
-35.2914
-13.6971
144.794
144.846
-114.411
-134.831
26.8114
144.803
143.92
-144.823
94.9457
25.2286
24.2886
-34.5886
-144.709
-145.406
32.1257
18.4314
6.07714
144.474
145.483
144.777
47.56
-52.1486
-25.6943
-145.471
33.2886
-100.674
-144.863
145.123
145.249
-138.763
-9.25143
-145.329
143.74
-125.963
-145.403
3.13143
118.834
-81.4486
143.783
35.2771
-144.937
-144.823
-11.6629
-145.009
144.237
-3.45143
-77.9429
-91.66
53.2829
64.1971
-144.457
145.023
-128.8
123.777
29.8771
144.917
-144.794
144.917
-144.866
144.757
-145.257
30.5514
-59.8829
62.8286
144.383
144.794
-144.494
-145.771
-141.291
-117.52
-145.366
-46.8857
20.64
-144.289
144.323
-16.58
-145.391
-145.009
-145.034
-145.06
-145.571
-144.617
-145.454
-145.449
145.037
40.0829
-22.7514
26.0543
-12.78
2.73143
145.617
144.523
144.38
-145.68
-145.329
-144.423
74.1829
145.051
-145.151
-23.8257
144.789
-34.1
141.066
145.014
145.237
143.78
144.903
-145.497
-144.249
144.58
-145.294
144.246
8.60857
144.709
-140.074
-91.4257
-145.114
145.469
145.197
144.78
-144.509
27.0143
8.30857
143.46
144.957
-144.949
100.96
144.431
-145.263
-77.4
-145.346
144.566
144.686
-9.37143
-144.746
-45.8886
141.257
-104.534
143.46
144.414
-144.649
111.586
-12.2
48.4
-145.2
144.729
-5.05143
145.32
137.797
-144.766
-144.806
144.574
17.7686
-145.58
-29.2829
-144.834
144.003
144.331
28.56
143.009
-29.4629
-145.063
144.42
59.2829
1.28286
144.851
-7.56
-144.846
0.0114286
145.1
144.946
144.977
-145.069
144.963
40.6086
144.374
144.531
-145.623
-145.56
-110.726
144.183
-78.4
-12.4486
144.966
-24.74
-144.406
133.194
-145.006
145.174
-145.349
-145.383
144.874
-145.057
-144.546
-145.103
-144.434
144.686
43.3057
-144.983
144.943
-145.28
-144.754
-7.68
145.057
135.38
144.786
144.923
-144.78
144.957
143.774
-144.654
-144.549
144.974
-24.5229
129.014
-144.751
-142.486
4.34
144.523
144.746
-145.337
-145.414
-144.323
106.94
-144.346
29.7257
-122.469
145.12
-145.329
-41.1571
-132.197
-24.6486
144.517
-145.249
-145.106
3.29429
145.243
-145.571
144.929
-142.737
61.0486
-145.494
-4.03143
145.006
-5.44857
-139.777
143.78
121.32
-145.209
17.9229
41.4257
-145.346
5.68286
-145.4
145.289
145.28
-144.649
-145.2
60.66
144.529
36.3257
21.9714
18.5486
-27.7057
-144.771
107.229
144.489
-144.494
39.1371
-137.106
43.2857
144.509
47.0114
-145.209
-145.374
29.82
-145.123
-144.674
144.831
145.351
-105.369
144.02
-143.623
-98.1686
-144.834
144.706
144.703
-145.48
135.986
-35.7029
-144.277
-24.1914
-22.5286
143.769
-145.451
89.68
62.8143
-64.0086
-7.46571
-145.029
144.869
-144.949
145.077
-12.9571
15.9743
-57.7314
23.5429
-114.434
48.8171
-145.657
14.5286
144.84
-145.289
-145.077
144.537
31.5057
29.72
-109.866
-144.8
125.449
-13.1029
-14.4571
-31.1429
-21.3429
144.28
-145.063
-145.157
-145.243
-145.537
53.94
145.031
-29.2886
23.3286
145.129
30.8029
16.8886
-143.831
-38.22
144.9
-114.674
-145.56
-9.81714
-144.929
-145.443
145.38
-145.317
-26.3343
10.3629
143.997
-144.8
-145.151
-145.649
143.183
-144.549
-144.949
-144.237
-132.671
-28.8943
20.2286
-19.0943
-144.44
-24.9029
144.377
8.51714
-145.017
-144.003
144.857
-15.7057
9.64571
-145.306
-8.26571
-144.109
144.894
22.2829
-145.083
-145.589
51.8
-145.203
-144.046
17.2286
46.4
144.997
143.08
144.491
-144.463
-145.089
-144.831
-13.2714
144.74
-16.3657
129.871
46.4429
144.569
142.174
116.151
-144.609
-145.034
-145.269
26.3457
5.95143
21.9457
12.24
-145.326
116.386
144.789
-1.13143
-57.04
-145.2
143.903
8.08286
143.823
114.323
145.36
-144.991
144.797
52.4514
52.6714
144.66
-144.277
145.249
145.003
144.966
93.5743
-32.9714
61.5143
-43.1743
120.726
144.637
144.789
-144.926
-144.414
143.957
144.926
-144.12
-26.1829
-143.609
-139.771
131.9
144.889
-145.123
-143.837
144.683
144.617
143.097
144.783
13.6057
-145.06
-144.397
-144.3
-145.329
145.349
39.4029
-145.183
-15.1371
-86.32
-144.977
-145.386
-145.18
144.777
-145.177
-4.93714
-144.314
-134.369
36.9029
-145.254
143.946
144.643
-33.3657
-144.874
42.4114
10.1429
-22.5057
-27.6886
144.546
-144.943
123.591
-49.3657
20.2086
144.577
144.894
-145.611
-145.077
-145.48
-144.609
-144.766
-29.6657
120.2
-144.523
144.754
144.857
-145.391
144.394
142.994
-144.946
-145.246
-13.9829
-137.68
144.631
-145.12
-144.923
134.486
-144.949
144.583
17.6914
-145.229
144.534
144.62
144.98
-125.363
-1.57714
-144.343
143.989
-39.8571
-120.474
25.2314
8.48857
7.67714
37.6371
-144.406
-144.703
131.52
144.989
144.163
-17.38
145.111
-145.206
-118.557
144.777
-144.683
144.217
144.52
17.4029
144.606
-34.0371
4.68857
-145.3
-9.28857
145.006
3.04571
144.606
-0.00571429
-145.586
145.089
-145.257
-26.0143
-138.166
-144.886
145.186
-25.8571
144.706
144.974
144.843
-29.5829
-13.9371
-119.84
-29.4571
55.4314
144.431
144.82
-42.6314
-17.5143
144.646
-116.054
-144.386
145.049
-145.009
145.137
-134.72
143.886
145.323
-145.071
-102.051
143.797
89.9943
-145.177
-144.56
-56.4914
-144.789
-8.82286
-145.769
-145.126
31.4543
10.6257
-16.9943
145.14
142.617
-15.22
56.22
145.091
144.703
144.566
-142.457
-145.56
-28.8286
144.637
-25.5314
136.283
145.34
145.269
145.366
144.989
-145.5
-145.269
-126.014
143.886
-22.8543
14.4914
-59.9657
-126.574
28.8429
144.634
144.569
-145.011
145.26
43.8257
145.369
-28.34
-0.897143
-144.551
-144.643
-145.2
144.783
-80.22
127.58
144.497
-145.249
20.0086
-134.977
144.454
118.737
-32.8171
-145.103
-144.274
-26.5771
144.949
23.9943
144.697
3.47143
-17.5829
-145.68
-145.18
-145.031
-38.0486
-61.0514
21.4143
144.86
-20.5257
-144.774
144.237
22.5114
-144.689
143.751
-13.9629
-20.3314
-22.96
5.90571
57.2657
145.134
-144.729
-1.81429
-144.771
145.129
-144.837
25.44
-144.971
-145.377
143.726
144.677
50.9771
145.04
144.403
4.81429
-144.58
-23.6629
144.146
-145.046
144.791
145.291
115.86
145.274
-60.0943
-34.6286
-120.011
-145.214
144.891
-144.811
143.771
144.986
-144.643
20.5686
-144.974
42.6943
-144.614
145.231
0.754286
144.946
-145.251
-144.717
-145.266
-144.606
144.794
111.183
-144.986
18.6829
-50.8371
-119.377
-142.58
79.1086
43.6143
145.231
-39.5257
144.56
144.4
143.794
144.351
145.043
144.654
-145.134
21.4829
-143.32
-145.043
-12.5571
145.054
145.303
-22.4257
144.497
115.871
44.3714
-144.974
5.70571
-125.237
143.743
-145.06
-62.4429
-30.5314
145.44
-35.3914
-27.5971
144.831
144.994
-10.38
4.06857
-145.237
-103.849
-145.44
-11.0743
-145.511
-145.2
144.506
143.651
144.877
138.803
1.47714
144.337
-32.2714
-9.24286
-144.66
107.306
-113.957
-13.0771
-144.574
-112.391
144.623
144.783
-145.174
-145.28
144.646
-4.10571
-137.346
-145.014
-145.571
-145.071
28.4629
-145.103
143.76
82.5543
144.343
121.46
-20.34
-144.846
-97.0429
144.411
-145.494
-145.471
-145.009
-144.726
145.12
-144.289
-145.4
11.3886
143.649
-144.611
-144.331
144.909
-144.351
-39.1629
-51.8343
144.966
145.049
145.489
-144.443
-136.06
67.0314
101.971
-145.717
41.1629
-76.0457
144.903
145.071
-41.6057
-29.6743
144.409
27.1286
-17.5771
-144.957
-144.969
-17.3657
144.731
-8.94286
144.803
-144.506
144.497
20.7143
-41.1829
144.123
145.543
-144.751
-145.277
12.48
11.14
-144.943
-144.991
15.6686
144.783
144.92
-12.6886
144.426
-145.06
26.0943
131.054
-144.206
27.7457
144.554
-102.229
144.334
36.7171
144.931
33.5943
144.803
144.943
144.154
-144.26
-144.94
145.16
41.1
-144.943
144.706
-143.937
145.037
-144.871
-145.066
144.483
116.231
-20.7314
-23.9114
19.5514
144.88
145.131
-144.906
144.474
-145.617
36.82
145.029
-2.28286
-143.826
15.6114
-9.95714
145.134
144.849
3.40571
144.526
143.597
-36.1657
145.157
-58.9
-145.131
144.494
-145.183
145.011
-58.3029
143.966
144.297
-0.1
-145.523
18.2229
-2.97714
-8.15143
-12.62
-143.891
60.32
-77.6057
-144.346
-142.643
-28.6629
16.6457
11.9771
143.794
144.549
143.829
-145.009
-2.32571
143.943
120.057
25.9114
144.726
-128.046
-145.397
-145.629
-145.103
47.8371
145.017
-145.151
-52.7657
-144.7
-145.117
144.929
144.906
-144.771
-144.311
144.549
144.463
-28.1971
-143.151
-138.96
-144.426
-21.8343
-145.646
17.9457
-144.457
-145.48
144.926
5.22286
-3.64286
-145.877
0.114286
-144.8
1.31429
-144.037
61.6743
-145.44
-29.1429
144.091
-145.246
-2.50571
-87.7257
-144.483
-145.829
-145.12
41.9257
144.243
-145.269
-11.12
142.654
-60.9514
-0.888571
144.951
-145.171
-114.957
-144.229
142.617
25.8314
144.431
-31.9714
-11.8286
-60.2343
144.809
23.7429
-145.22
-145.137
123.443
122.809
9.10857
144.423
-145.074
144.831
-17.76
11.5229
-34.0543
144.889
82.3029
145.126
-144.911
-8.9
16.2229
-144.666
144.677
144.711
78.3743
16.7343
-145.129
-144.957
144.7
-139.62
-78.7686
18.14
144.354
143.191
-82.2286
-145.771
18.4914
110.94
145.006
144.806
-133.486
144.611
144.971
-84.2143
143.689
144.454
0.32
-144.903
145.423
-144.974
144.471
144.857
-144.1
-145.423
-48.0714
145.097
-126.943
-51.9857
143.871
144.389
144.534
144.231
143.089
10.2571
-139.46
-145.269
-144.789
144.749
-145.629
15.5857
-145.357
145.303
-23.1486
-144.711
-144.783
144.943
-145.603
145.043
-6.78857
133.42
144.617
144.491
144.777
145.383
-145.391
144.457
144.163
144.566
-57.6543
144.891
106.906
141.249
-145.314
-145.609
-19.3514
142.38
-145.111
144.32
-144.837
-144.226
11.6914
20.28
-144.974
-145.34
-3.15714
-33.7114
144.46
145.591
144.711
144.046
144.557
3.31143
-11.0657
144.217
-144.529
35.0914
-3.75429
25.4429
129.737
127.489
-7.26286
-144.826
27.3057
145.22
-64.84
35.5943
-123.174
-144.951
-131.963
145.66
-142.729
-143.869
-145.337
-145.034
-145.526
28.1114
-145.043
-45.7714
-80.6057
139.771
-4.72857
109.774
-144.38
144.169
-15.9257
-110.837
-144.791
-145.417
-144.991
117.446
145.311
91.6971
-31.2114
33.0771
10.2686
-144.611
124.294
-145.469
144.889
41.0714
42.3057
110.826
-145.246
143.443
-145.786
-145.526
-144.563
-145.08
-2.07143
144.34
-144.529
-145.489
55.1571
-24.9343
144.234
144.989
105.189
-144.037
144.18
144.8
14.3
144.466
-144.329
108.386
-145.317
-52.9286
26.8943
-11.3343
143.5
-145.417
144.646
136.709
16.1429
-145.037
145.089
137.2
145.489
-32.5314
-81.5657
144.817
144.063
-58.1743
-144.837
-145.543
144.757
-145
4.78286
-118.357
-36.2143
2.82571
-131.557
-144.951
-16.9229
-108.129
144.863
1.09143
-128.423
-63.8257
23.2171
-145.251
-128.794
-27.5057
144.354
144.334
-68.1543
144.811
145.014
144.309
-144.737
144.554
-24.4486
-144.857
145.211
-145.08
144.26
144.969
-144.857
-22.4571
117.169
-145.034
-28.62
145.186
73.0029
16.2086
110.98
-10.52
-28.06
-127.12
145.049
-144.914
143.3
38.1514
-24.6743
-145.689
144.503
145.18
144.443
-20.4657
145.1
-145.203
9.43714
-145.174
144.226
143.097
7.34571
-143.377
-10.2057
-144.974
28.9771
-145.603
-144.557
-144.597
144.086
144.843
-66.7171
-144.06
-57.4943
-144.58
144.494
12.6371
-145.466
144.829
-144.906
-145.034
24.7943
52.2286
143.946
-32.3229
-25.8943
143.271
-17.94
144.609
10.16
-34.0029
144.691
-66.9029
144.449
145.48
38.6657
24.4743
10.1086
-144.074
128.106
-145.571
-145.734
-137.46
-41.4486
-144.889
-144.614
113.729
139.231
-33.6257
-9.84857
-144.806
-145.377
144.723
-60.28
5.35429
-145.854
7.44286
-77.04
-144.577
-144.811
13.4514
-35.8257
-144.886
-144.377
-145.369
144.246
145.26
-136.234
144.669
144.794
144.386
22.9086
97.1571
144.463
-145.017
144.917
-139.923
144.211
-50.3429
-25.8714
-144.82
56.6486
144.303
9.26857
115.583
143.697
-61.5171
-2.10857
144.991
79.96
26.9029
12.7371
145.403
-144.154
144.509
-145.409
-145.323
-4.34571
32.3371
145.274
-144.349
26.1429
143.606
144.714
144.343
-145.446
32.9943
-144.72
-145.091
21.9057
144.583
-114.831
145.011
36.5571
144.483
144.677
126.694
145.251
145.091
144.74
-145.629
-145.057
-144.146
-1.75429
14.3743
144.849
45.82
10.2429
-140.234
-145.186
131.32
-79.4429
32.0086
9.39143
144.469
-144.334
143.617
-145.137
144.226
130.706
43.6457
144.949
-17.72
144.917
-16.4571
145.009
127.066
130.306
144.831
144.397
-145.094
-12.0286
111.934
25.5771
22.6886
144.751
107.089
11.4343
-8.7
145.226
-145.286
-143.986
-145.297
144.274
-144.894
46.8114
-144.663
-143.98
16.64
4.26286
145.051
145.311
-64.9943
-145.717
-4.55143
-144.549
-144.889
30.8514
-55.4686
-34.2943
143.966
144.563
144.166
-144.734
144.666
-48.7914
145.149
-10.7229
-81.8686
144.217
-145.414
115.691
-50.3571
144.28
-145.209
144.64
-0.1
-145.189
144.994
-144.657
144.069
145.283
144.214
-145.234
144.269
-145.026
56.4886
144.891
-21.3743
-144.8
-145.24
-145.034
21.5286
144.789
143.577
-144.731
-34.5257
145.24
-90.7143
-24.7229
27.8171
144.8
17.3686
22.28
-144.68
144.689
-15.2914
-145.203
10.4229
18.9686
144.46
-144.546
-25.4486
144.851
-75.8886
11.7829
144.891
145.18
144.943
-144.706
-145.366
144.897
-145.174
144.754
-144.506
144.626
145.391
-32.7629
-38.1057
90.46
144.497
-132.417
34.5171
-145.297
56.4086
143.489
-144.557
145.054
-144.971
144.94
-53.2714
-144.991
145.56
-144.609
144.909
67.8457
144.56
-144.171
-144.874
-85.4514
46.9114
-145.389
16.84
-26.5343
145.074
-145.249
-50.3486
-26.34
-145.189
145.066
-144.103
-99.68
-145.14
-144.3
-144.934
144.66
-145.26
144.906
126.98
-145.434
46.7
62.8857
118.454
-144.866
-144.746
144.706
-145.189
-145.354
-77.3857
-144.651
-144.694
-145.546
145.211
47.2629
144.563
-145.186
144.077
-93.3086
144.871
-144.486
8.57429
-145.103
144.763
-145.014
88.7629
-144.786
-5.6
144.166
51.8914
144.4
-144.657
8.31429
144.58
145.371
-42.32
9.91429
-144.857
143.317
-14.18
144.383
-144.757
-117.337
131.571
97.6914
-144.98
145.131
-145.171
-13.9143
-47.8629
-145.223
145.437
-144.706
-14.6657
76.2057
144.903
144.886
145.22
