146.4
225.6
1492.8
-748.8
268.8
-1392
-820.8
-141.6
-710.4
-429.6
-1192.8
-266.4
192
153.6
-328.8
-225.6
849.6
-645.6
-64.8
-180
-345.6
-482.4
-1276.8
1389.6
-1159.2
1828.8
114
-1036.8
105.6
-556.8
158.4
-381.6
26.4
268.8
230.4
-681.6
-876
-1315.2
-211.2
12
1562.4
-489.6
-962.4
760.8
-201.6
1046.4
172.8
492
240
496.8
-866.4
-148.8
-763.2
909.6
-604.8
-225.6
-1178.4
117.6
-765.6
679.2
-1166.4
-348
-52.8
-261.6
789.6
600
-24
-31.2
-1125.6
1638
-496.8
-655.2
-148.8
1017.6
33.6
-153.6
235.2
228
-132
57.6
-494.4
811.2
84
-2.4
-631.2
-4.8
-136.8
-446.4
-156
-991.2
-52.8
-1197.6
631.2
451.2
-14.4
453.6
607.2
153.6
1768.8
1080
-33.6
453.6
302.4
-612
-782.4
-1012.8
998.4
758.4
499.2
744
-796.8
1164
808.8
1041.6
-1000.8
-396
458.4
-1862.4
652.8
-590.4
180
1348.8
57.6
-477.6
-664.8
-57.6
-916.8
669.6
-1264.8
-256.8
710.4
-1072.8
547.2
-172.8
-1070.4
-372
-626.4
1356
-585.6
-686.4
-1329.6
585.6
-758.4
-583.2
1756.8
-247.2
-528
271.2
-616.8
-1207.2
88.8
-192
-182.4
-220.8
242.4
112.8
938.4
79.2
1264.8
-807.6
688.8
355.2
-201.6
-573.6
-410.4
74.4
350.4
-328.8
-770.4
612
456
-844.8
182.4
297.6
326.4
-372
722.4
384
12
-21.6
-926.4
-794.4
1593.6
-223.2
1024.8
-74.4
-931.2
-1353.6
422.4
309.6
444
271.2
960
1164
-710.4
-525.6
21.6
-249.6
-410.4
810
609.6
1363.2
-945.6
847.2
-592.8
170.4
348
976.8
110.4
321.6
813.6
453.6
261.6
-1207.2
-307.2
-180
-427.2
-355.2
345.6
132
-396
244.8
-1389.6
-451.2
19.2
-74.4
-866.4
-4.8
578.4
-1689.6
156
520.8
1492.8
-528
768
1430.4
-590.4
-530.4
-883.2
158.4
-33.6
758.4
1082.4
-2721.6
72
40.8
681.6
1250.4
-710.4
-787.2
-931.2
-549.6
-364.8
864
-489.6
717.6
50.4
105.6
84
-1324.8
-379.2
192
765.6
775.2
811.2
324
-88.8
62.4
948
14.4
1372.8
-326.4
-12
100.8
192
691.2
288
57.6
-194.4
-672
-276
-794.4
117.6
991.2
391.2
-434.4
748.8
-698.4
-736.8
669.6
-194.4
1262.4
-302.4
-795.6
-501.6
528
-1015.2
388.8
1387.2
417.6
-1154.4
459.6
-991.2
-330
-885.6
-100.8
-172.8
-2.84217e-14
336
-26.4
1084.8
218.4
-979.2
-588
2527.2
-14.4
434.4
-2623.2
-168
-328.8
-172.8
700.8
326.4
765.6
842.4
-448.8
405.6
321.6
592.8
74.4
-830.4
1068
-727.2
604.8
1077.6
91.2
-1459.2
112.8
669.6
-57.6
-194.4
861.6
14.4
772.8
-81.6
-362.4
324
-624
177.6
-216
172.8
-60
-93.6
-165.6
-729.6
12
-612
504
945.6
-584.4
-1106.4
684
136.8
1372.8
-912
-1228.8
-602.4
115.2
331.2
511.2
-2066.4
-247.2
1020
21.6
-453.6
-784.8
-1689.6
-136.8
-960
-340.8
-139.2
-746.4
-1576.8
-1039.2
96
-936
-72
-1039.2
-530.4
-544.8
57.6
415.2
316.8
7.2
-144
-693.6
-211.2
1024.8
-249.6
-748.8
