-87.6722
135.08
125.94
-85.2941
-110.137
72.0421
-119.985
-168.682
-102.513
113.686
-54.9143
177.114
21.2396
-66.3601
-10.6107
-122.536
-28.5827
76.6712
-63.1469
-11.7362
28.5645
-117.916
-154.886
128.844
-84.0052
37.1874
70.0452
-131.994
-168.728
-61.9215
174.228
-27.8747
-20.3137
3.16778
139.909
-184.993
168.991
-75.5366
-191.61
8.83167
6.3991
-78.3867
-178.449
185.048
-55.468
-99.944
-42.9058
-178.785
-70.735
103.847
183.032
107.115
-172.694
172.54
124.751
-61.6583
12.4533
172.277
170.026
-182.27
-117.09
151.636
179.583
-178.222
-28.3376
-162.882
-174.863
-162.764
83.9689
-61.8943
-185.874
-19.1973
-112.379
-167.711
-36.4885
-194.932
160.468
-16.8827
63.519
-175.88
176.416
-66.0787
-79.4124
-34.7548
83.1066
164.135
-178.44
130.66
-173.62
-23.3908
-126.893
-138.511
7.27955
-83.3608
-161.856
158.789
-76.6077
-98.1014
4.15715
132.221
-24.1169
164.652
47.0175
170.534
-42.6153
159.025
188.106
98.6642
131.667
171.414
162.465
-48.4516
-182.579
5.86357
-41.5896
-77.4155
94.2529
167.085
164.389
23.0095
114.912
-121.792
156.873
-9.68488
-56.3121
-92.4648
134.009
6.86202
-81.7451
-152.28
-29.4813
86.583
-149.921
21.3485
-34.8365
76.7802
152.217
73.7394
-176.661
-76.9163
-19.5695
-15.2852
-84.0688
-5.72742
162.682
-12.1084
-176.234
186.237
89.8688
-97.7202
90.5496
6.99817
-125.168
-91.7114
43.7045
-181.017
-80.1385
111.58
-94.026
80.7558
-35.3085
-117.045
47.9978
116.137
-26.4678
-11.8451
-0.3903
147.361
26.7582
28.5645
-162.601
13.5153
-24.8067
82.435
75.9996
1.22536
50.7844
170.225
17.5726
-131.059
2.3418
-123.77
-74.4747
-9.87549
39.3658
86.1383
-179.529
129.698
-135.679
88.2078
-14.7588
-148.305
-198.427
176.606
-71.0709
101.151
-126.321
92.3105
77.9329
115.565
-145.872
-102.204
-126.602
10.9375
102.395
48.5696
-50.4031
164.879
-123.217
-30.7702
116.99
92.3468
-117.78
99.6626
-133.455
177.478
-173.13
-135.017
-125.667
164.08
78.5229
154.74
-106.561
-80.5288
-159.442
163.409
-3.52178
-155.539
-154.069
179.375
161.003
-170.561
-26.259
138.693
-51.3199
-55.359
-109.974
164.216
145.246
-30.0077
42.7424
-62.212
-96.3405
193.661
180.037
188.696
-182.533
-179.765
-190.975
-60.3422
-36.6065
-122.128
-190.657
-181.98
-163.136
-78.4049
136.959
136.995
130.024
-3.44916
-119.323
31.3057
-6.89832
-52.8176
-115.71
163.145
142.205
162.111
-172.367
10.5472
152.898
-162.51
66.7685
116.092
-200.596
149.321
-154.296
-64.2815
-74.1116
-100.843
140.508
-108.404
38.5035
120.185
54.8054
-78.4957
-45.7649
-172.467
94.0441
-177.16
8.78629
131.694
-180.981
135.743
-186.345
-61.8308
37.378
-85.512
-20.8311
-158.444
-180.981
119.949
-152.008
-141.352
-51.5922
41.399
-192.409
176.379
48.8056
-97.3844
172.93
-125.395
-78.7498
20.7857
-66.0242
33.4024
159.124
27.7022
175.562
109.865
-11.2189
-112.742
-127.174
-113.641
88.8159
-20.9854
71.8696
152.789
94.2166
37.1874
164.933
-91.3846
-103.675
62.8655
18.6255
195.54
16.1657
-149.966
-48.1975
24.1804
-63.156
-4.35684
-91.4663
-74.638
145.664
-92.4285
-56.3756
114.521
-31.1968
136.687
173.929
-135.734
-125.54
32.413
112.243
116.219
64.8261
-151.6
153.66
29.8534
111.281
26.0321
-99.7806
-142.142
-66.469
-136.369
-80.2747
170.38
192.545
149.739
-129.089
95.0335
-108.848
-15.4214
134.063
-67.1951
-107.015
-144.411
-132.248
64.5447
143.431
103.266
115.102
-175.118
68.8925
-99.5991
111.417
-11.7544
164.398
-170.579
5.25543
139.664
174.891
120.022
158.389
134.272
1.2889
168.455
-185.792
143.131
144.356
-75.8634
64.2633
-26.3952
-50.8298
-89.6964
75.2825
141.343
9.82103
129.162
34.7458
129.416
155.194
178.176
-119.414
88.8795
13.5516
-54.8598
-33.0847
-59.135
118.333
94.3164
-150.411
-154.486
-113.986
-131.431
-99.2542
29.5993
138.075
51.7011
144.484
58.2636
147.688
-122.826
-161.394
129.153
-187.299
41.5079
-59.7522
119.94
-154.822
166.304
-170.897
52.1277
73.5035
120.848
164.77
155.793
-173.357
-118.642
31.9864
195.894
125.45
33.4115
-75.3551
-88.9884
19.2972
35.599
-174.165
-103.23
-145.019
-138.765
-200.315
35.7896
164.398
19.4061
-136.024
136.296
-192.136
-30.0259
128.363
-166.749
6.56248
41.9799
178.34
113.577
-39.7289
-159.215
135.861
119.259
190.475
-164.834
171.714
-145.228
191.22
10.1841
-177.242
-131.912
70.7986
-86.0657
-43.5865
-12.8527
-53.6889
111.009
-92.2469
85.2669
-69.5188
52.4999
103.393
72.4778
14.0054
22.5648
-0.571835
-61.7037
177.586
-128.826
-20.6677
190.956
190.648
143.903
-59.4254
152.762
75.9542
-155.303
92.0291
-114.685
136.305
-107.55
166.377
165.169
-143.649
-15.2308
170.761
-150.801
175.635
93.3906
2.68672
184.458
-120.585
171.178
-163.418
126.811
-19.1792
-163.336
120.648
-143.857
173.121
108.131
70.3811
-150.737
-95.1696
-193.171
-136.324
151.89
156.982
126.33
-23.4543
181.716
-183.541
-162.81
119.423
198.445
121.601
69.6186
-175.971
-61.7581
-53.2805
-178.195
7.88769
160.822
-191.764
-190.602
151.636
-188.007
167.566
191.728
21.3485
-166.803
47.2717
-155.757
-187.38
-183.65
-100.988
-63.7096
-153.025
-51.9462
-74.9739
70.4718
-81.2913
-128.136
118.306
-176.615
-76.2719
160.631
-185.184
-154.686
141.397
-186.2
-190.357
55.3227
-13.6696
143.213
98.4554
-37.1602
-7.27047
112.152
-185.574
98.8457
98.2013
-104.591
-149.83
-96.041
-180.645
-73.2584
-67.6126
-111.916
133.709
160.577
27.9927
-178.676
18.3713
76.1266
-114.712
13.724
-180.663
175.544
133.818
92.492
-157.708
-55.3772
95.4238
147.479
184.848
194.46
139.092
-138.175
-159.115
-113.704
138.611
-97.8745
160.241
-88.5799
-67.7397
44.0403
148.151
105.599
164.797
-29.9442
-186.545
-82.8525
-161.112
70.617
-129.934
-127.02
-76.5442
127.056
-148.214
42.2976
151.128
138.947
81.5091
-146.526
68.3751
-38.9755
187.925
172.159
94.2257
-45.8557
71.0164
11.2461
-125.041
-105.345
-55.241
-89.9777
-117.045
-170.779
-110.373
89.9596
86.1746
-189.74
-120.648
182.47
-168.982
-168.374
-107.115
166.967
80.2838
20.2048
-63.3466
-193.362
-0.344916
-53.2986
-158.525
-36.8879
85.1943
116.981
-103.021
153.66
-108.358
145.609
-134.835
72.8227
29.8262
-178.013
55.4044
125.885
112.751
85.4212
123.289
50.1036
-155.258
146.145
54.5784
53.2532
-66.3147
108.649
-30.6068
-50.8388
61.0592
138.929
-111.953
-37.4869
174.455
-5.80911
-144.965
68.366
-154.441
184.703
128.391
98.646
76.644
182.914
117.517
-176.933
-177.986
70.136
132.402
185.284
37.0331
66.7231
45.6197
129.298
162.955
116.309
-62.5569
-173.765
-9.65765
-181.689
163.881
144.32
109.593
-131.195
-171.115
-60.5237
165.551
181.163
-151.563
-197.646
-126.23
122.182
-125.214
-149.439
35.9439
-5.89081
-137.286
-172.985
23.9989
178.585
-113.278
86.5467
196.511
178.594
144.91
-38.1405
173.166
-170.779
103.865
101.387
188.125
-95.7596
60.9594
-129.97
-92.1652
-107.532
-188.297
-72.741
-98.5371
75.7636
-134.363
153.088
135.942
169.871
-87.6995
-168.682
-105.181
-56.1941
159.279
13.2248
-77.2975
-137.376
133.219
-110.437
174.764
-178.53
-60.2968
114.44
-201.004
-84.6406
-85.0763
178.939
154.495
82.6982
14.9675
178.376
-110.319
114.966
166.821
127.837
-63.6733
17.8358
151.073
167.629
-194.968
-35.953
116.137
-6.6351
90.005
81.3821
-65.1619
-125.141
97.1393
76.8982
-36.3977
-144.474
-82.4622
-110.065
144.547
-112.198
-198.926
80.8102
80.2384
107.587
-157.209
77.2521
-166.077
75.0374
153.324
71.316
103.184
37.9589
149.83
108.63
-27.9382
122.209
156.91
119.414
-181.217
-56.6842
91.5843
148.278
98.3646
-33.5658
26.3589
13.9328
137.022
-11.9268
-148.477
-17.273
-37.2873
64.4539
59.607
132.983
133.755
97.9834
-119.985
-127.247
-159.932
-152.371
-78.414
174.718
-145.518
54.0429
-62.9744
-170.479
-174.346
-105.526
-154.25
42.3793
4.78344
178.113
122.046
-19.6058
-62.8837
37.1057
-38.3402
-160.64
31.2966
123.244
177.432
-53.8795
-106.034
-169.517
190.094
119.214
149.648
113.777
84.2231
-159.143
11.4367
-91.43
-177.459
40.5276
51.6104
-142.859
27.1395
-189.486
109.801
-103.175
99.0999
-187.516
-86.456
-66.5416
60.1606
137.631
-22.1109
66.3237
-51.2654
56.3575
-115.02
-117.68
190.049
-136.95
74.756
114.539
-68.5112
5.50958
157.663
-86.7827
-164.126
120.621
-149.249
-34.2465
8.44137
181.934
175.617
-193.062
-181.027
-169.59
-106.824
-9.09489
181.417
-84.5771
-175.099
-148.187
-39.8923
-165.442
180.527
130.823
-66.6959
-30.4434
-130.878
-93.4904
-113.387
-163.971
-119.196
170.67
-188.669
-147.17
-188.007
-160.15
184.594
-174.936
-128.899
132.52
61.1863
118.279
-112.261
-106.08
159.015
33.0847
-181.816
-182.905
-135.507
158.661
48.6059
179.284
86.1292
-159.215
-125.214
-63.6461
-86.5013
196.021
100.679
187.643
18.8705
151.5
171.968
139.609
-131.522
93.8898
109.956
7.17063
-134.808
120.457
-95.1969
138.311
69.5551
70.735
-142.296
165.714
-4.50206
166.44
-142.577
-24.4074
159.896
17.6089
179.447
16.8737
107.568
1.38874
-190.285
114.412
-203.174
-175.816
70.0724
-63.1832
-52.6179
165.814
66.0696
135.697
-144.139
-139.255
82.8525
-31.6234
-154.958
18.9976
-199.271
-99.6626
-134.481
-153.143
9.34904
-77.6788
-118.107
-132.874
58.3453
6.03603
-125.214
179.066
-184.158
165.033
-180.355
96.513
163.599
156.583
-57.4104
-91.8566
97.9471
-159.487
-46.3005
70.2358
-193.099
124.932
71.207
2.93179
-79.6756
87.3455
-39.7743
177.659
157.618
-120.657
-126.911
-159.006
-26.8944
-209.373
-92.6826
-37.2963
73.5761
-35.953
-85.04
-154.232
-39.8106
-69.5914
-124.769
-104.255
-154.132
152.952
-43.523
173.466
128.545
-161.648
83.742
145.455
-12.5168
-139.274
-19.4424
-139.972
-120.748
167.983
-142.151
42.6335
28.7188
142.922
-5.51866
6.42633
-97.82
195.74
-21.9294
70.4446
-182.969
-36.9423
-145.927
-167.738
130.696
-126.929
-175.027
185.728
96.6128
88.5618
-135.289
-13.9328
-41.4898
-144.111
-4.75621
-89.6964
180.763
164.707
155.122
156.837
96.7762
20.9491
-180.781
-0.80783
-139.709
150.692
92.3195
155.103
146.29
-104.782
-42.4428
86.4015
145.881
-170.18
188.76
189.15
-80.5833
166.767
-26.3316
-6.53525
-56.0943
33.5023
96.6401
83.0885
98.6097
-65.407
126.049
-0.471991
-157.191
135.198
119.041
126.439
83.0885
-43.3596
-186.536
-33.7746
78.3777
35.599
-77.0525
-85.6209
57.4558
97.221
187.834
-151.4
-71.9513
97.6567
168.256
135.661
78.7407
-170.579
179.837
-123.761
28.1197
31.4328
-45.2112
-72.9679
141.279
140.145
-75.3642
104.219
9.86642
128.817
187.417
-153.306
-166.286
-121.556
-134.608
9.22197
-152.771
146.952
-133.791
-163.318
-15.3488
-204.027
77.6606
123.199
-127.347
75.7182
-155.158
-129.144
-166.041
-53.3803
-175.771
89.0791
166.531
-6.91648
85.9204
170.679
115.193
-111.172
-114.558
186.5
112.47
-71.6155
-171.269
75.936
144.665
117.734
-185.302
-156.674
141.234
-162.383
163.445
-131.794
20.1594
61.1228
64.9532
-84.6315
-149.394
-167.847
-167.765
-81.1824
-23.6903
-136.541
98.7913
-96.2498
150.719
164.561
46.128
-162.946
-104.836
120.467
58.4179
77.0978
144.302
-159.878
-9.44889
133.365
120.421
107.714
-179.601
23.0912
-118.733
-177.904
-184.43
169.209
-15.4305
-133.564
-112.633
-72.5504
180.409
10.9919
-176.552
174.764
-140.29
95.6325
-30.1711
-199.942
-193.48
-27.7385
155.811
54.9234
64.4539
83.5514
-122.817
-52.2366
-46.5365
-140.925
106.461
159.315
33.9924
172.404
149.712
161.303
131.449
150.483
160.776
-8.34153
188.115
109.883
74.5927
-142.723
-70.0271
-147.561
43.7136
183.332
-181.762
134.663
-56.5844
22.9369
6.56248
-102.358
126.085
-128.744
-31.1968
116.8
-153.769
-115.928
15.3397
-157.917
-152.507
45.8648
-193.888
-169.154
-58.1638
-8.61383
156.51
-142.614
154.259
-153.76
-140.426
-157.59
-156.256
-25.3786
18.2079
-108.894
-104.8
117.335
122.944
144.021
-15.6029
-137.286
104.818
113.114
154.168
29.1817
77.6061
-70.4083
153.696
-75.2099
-141.824
120.73
115.284
29.3088
35.4265
157.999
-180.564
-166.994
-190.911
100.28
-21.7933
168.682
150.129
-130.887
-61.74
-5.63666
112.052
133.51
-3.3947
-3.94838
-21.285
110.337
-57.9731
29.3088
-126.121
92.492
174.509
-191.038
-192.835
-93.8898
-37.9771
-20.341
28.147
156.737
-158.907
111.299
159.887
-106.497
175.862
142.024
29.6265
-61.9851
74.992
110.891
-99.6354
-60.4511
59.4163
135.144
-43.0328
-105.916
111.335
-55.5224
11.7453
-158.09
-56.5299
182.96
146.181
10.8104
-74.8377
158.916
-175.226
61.1863
125.858
189.05
-179.311
-34.9999
39.1571
-63.7187
89.7327
-175.099
55.4498
-57.7644
164.797
109.865
-154.976
-180.264
117.036
145.6
-10.5109
-40.6275
-51.3653
150.756
-4.14807
-9.53966
-81.9085
136.859
143.957
-189.949
169.799
-66.1331
-167.856
-116.899
119.196
16.5651
-190.248
114.376
172.14
26.8308
-191.556
-94.7067
191.074
-167.502
2.24196
-13.243
-12.0902
110.782
-54.8235
139.718
-151.427
-2.39626
75.337
13.1613
58.3634
144.311
118.143
-168.419
175.98
137.304
-67.5763
-150.992
-126.403
-83.4425
65.1165
21.176
-61.74
131.522
-15.0765
0.481067
90.7311
-162.955
113.024
117.625
169.436
-47.4895
43.0147
173.593
39.8923
179.075
-141.515
-167.548
-102.985
-166.985
149.122
58.4451
-186.218
-85.5301
-184.975
-41.5896
40.9633
-114.775
44.4397
-64.109
-123.562
-157.772
141.924
-153.352
11.5456
-119.232
115.674
121.42
12.4805
-175.916
-183.622
101.451
27.3482
-182.542
90.3953
-176.098
105.907
-60.9412
-1.67012
82.3351
-181.435
159.841
-147.052
-200.95
70.3266
-163.926
144.611
-93.0457
-130.76
-172.331
22.3288
-84.1868
-87.4726
-195.331
159.923
-87.1639
-194.878
145.555
-130.36
168.555
19.2608
152.462
-23.064
41.3627
124.342
144.329
-181.335
-106.034
21.2123
69.7366
-177.024
-130.814
-188.252
-107.441
-140.88
127.919
12.1084
32.0772
41.7984
-45.7559
-4.86513
-125.105
24.598
-3.05886
-105.054
52.4636
186.672
123.072
-71.7607
-66.7231
-189.659
35.7896
-42.3975
138.965
0.998442
-173.239
-52.9809
-162.265
123.126
138.103
21.1034
-6.48079
-25.433
-158.634
-167.965
126.321
-52.0823
-140.009
-19.9961
110.437
148.986
26.4224
22.0293
-90.7946
36.543
101.07
162.201
-157.845
100.779
-87.3727
72.1692
-151.191
-100.697
84.8403
-55.6858
78.8043
166.268
-108.767
-50.5211
-176.452
157.255
1.35243
-7.66985
34.1467
59.5616
-60.3966
110.373
-179.692
-60.2877
130.133
79.8118
4.81975
-201.222
71.7244
112.506
-148.759
122.636
0.553681
121.783
101.632
-5.99065
138.765
-34.065
187.053
160.822
-27.8928
183.777
152.535
129.08
19.2518
182.751
-171.741
180.328
-18.6527
98.4282
-82.5983
-38.6488
-153.415
-181.78
143.576
118.225
-69.8183
-95.4964
-101.723
154.414
-167.92
153.696
-35.9802
77.5154
-203.219
145.364
-92.1198
-132.647
-187.362
-178.095
-165.07
-37.7229
171.75
-191.556
-154.958
89.5874
-185.356
-194.696
-12.7347
158.035
59.6251
180.491
168.7
185.102
125.804
-144.774
190.675
154.595
26.5767
80.6378
-44.2945
-173.211
23.2274
-169.209
-22.3469
-95.8958
-11.1281
-168.891
186.845
187.689
-33.121
-194.306
106.606
-117.535
114.794
5.59127
-120.821
-90.4406
83.1793
23.7266
-101.741
60.3149
163.781
98.9546
64.0818
-111.744
-185.22
-54.4423
10.2113
106.37
-102.249
-171.369
55.822
-38.7214
38.9574
139.174
140.09
166.967
-152.162
143.649
-168.936
168.564
82.4894
-191.456
54.76
172.131
83.3426
13.1068
90.0413
-135.734
-102.721
-159.052
-182.306
153.597
-194.533
-20.7585
-152.516
86.2472
164.589
113.632
-2.64133
-132.085
-31.696
184.249
-20.7857
-120.521
62.9835
-88.8068
49.2776
-152.117
-184.421
19.987
-21.3394
-74.9103
-147.815
57.5556
186.727
-178.73
141.579
11.2098
-49.9675
-164.38
-172.449
-115.638
3.43101
-200.932
94.1258
-151.754
177.296
138.502
62.3572
190.793
162.247
-195.758
28.4556
94.1349
3.14963
75.8906
115.483
52.4182
-81.9811
-140.072
144.211
-103.103
150.039
-97.6476
-191.9
112.025
174.41
59.7068
-182.252
142.695
118.252
194.696
-180.028
30.4979
156.955
-115.229
178.957
148.459
-158.108
98.7549
116.8
-179.483
-122.128
17.155
147.996
-50.1853
87.5724
92.1834
3.41285
-141.425
105.399
86.0021
-145.745
-150.284
129.897
-125.559
38.794
-19.2881
143.249
164.235
-32.1861
-22.3379
159.56
121.873
-87.173
115.638
158.081
-68.4659
-144.166
116.164
-31.4418
11.1009
10.4927
132.076
-13.8874
-38.0134
128.608
-159.551
-26.7219
38.3311
93.799
-8.55937
102.386
133.346
114.421
-31.5144
102.032
17.0098
70.6443
18.7707
-13.842
15.7118
104.01
149.721
107.214
184.639
43.7317
12.0539
-73.8393
-142.605
-190.793
-191.02
-153.451
-180.264
52.1459
-145.654
-39.4021
-72.0149
174.9
-151.545
44.0313
-177.677
-11.9087
107.096
-137.077
178.839
155.013
-173.148
-181.235
-102.195
162.619
84.3138
76.8255
-116.191
157.581
172.531
-49.3049
-137.676
-126.72
70.1087
118.125
-163.499
-192.336
-79.7573
158.643
176.697
82.1536
-104.528
-173.565
-160.123
-89.778
-153.706
7.28862
-151.3
-108.594
-71.6427
-202.066
17.3547
-83.8146
-147.597
92.1108
60.8142
152.054
-20.8947
32.4493
-50.7934
149.585
-96.0864
-196.82
178.893
85.875
160.005
-99.9803
-180.346
112.615
-102.776
172.985
144.238
110.573
-22.6374
145.11
-192.89
110.419
99.2088
-157.055
-27.8565
-132.657
-179.62
-124.533
-188.243
-158.353
-4.52929
-98.6097
-159.796
-86.9733
72.5867
126.584
81.7905
-131.123
151.999
-190.766
98.9546
107.115
-2.6141
-80.5652
-150.147
-101.914
-148.831
15.6937
142.804
-37.8319
-166.885
145.854
152.988
17.2912
-163.454
21.7025
-163.436
98.9183
184.113
-102.195
-158.652
-186.645
158.743
-123.353
-112.942
-121.592
107.06
9.23105
-180.745
-130.324
167.221
135.162
170.298
150.383
-101.097
-85.394
103.257
181.798
48.2156
-176.325
183.813
-164.77
-9.3672
26.9125
-113.677
-13.6242
11.2552
130.705
-15.5848
-180.21
153.588
-184.267
83.0068
120.158
-79.1855
-179.883
-200.26
-193.28
-95.9321
0.036307
156.537
-146.045
41.4626
-175.054
24.9792
-164.579
-144.193
-42.4065
178.576
135.815
132.865
65.5795
138.584
-101.342
-123.553
-45.3474
167.484
-156.973
-4.62914
-155.185
-181.653
-189.168
157.009
-38.7758
55.4044
-68.1482
59.6614
188.324
7.71523
-180.736
48.9055
-33.4569
170.661
37.2691
-166.776
-104.41
89.2334
-14.2051
-148.741
99.9712
-69.5006
-153.479
-137.876
61.9578
127.9
-122.836
50.3033
184.712
-175.526
185.229
-43.0328
166.014
168.655
-142.278
162.628
-90.0231
-161.266
-82.0537
184.403
-96.9214
-182.796
-142.659
-71.679
-1.0166
53.6254
52.1459
161.43
-118.96
-59.961
138.112
-172.848
-96.5039
147.715
138.239
130.932
96.9033
-91.5843
2.05134
-166.713
26.5676
164.716
-153.724
-139.047
6.29018
-117.644
-180.663
161.321
-165.977
78.7044
39.7289
-0.953058
35.1905
-91.5299
138.457
-157.527
-76.1085
103.974
139.319
-83.3063
8.75906
53.6708
118.27
-133.519
-63.637
33.3933
66.9682
116.291
-86.8009
164.997
-92.7915
76.6349
77.1432
-71.198
180.963
131.322
-54.3969
113.178
-191.22
161.793
-109.402
91.7205
-150.647
-37.0331
-54.2335
-39.983
93.5086
-8.49583
-167.838
-191.9
-164.126
21.1397
-22.9732
31.3601
-157.953
-151.573
-189.196
147.261
85.0491
141.724
143.948
-91.1214
162.574
180.6
132.747
177.514
-39.1117
125.604
-57.247
-173.756
-14.6136
-4.52022
-162.555
-177.632
-154.241
-60.206
-58.2182
20.3682
113.813
-44.2673
187.162
-91.3665
70.7532
-142.214
13.1885
-148.795
-73.8302
44.83
-199.77
178.186
48.3064
102.032
86.819
-108.64
147.225
-56.2939
24.4346
-136.405
179.093
186.908
-73.1132
-133.074
-100.643
161.775
-152.734
177.741
174.246
-110.963
26.0049
111.462
147.924
96.5039
-36.543
69.074
-110.863
84.7223
61.4405
100.579
-180.972
-51.9371
89.4241
87.8538
72.8772
118.206
66.0061
-35.7079
44.24
181.989
-68.1936
185.42
-140
128.145
122.264
-99.9985
-79.1492
86.3017
67.1407
-54.6148
37.2237
176.579
79.3852
8.47768
13.8148
-58.2999
33.0938
171.795
-188.814
-64.4358
-70.2721
148.859
114.548
-96.985
101.396
164.825
-187.553
172.867
-153.86
-54.0157
-14.0145
-20.0051
-178.766
-48.2066
-129.126
20.7767
-159.288
-109.048
-66.3691
-138.23
-21.9022
97.457
-19.0975
-34.0559
-152.072
-143.576
14.2142
149.485
182.442
-157.327
204.109
165.26
0.544604
-142.124
105.635
-2.33272
-122.128
-14.9494
179.928
-158.008
75.2008
66.6414
130.151
-136.206
-162.319
37.4325
-61.9488
-115.964
-122.409
67.6943
-21.4937
176.207
-177.859
-42.5336
-152.671
-192.808
-116.028
42.3067
52.6542
-190.457
177.087
151.491
-53.4892
-26.5585
-143.231
12.5168
-77.2068
146.989
-186.908
-165.442
-147.833
-11.2098
57.6192
175.272
-51.2654
36.3342
-123.789
136.124
0.435684
120.385
-98.8185
127.265
-31.4237
114.848
-171.514
-137.258
11.7635
55.0414
-56.1669
73.3764
-68.7745
-189.268
-46.3549
-195.341
-17.981
124.687
-8.53214
-31.342
118.125
-1.2889
25.6146
-166.368
170.579
6.73494
180.064
46.364
201.613
48.5061
116.391
21.2577
-188.778
7.79692
106.96
-65.5341
166.259
-198.49
-112.007
-181.517
-156.238
-37.9408
-2.64133
109.956
186.345
74.8922
177.296
119.277
125.522
-120.494
-144.193
41.7893
175.299
100.461
72.2236
26.0412
36.1617
182.751
-180.881
180.028
-129.307
159.369
152.87
39.2388
77.5698
132.548
-124.76
-188.361
-126.139
-183.74
-205.615
21.5482
33.4932
155.775
-152.762
143.095
-163.599
138.311
-185.329
151.282
90.4316
-133.247
155.212
-16.801
186.89
19.0521
124.76
188.569
-169.708
-163.036
-150.329
171.224
23.4997
178.449
-171.115
181.281
-20.931
-134.88
-37.3599
-16.2928
135.552
-83.9145
32.0046
-159.36
-114.83
-160.332
143.213
15.3125
29.4722
-30.0985
-104.746
-120.367
-175.127
-137.585
-131.395
-189.132
-82.6256
-129.244
-32.4493
-82.671
77.6152
-25.9504
-133.21
183.958
-73.1585
-71.9695
-137.985
-29.5176
-128.636
-34.7367
121.174
57.6101
-124.941
159.324
163.127
-59.9519
-100.87
-179.148
-155.766
-136.042
-191.011
-80.4109
11.0736
-185.619
-46.2278
-23.5088
-62.1303
120.784
96.1681
-44.1856
-112.388
29.8716
159.351
-92.1471
-191.12
90.6313
-161.23
132.421
135.116
-30.5432
-66.351
-179.71
22.4286
123.571
-188.696
-205.624
-58.9081
129.688
6.92555
-87.2366
134.517
121.892
-61.8671
-1.26167
112.86
80.8828
121.193
57.9278
125.595
79.1855
-80.6922
-9.6395
-178.485
63.9729
-139.065
71.6518
-165.469
-56.9384
-173.475
77.6606
151.055
52.0733
36.5974
8.73183
121.474
-23.0731
-136.641
34.1104
-68.5112
-149.93
20.5134
-131.259
-98.9183
44.7846
-113.795
-21.6843
121.111
182.297
-184.022
-188.669
154.341
-143.049
-123.743
-104.274
-154.595
-116.246
189.931
-120.485
6.09957
19.397
5.0739
-60.3059
125.549
-140.263
147.334
-170.307
154.477
-115.574
182.869
159.896
-111.435
-134.499
-44.0676
-75.5457
48.3609
137.812
-18.9704
24.6434
-8.74998
-11.3096
-125.014
-117.517
-169.472
4.40222
-80.2202
149.957
78.1144
194.878
-148.232
175.009
156.138
101.197
72.6775
-72.5958
158.062
-81.5636
-156.483
-97.3571
-181.48
188.887
140.281
-30.4162
155.784
165.315
93.1001
-173.91
128.971
123.698
-12.0811
-133.401
-5.33712
-178.077
54.8144
17.4092
-154.041
134.436
139.773
-147.606
138.538
-73.5942
-148.55
30.4797
99.4811
193.807
-133.464
-68.9469
145.028
-170.407
72.7229
-132.684
-146.653
-37.6503
145.573
-126.984
93.4541
152.426
-123.108
-52.0279
120.539
9.43981
69.9817
75.2099
-75.1282
-91.7749
-165.769
113.977
-0.254149
93.8626
131.694
-152.544
-193.017
-209.455
120.948
-138.865
30.1892
154.513
148.45
145.645
-149.104
168.936
74.1207
-14.2868
9.46704
-6.05419
119.84
61.1228
-185.919
147.615
-53.2532
-134.517
37.3326
131.613
-111.172
-42.3067
148.45
-175.844
128.962
91.8294
-177.931
-21.9022
-74.983
-0.172458
-163.454
56.6842
159.551
-171.269
-130.696
-62.2664
147.452
113.024
-84.1777
-203.128
51.5559
-137.104
117.317
-137.086
-134.39
-59.2893
119.359
-15.3669
174.791
128.481
2.66856
-148.713
47.5167
-172.05
-15.7209
113.196
54.5694
5.47327
167.529
-2.90456
161.366
137.168
-64.9259
-125.468
80.3655
167.938
7.24324
-184.648
-140.29
-180.545
168.7
150.919
160.622
54.17
99.0454
-108.086
-120.058
37.6231
178.077
58.1638
-24.8067
77.7423
-164.688
-145.246
-18.2533
148.668
77.1251
77.9511
127.065
-179.601
-93.908
-82.1264
174.001
-65.4615
-51.3017
-116.763
-36.3977
-129.389
-32.7398
-64.6809
-65.2164
32.7489
82.8706
-188.115
178.739
87.6995
-33.6656
48.8419
116.954
-89.3151
151.491
-0.226919
-125.277
34.2738
-146.553
72.6321
-30.4343
-175.698
-165.151
-162.074
161.412
-28.7551
-191.61
-189.931
89.8688
-155.866
114.957
158.317
74.4384
145.782
159.188
175.517
14.7951
38.4309
1.79719
21.176
108.431
43.9768
45.7195
-126.221
-38.0679
-18.6345
111.381
79.5213
161.266
135.144
-158.489
26.2227
63.3012
-66.8774
182.842
157.754
-195.84
140.036
186.318
123.952
-77.9329
21.5119
-128.799
-191.002
-154.913
-87.3183
183.023
-130.832
-105.463
157.972
-158.044
60.5237
71.3341
161.375
-161.838
124.787
134.454
-3.903
-189.686
29.5539
147.742
-119.069
-37.9135
-48.6059
-156.719
37.0059
191.546
-194.878
-168.619
-112.951
177.441
-70.5626
-83.6876
-175.953
-160.84
27.6841
-193.444
6.98909
-174.863
80.8375
-114.467
-30.0349
97.6204
-187.934
120.811
180.001
147.824
59.7703
160.45
60.088
-182.606
20.459
75.2371
-170.806
-55.9309
-190.784
153.406
153.932
58.8082
-9.23105
189.822
169.372
128.999
127.701
162.338
164.888
33.357
-175.698
-61.3588
-61.2135
-39.5655
-190.248
-170.525
151.318
101.542
143.857
-187.126
-88.471
-178.322
-133.9
-26.3679
74.5564
-27.2938
-105.263
-186.772
80.3473
-152.834
11.0464
178.122
54.5603
-93.7809
140.481
-131.141
181.589
160.077
-78.3867
-135.071
-29.091
-127.673
194.188
132.52
-153.315
-71.0164
-127.111
-179.247
-57.6373
96.2588
-26.7492
42.2341
-10.6107
-172.649
-136.514
-160.649
181.843
-102.712
151.881
188.007
-31.8957
-18.6709
94.0532
-9.45796
-183.032
-67.3494
-137.467
160.822
-177.405
7.52462
-183.259
-17.5907
-94.861
36.2797
141.86
-200.451
167.756
180.201
-160.985
141.67
-95.2332
-106.407
1.24351
181.263
-73.7304
138.974
-109.465
-115.447
-108.821
103.384
194.043
23.7811
-133.873
-157.817
114.558
98.7822
175.399
-36.4522
150.973
-8.35968
137.885
-111.662
161.321
-31.4781
140.662
-64.6536
193.67
76.3808
177.323
-193.952
-156.655
132.992
-166.477
-103.656
24.5889
-184.684
-188.297
36.779
-173.901
-191.247
-14.1416
-182.479
-59.2257
34.8002
-154.196
37.5323
7.44293
45.3746
-61.1682
-88.7796
78.8043
-65.2073
-124.841
98.3011
-83.1157
12.4896
-139.573
184.231
39.5292
-5.30082
-131.395
125.468
-103.284
122.572
3.34024
110.936
138.239
-159.306
135.661
-22.7463
-58.1184
-42.6244
-184.684
-163.89
154.795
-71.1072
-155.067
-30.8337
56.3393
-168.637
-119.287
166.84
87.4907
173.484
163.98
24.607
152.026
139.001
-180.01
162.301
134.191
114.421
-63.9366
143.458
175.826
37.9408
-60.8868
143.14
130.569
-31.1968
-166.005
-146.217
31.8957
-182.624
-152.68
192.799
114.612
-175.526
175.871
-47.8798
-144.157
103.221
188.724
-192.445
99.7806
-6.96186
159.932
140.072
38.9846
-192.018
-132.638
157.699
-147.089
169.054
-89.3061
-107.723
109.429
19.6511
74.0571
-172.022
-174.047
151.917
71.9604
175.798
31.6234
79.5304
-71.2252
182.715
83.5514
187.489
-56.3847
-136.678
92.4103
119.259
158.707
-195.422
125.767
-139.092
99.5537
155.249
39.4566
73.1767
-152.571
166.413
-117.607
-180.927
27.1485
157.781
183.468
25.6781
-186.164
-89.2788
172.921
172.277
-153.306
-29.7626
7.54277
-118.297
17.2186
-1.00752
-22.8462
43.2507
-62.0486
53.6617
-29.9442
-13.0433
181.272
188.56
-175.59
88.6435
-56.1396
31.8775
162.964
-35.0635
-195.513
92.3831
16.0477
-27.3391
-15.7935
-147.261
-96.1681
167.475
-178.458
-90.3953
190.13
124.061
-144.992
-102.513
-151.772
-5.51866
171.786
-164.57
-45.4926
-159.188
-184.412
-18.0718
38.0315
-164.044
117.526
51.2836
-174.201
69.9908
-172.921
173.084
-139.918
-41.8529
169.308
131.277
182.424
-152.326
138.629
-192.872
165.287
99.944
-126.766
-83.5696
-92.8097
-27.1031
-104.355
35.4719
95.3966
39.4657
-75.6909
45.1114
154.704
-15.2035
124.297
165.287
178.322
-159.36
183.023
120.775
152.834
-116.936
-72.3235
-117.462
115.002
-173.211
-81.8268
-104.755
-74.8831
-191.365
-112.406
-21.0036
-71.5973
-77.2703
-166.54
-159.478
37.2328
180.564
-170.734
-151.046
-160.413
37.732
177.686
-76.762
-180.191
115.202
165.623
-130.841
-123.144
114.086
15.6483
90.1502
-138.974
115.138
35.5717
-18.1626
-47.7255
-153.206
-133.664
162.946
-93.9443
-87.0732
-39.983
-127.093
85.3668
-51.6739
-171.587
-189.286
-162.265
129.852
176.733
108.939
-53.5891
-59.4527
91.4845
-6.35372
181.135
-128.699
-28.4011
68.3206
44.8391
-93.917
148.178
78.4594
86.0021
135.416
-112.225
64.9078
168.991
-180.083
51.0294
161.285
-0.190612
-37.7865
117.426
-92.8551
101.269
-150.837
-199.298
-164.334
-79.004
91.1668
181.952
-173.502
-124.969
-181.825
195.359
-161.375
-0.844137
42.4519
-73.2584
131.25
-40.0194
-47.0357
-135.407
3.53085
148.023
-46.3458
108.349
-106.525
-138.484
174.99
37.8409
48.1521
78.0418
-59.8702
180.482
-155.512
176.007
-188.842
156.755
-101.015
186.255
-46.3095
-133.7
-52.9083
109.692
-132.992
89.3242
-82.4894
-182.842
-32.531
-168.101
-91.2576
-10.1478
175.58
167.529
178.712
113.65
46.5092
-133.936
104.201
-39.6472
111.208
136.224
-74.4384
-119.114
-34.3282
176.234
-110.21
-69.5006
-140.671
-178.004
-132.947
-21.294
-13.6877
134.218
-12.535
-109.919
13.9873
-186.364
-87.1186
-138.139
65.4524
-164.779
191.32
-183.414
187.507
-40.9179
78.1961
160.014
68.8925
173.193
-165.941
-168.964
173.32
-150.093
-174.727
146.943
106.28
-42.5608
102.24
-54.9234
-13.6696
45.9828
-178.222
-90.3045
94.1349
19.6784
72.0875
122.082
-89.297
-36.189
-11.7725
70.1904
115.865
-41.9436
103.974
142.568
132.339
164.434
144.919
151.645
179.048
-18.6073
133.909
-149.113
-97.8927
62.2664
194.142
-13.1704
-4.16622
17.7541
136.16
142.033
-151.264
162.973
172.086
62.0032
147.152
-93.0457
9.51242
-23.182
123.997
81.727
190.003
32.8215
124.742
-27.1213
72.3144
120.058
-27.8747
39.5474
183.132
-151.237
3.81223
10.0298
45.6742
132.076
105.962
-56.9293
152.144
48.8783
143.349
102.694
-155.457
182.334
159.36
49.4138
-185.338
2.48703
175.417
54.0338
-8.33245
-127.664
-37.1602
168.455
201.976
-197.319
12.9979
-76.7711
-139.864
32.7035
114.839
129.716
142.441
144.102
164.316
193.77
88.6344
85.1943
184.621
58.2364
143.857
60.3513
-180.046
133.882
4.23884
78.8315
-3.32209
84.5317
-174.609
163.817
171.078
-44.7846
-91.8294
-1.77904
-109.075
-22.4649
190.239
-4.50206
-150.964
178.294
-144.647
49.8041
-105.263
152.117
153.388
1.21628
-162.646
-43.9042
194.442
77.4609
2.39626
121.665
132.629
175.898
97.5205
-5.36435
-64.109
76.3899
157.59
167.666
151.818
-75.4096
-165.605
-152.562
-71.552
119.886
7.37031
-175.717
-144.71
-160.295
147.76
-68.1119
181.961
159.624
-178.585
-11.9268
143.921
60.1606
-138.656
-190.621
169.236
-39.8741
121.102
116.282
40.2463
191.102
-74.0117
163.826
-18.6164
174.528
-185.792
148.886
154.577
-167.066
57.719
-187.208
20.3319
159.796
37.3962
158.425
-123.444
-80.8828
140.39
-131.558
-64.4267
114.567
11.7453
114.984
70.4446
-155.966
161.602
18.3622
164.18
146.462
-133.737
-83.388
2.66856
-95.7233
121.901
41.0995
60.0517
76.8982
-186.291
-106.452
-50.8025
110.273
-193.398
-22.8734
-171.46
2.81379
58.5722
-181.526
-95.4056
-10.6561
66.8865
6.48987
-143.485
14.0871
192.618
110.092
33.6475
124.969
-184.076
169.2
-176.225
-154.314
64.0546
-187.979
-140.227
21.9657
130.859
-162.265
-19.8054
-67.767
12.0721
-140.898
178.893
35.7624
88.4801
-66.3691
24.3075
139.41
74.7651
185.111
27.4481
-109.783
152.29
169.045
49.6225
-117.054
-188.932
182.842
22.0928
17.2004
33.5658
11.0192
154.876
-33.9016
-190.902
155.103
-14.2233
-28.4102
190.003
90.6766
-154.041
165.75
-178.258
-102.15
181.68
59.5434
192.245
-188.215
-132.865
115.002
119.223
-139.047
193.189
166.713
-86.5467
-181.88
131.395
-143.204
-165.079
-1.38874
37.3417
-97.1211
-32.3041
-10.5018
-63.4737
132.357
-26.8672
-113.441
-52.9174
91.902
158.888
124.56
-141.588
-30.7974
-174.219
139.773
-26.1864
73.9845
-174.782
158.389
10.4292
82.1082
19.3335
-26.3135
76.7892
-64.0183
122.055
-193.38
-11.7725
-154.804
-178.322
19.8508
-89.415
135.597
-125.785
-143.422
-25.1335
-161.403
178.83
173.093
142.741
-91.3211
171.115
20.1957
163.49
172.894
-76.1629
-164.017
-23.8355
-184.276
101.641
108.748
86.9915
-14.9675
143.848
-105.889
155.503
25.7961
-154.159
18.1353
95.9775
59.4436
-187.997
-186.808
139.283
-6.9074
-58.8627
-165.07
73.4671
-90.2682
-6.86202
-41.0904
166.113
38.3765
101.433
116.663
83.86
38.8303
-104.546
149.095
22.3197
-171.868
132.33
-7.49739
-202.702
-97.0757
-38.322
-115.665
137.985
53.8705
-172.204
-151.618
-177.632
-168.637
23.4361
-165.705
-202.901
15.8934
-63.0289
81.8631
-34.773
155.739
-61.6492
151.182
25.2243
-190.711
82.9342
-192.318
-32.7761
-138.665
-82.8343
-5.40066
166.259
-36.5793
-172.177
-150.456
-0.934904
151.246
120.739
13.125
-189.432
85.8297
-145.446
196.521
175.68
172.558
171.478
28.6371
-136.678
191.347
40.1283
157.182
70.3538
-39.9921
-112.17
-25.6599
-16.0023
110.455
-105.49
3.62162
116.672
-125.922
-159.714
68.4659
-159.097
66.8774
-83.4334
41.1449
-71.6881
126.884
129.289
9.18566
97.9471
-141.779
-52.8357
-111.245
165.469
91.6388
-101.714
144.838
84.0415
-63.51
154.359
-54.3606
-65.0802
35.2994
-179.402
124.569
-150.992
-44.9571
169.699
-57.0655
-160.214
187.498
148.831
-150.565
124.27
117.063
87.763
0.36307
109.184
-195.858
35.6534
-74.4747
148.795
-36.0347
143.748
139.655
-8.65013
121.165
-117.48
61.3678
127.71
14.5409
-108.231
133.256
-156.22
-48.5424
-194.496
103.075
69.1103
-44.5123
-192.708
118.179
-7.33401
-44.122
178.748
-157.545
116.636
-12.8345
-106.18
134.49
87.1095
-68.9015
-162.12
160.077
-91.9202
49.677
-197.61
10.0116
-51.8554
83.0068
183.377
48.6423
-148.913
-54.7781
9.49427
124.097
64.7716
155.938
-180.781
-59.4436
-87.1912
-186.409
-102.522
-98.4826
-189.767
126.212
111.281
72.9861
42.3521
-157.4
10.5199
-105.372
147.406
71.9786
143.195
102.349
31.2058
-83.0703
-130.578
-185.792
173.048
119.314
139.283
-62.9835
-157.618
-62.6295
9.93903
-153.161
-106.824
4.021
-79.2218
-146.834
49.8858
-154.722
38.4218
65.5976
27.0759
-68.9923
157.472
-82.8888
-27.3755
145.409
56.9293
123.344
-98.9456
148.913
-46.1825
14.9675
188.669
-26.0412
-51.1021
159.823
50.5756
-17.146
-15.5303
20.704
122.727
183.105
177.968
-144.919
-88.4438
-8.00569
109.865
16.7557
-56.8749
21.8296
-189.922
112.642
-206.214
192
82.317
-141.869
-155.249
143.086
-20.577
136.432
-174.255
130.569
-16.3291
43.2144
42.6516
-192.536
-165.106
96.5493
118.261
-114.521
138.783
-53.0899
-142.242
-87.881
-87.3727
-151.518
128.345
-102.93
117.907
172.64
-187.553
14.0417
153.942
-162.546
-185.746
-67.1225
174.019
-180.518
-131.722
49.2867
-36.6065
-58.7628
45.8648
-65.2164
-137.113
-83.3154
-188.923
-94.6795
-153.751
75.337
-187.698
4.4476
124.687
-165.333
-155.657
109.738
88.3893
-141.143
-132.865
-6.80756
-146.29
48.8692
158.562
-149.213
151.718
57.3559
98.5099
98.2285
178.294
-24.3438
17.3638
-71.1344
-185.701
83.6512
6.88017
-60.9503
6.26295
-184.657
-155.666
-47.6801
-40.2735
177.75
-0.86229
71.6972
68.2299
-165.896
-124.478
-57.7008
110.582
177.006
-173.293
93.4723
139.392
97.1756
-186.718
-117.271
139.873
0.789676
44.1583
-200.215
-62.4661
-161.657
-180.264
175.88
-189.904
-178.222
-87.0913
-13.1068
-167.43
67.5037
-159.515
180.881
-119.196
142.096
-7.15247
9.14936
72.7955
-36.7336
-117.417
36.788
182.37
195.876
-56.1033
-183.441
181.408
150.302
184.367
103.557
132.584
-158.108
-117.063
190.421
-85.1671
177.786
80.4109
167.42
-120.103
-56.067
-34.7185
-55.6949
-181.508
-177.959
-6.62602
99.6717
125.395
178.875
164.952
112.788
-189.168
-97.6476
-145.963
57.4467
-145.373
-137.168
-160.84
-159.978
-118.996
10.3112
-189.241
67.9757
115.865
-141.434
-134.572
-144.484
-173.048
0.816907
-186.999
153.161
102.313
29.6628
195.422
-157.799
83.506
-156.047
8.98597
-180.427
-44.0767
-63.755
182.57
21.4937
-169.735
-170.806
150.229
147.651
-153.824
162.428
-109.692
-65.6521
-36.1073
-124.624
111.889
-81.1007
174.845
139.618
-138.084
-94.5615
175.599
130.024
-74.3567
-142.251
132.221
163.218
171.124
167.257
151.346
-155.693
115.738
60.1516
-86.692
-11.3278
128.944
-132.893
-182.724
138.729
55.7857
-156.229
-165.687
-109.801
-176.652
154.786
43.9314
74.9194
51.0204
-12.3625
-174.7
-162.828
-52.6905
179.066
-151.618
163.481
190.593
-188.442
1.13459
75.3733
71.9513
153.451
-14.196
70.5081
82.1808
-7.87861
-188.134
-164.906
-192.781
-3.57624
106.742
-41.0995
-92.1289
-158.852
93.8263
156.846
-166.277
-117.489
-138.357
174.882
-106.497
83.4425
72.7864
-127.655
81.491
-113.16
-91.1759
-145.645
0.75337
93.0094
-18.2806
7.62446
181.771
133.292
-173.62
-24.5072
184.866
168.119
-108.703
160.894
-135.725
97.466
-1.00752
-128.436
-62.1938
-73.8938
91.0216
117.598
-201.767
124.506
65.2981
132.493
-126.775
63.8095
-105.163
-155.122
-137.567
-164.734
191.192
-43.2507
43.4231
199.244
-102.939
143.649
-15.3215
142.986
-112.642
-29.4722
-136.56
-126.838
77.6424
135.643
51.5831
-113.368
-150.447
67.2859
-146.499
-10.293
-59.2257
-134.054
127.61
-35.7987
54.7237
-3.29486
-96.2861
-179.474
40.219
-166.849
49.677
9.46704
102.721
-150.111
93.318
-151.99
156.619
-54.4514
178.367
-144.238
-25.8233
64.2543
172.349
101.306
-31.0334
-172.177
-192.917
17.4183
-150.601
-170.016
-194.378
-23.654
175.417
-169.236
-10.7196
178.422
38.4672
28.973
108.431
-177.55
-111.163
-71.7335
4.59283
-152.435
-151.046
183.178
-158.689
-131.368
-63.3557
82.7708
-189.241
-159.251
147.243
102.667
-159.27
-21.2033
53.8069
20.1322
44.7846
139.537
28.7279
-134.127
-160.286
-118.088
-17.1187
-49.9584
39.9467
-102.64
25.2969
116.418
-64.9532
126.693
46.3458
-6.9074
-170.225
-168.945
-170.08
-164.225
-156.111
80.3201
142.042
-121.828
-147.533
171.242
138.221
124.279
189.187
187.108
137.74
186.463
-23.5088
-139.437
-149.975
-144.338
42.8059
-160.967
-128.327
115.093
-86.3198
74.6925
-147.261
166.867
169.835
121.637
127.746
170.824
-164.307
-84.8948
-41.4444
147.361
-126.911
29.8443
-137.848
-20.5316
0.0907674
-196.103
166.549
-35.1724
181.907
-100.035
-45.0933
132.194
-7.58816
174.582
-87.527
-34.5279
176.089
-146.145
83.6059
105.826
166.531
52.0914
140.217
75.8634
-190.72
128.944
124.034
147.016
-70.9438
-23.9354
175.59
-22.0928
-54.052
-35.4901
-98.8457
23.8174
23.4271
-172.758
75.2825
176.089
131.631
-149.449
-171.124
39.4384
-181.353
-88.9974
-131.232
73.1495
-75.8452
6.32649
-208.311
63.3647
20.4681
106.034
86.5195
-70.0724
111.916
-193.634
104.546
19.1247
86.81
73.803
161.239
53.4348
-200.605
58.2636
-61.032
-151.2
-17.7904
62.1757
194.623
116.5
-62.3028
-174.637
92.0835
168.001
148.178
181.299
159.524
-4.87421
43.65
-41.0178
109.583
138.393
-45.8829
49.6316
166.93
158.117
-122.191
160.486
-87.5179
-126.521
-69.2102
128.599
-19.0521
-123.271
-81.8087
19.5331
-127.873
-197.728
-130.26
119.995
-178.685
-5.89081
35.953
-193.68
-114.412
-68.4296
-137.767
24.9883
99.3359
126.212
58.663
178.285
-165.75
4.24791
-72.8136
-181.58
-162.129
-167.248
145.809
107.087
-73.0133
-118.234
-85.04
7.13432
99.7988
-132.421
181.889
-166.849
-157.382
149.43
146.408
-187.889
-197.301
-65.2073
-35.7079
201.894
-73.921
-59.8883
172.594
-34.1013
24.7704
-71.8061
122.309
185.256
-17.4183
165.133
-46.4275
-100.407
-180.201
-126.956
125.114
-153.805
-106.688
73.4036
-179.483
-80.4925
140.072
-116.373
160.431
150.029
141.951
174.646
-153.814
58.8082
-169.826
-152.752
155.122
-194.977
169.072
-195.549
85.875
171.169
-59.7613
138.493
-147.942
-172.966
-180.709
-115.42
90.6313
98.0288
45.6651
-65.2436
-6.92555
-57.3469
-169.399
15.6665
-50.385
-185.129
-161.185
-47.553
-26.2046
29.6356
29.8171
163.191
-64.9441
-21.6208
76.1448
56.4846
-105.018
-152.471
-178.385
-70.3992
146.008
-43.6228
34.8728
-178.503
114.548
-6.52618
-126.702
7.35216
60.2333
-48.6967
-68.9288
24.8884
-156.138
10.0843
107.323
-57.1199
161.294
109.502
-147.833
18.9432
-152.644
6.64417
149.839
-127.773
-68.1754
78.8224
112.461
-167.629
187.571
-118.225
116.309
19.5695
-166.658
182.56
-165.206
159.424
-120.521
132.393
-147.815
64.1363
150.556
-191.964
11.7907
-150.039
-163.236
57.9005
-117.371
48.1067
36.6882
-132.194
161.439
5.79096
26.3044
-149.975
-124.569
186.463
76.6531
-36.7699
-155.394
-24.9157
193.217
-34.1104
-134.608
181.617
-69.7184
153.869
-159.288
135.852
147.016
141.915
-76.3354
178.104
-60.9049
95.0516
-101.16
63.3466
-80.7467
178.013
-101.977
146.916
-96.7762
155.085
-116.918
-71.8969
124.016
-183.668
-168.846
-159.524
176.797
-195.168
160.304
109.248
-88.0262
-190.494
-120.203
116.055
175.036
-172.885
-56.303
141.225
23.654
-181.871
173.693
107.505
-171.196
172.83
-123.353
-153.86
-13.9328
119.922
119.486
118.406
64.8533
-181.072
124.115
-154.813
11.2461
158.008
93.8263
122.536
103.829
140.254
-158.317
95.4782
-204.653
-136.732
119.386
165.877
-94.3346
-162.655
-133.047
143.276
127.846
167.021
-53.3622
151.2
71.198
164.743
59.4799
39.3204
-42.3158
84.9946
78.541
174.246
-190.076
-98.9365
189.177
88.5527
124.814
-175.717
-3.30393
17.0098
-0.671679
-165.896
76.7711
-9.96626
-46.4275
-163.971
162.764
-115.166
-42.579
68.9832
61.5948
-144.665
-163.663
-159.242
46.0826
-118.878
-102.395
90.486
187.435
142.441
-144.111
143.639
44.6666
165.079
-210.453
-17.9447
-150.81
-175.971
41.3718
-158.035
-25.5601
-122.345
170.452
-10.2749
-145.682
-117.344
-52.8357
-174.882
-116.482
169.572
-178.54
178.358
-26.7764
121.038
126.012
182.152
-166.631
50.6391
-69.782
180.582
85.6118
-151.128
-161.33
181.98
-181.435
146.898
-129.044
197.61
-124.86
-151.99
-171.078
-176.561
-193.906
110.255
-133.428
185.311
-197.31
100.234
-170.053
32.3767
-176.007
127.746
110.718
5.01036
-86.583
-78.1144
-67.5854
162.383
-166.585
-5.69112
-95.6598
-141.261
111.399
-159.106
-149.902
35.3902
156.665
153.361
-197.619
64.3359
-31.9047
31.9774
185.138
-197.31
-33.9198
94.0169
148.677
180.164
-138.883
88.8522
79.4578
-180.319
4.31145
-112.851
-169.971
125.032
-14.8586
-15.9751
-59.97
60.678
133.183
110.745
-12.5985
-180.228
162.982
161.575
169.254
-180.083
145.201
-156.183
26.6402
-166.495
126.602
179.856
9.04951
26.2499
79.0312
-158.761
185.066
-196.384
32.522
-94.4253
197.492
-185.665
11.5184
116.872
-110.573
79.3579
9.2492
-55.6132
-6.14495
128.418
-146.145
-18.9795
-154.913
-96.1772
69.0195
-76.3989
-11.3096
-98.7005
-76.8528
135.035
124.95
178.285
-177.95
-93.563
184.793
190.258
21.7206
-173.084
-132.529
24.4255
-56.5844
55.6677
-158.271
138.275
86.0747
-167.448
-4.6836
6.39003
-187.997
85.7117
136.986
-108.313
45.3383
-37.2237
56.1669
78.5592
197.946
-120.349
125.259
-193.843
-72.1782
-4.47483
-180.527
122.763
-19.7601
-173.792
-80.4472
-82.7799
116.954
39.6381
166.05
181.253
-150.538
-169.935
101.242
26.2681
178.358
181.78
-111.562
99.0726
-174.473
3.72146
27.1122
65.3707
-175.099
-1.86073
-26.3952
-118.143
131.313
86.456
156.084
168.237
126.23
-188.261
-170.116
-86.5377
176.334
174.664
-155.884
157.182
-128.218
-139.028
2.97717
63.0743
-14.1779
152.934
-120.766
134.163
190.294
-46.6454
106.933
135.489
-37.4234
41.8892
159.633
-153.778
109.529
-52.7903
8.64106
-146.989
-16.7829
148.377
185.111
-155.367
-23.5632
117.78
22.4831
-161.221
155.358
-202.112
158.516
161.611
-66.5961
-127.882
60.1969
-197.256
-177.977
154.922
-159.723
-53.3985
126.257
143.757
-48.8964
76.6894
88.0898
164.126
10.9738
-111.29
-63.1923
5.55497
71.9967
163.082
-102.404
107.559
-106.034
76.6894
184.303
85.8206
-182.751
74.6017
169.917
-3.24947
-168.274
3.52178
-101.269
15.966
161.911
167.538
-94.3346
43.4322
187.634
6.9074
130.741
-60.6054
160.649
-172.776
8.65013
125.459
-41.4444
-179.783
118.76
-99.4266
84.7132
-71.6064
-127.565
-13.0887
102.885
-66.941
191.91
-98.3374
-104.691
157.845
-15.2762
-176.86
124.923
-112.942
132.756
73.8121
142.904
39.0481
-169.363
36.6973
-159.968
-122.273
7.49739
152.925
-36.7608
7.27047
-62.5387
54.9234
109.611
164.806
197.846
77.1341
-28.029
-159.46
-167.992
-195.622
86.2381
193.543
-69.192
169.662
126.875
-62.2664
-36.2888
43.5139
-192.073
13.597
77.4064
-128
-144.157
-144.13
-112.352
102.749
156.02
-97.4025
67.4493
-154.886
175.762
-183.459
-66.3873
180.3
194.215
30.6068
-188.279
-37.8137
-59.4436
47.4532
168.737
72.2872
45.2657
152.988
107.314
137.576
177.35
46.6726
34.7276
105.118
-182.134
70.4264
135.425
-38.0043
-103.012
-118.742
-203.9
37.2509
-194.015
-57.6101
176.833
19.0521
150.02
-7.52462
-53.5074
-159.987
-156.583
146.608
125.332
193.952
44.122
93.2635
186.064
-158.734
98.5734
56.657
83.2882
-42.9784
-114.058
105.526
165.297
164.97
8.55937
169.581
-117.998
-167.43
123.062
191.056
28.9367
49.8495
-65.7065
-172.494
127.973
187.035
151.636
41.1721
-78.9676
132.756
-145.709
-195.731
-24.5617
168.219
191.102
172.676
89.896
-77.4881
150.039
160.322
177.378
33.1301
-178.213
-162.446
-160.749
72.4415
148.16
17.4637
-78.777
166.222
-2.05134
140.762
116.854
-173.475
16.1294
191.882
125.595
-130.042
12.7347
127.292
-134.381
-57.5102
-68.8743
-192.926
-58.7719
91.8022
-23.064
-95.6325
108.149
45.5743
163.118
169.054
-81.2005
143.222
-50.2398
-85.0763
-15.6301
154.432
-170.334
72.4142
179.447
16.0204
-166.186
32.4857
-0.644449
153.197
-122.182
146.626
-116.01
-191.356
-178.077
-79.7846
-177.623
-162.183
142.795
-78.4412
73.9028
122.01
175.172
-167.493
-70.2903
16.5378
147.733
179.629
-31.5961
-183.84
-192.772
-0.490144
-128.726
44.9117
-117.961
137.059
169.699
58.6357
-66.7776
-105.272
131.213
154.94
177.959
-183.386
-100.198
96.7036
194.887
-3.93023
-32.2769
121.991
-13.016
8.44137
-198.853
-124.733
92.8823
-43.1599
133.664
23.8537
68.3206
95.0879
-204.726
-18.8796
117.789
20.813
142.16
-9.11305
88.6435
106.597
-129.38
98.5553
150.347
-115.719
-20.6768
54.4514
-5.48235
-61.5675
-10.647
118.76
163.145
-123.607
-12.8708
7.72431
62.2755
155.966
23.4997
-194.024
77.824
-137.168
-5.12836
-50.3033
-26.6947
193.353
-165.505
42.1796
63.7187
-179.511
-195.84
-69.9908
-71.9423
-110.9
63.6824
-115.774
-135.634
161.775
167.302
-12.5713
-111.571
177.287
-180.8
-175.698
-87.9082
-99.0454
14.6952
-128.726
-143.167
20.105
-36.9877
149.63
-165.533
-194.033
-21.7206
110.482
134.572
-173.221
-82.4985
61.5403
81.1188
-77.7604
102.694
149.394
-159.161
17.4092
-198.363
-122.954
170.298
121.755
-23.4089
-35.0271
-157.391
-18.8796
126.984
-22.3106
-162.002
-170.706
36.3342
168.628
-36.1708
30.3072
80.8556
-187.834
194.397
-148.141
81.8087
106.87
154.768
126.13
94.9699
97.8745
-148.477
35.6171
88.4256
172.476
-136.324
191.247
-129.816
-30.5069
94.6432
-39.8015
-53.8342
153.116
-203.383
122.772
80.7467
61.0592
-132.239
-171.432
62.2937
-49.441
178.385
102.613
93.4087
47.8617
123.108
-131.74
98.1105
145.028
66.7685
45.9011
-49.1233
148.904
61.6492
55.1684
-133.492
-96.5311
-21.1034
-191.156
-94.2892
-92.0291
-27.7022
-195.304
-25.5056
-132.738
168.591
80.783
58.5087
-190.376
-105.544
-53.7797
-126.257
174.364
150.447
40.4913
8.42322
98.4282
-90.2228
-188.633
-18.6436
-174.428
173.393
169.136
108.059
-81.1551
-185.574
-53.2623
2.94994
168.855
-165.968
147.252
-201.767
-108.494
150.683
175.744
68.0937
102.585
-1.86073
144.075
-176.942
147.96
132.312
194.887
14.2686
57.6101
-87.0913
-41.3627
-147.597
-75.6819
172.848
154.686
108.449
-193.298
-3.22224
73.1222
-181.117
45.2657
-41.1721
-127.456
11.0282
102.186
-56.058
-149.957
178.685
-57.8551
145.564
-32.7035
96.9396
159.188
-159.478
-185.71
65.2436
-67.4946
-16.8737
67.1043
120.939
200.079
104.192
-60.1062
-105.862
130.986
-98.7096
61.2499
-124.46
-21.412
83.7057
29.7989
-111.081
-175.599
-104.6
-12.7165
102.277
-48.8692
-19.279
171.333
32.1135
-114.322
-171.115
-177.586
-78.7226
-140.499
174.709
20.1685
-163.59
129.108
-127.782
-41.7712
-79.5213
-71.1253
186.091
-177.759
144.529
-50.7118
184.358
163.118
136.324
20.3773
17.5544
78.423
172.785
-190.575
-171.224
-51.5196
103.747
-170.652
5.7365
-67.9576
34.3827
151.382
-134.381
147.47
-108.031
178.83
171.95
-136.278
139.146
-177.196
-177.051
103.956
3.83946
35.8441
-102.567
-103.811
-9.69396
157.255
142.904
91.3302
-134.145
-17.264
-177.804
67.7125
-18.0355
83.8782
161.938
156.864
139.056
-87.0459
117.671
-18.3622
127.056
25.669
-157.845
-145.99
-190.793
107.859
110.001
58.9262
26.5949
147.942
-194.687
81.5636
14.2233
181.971
170.534
131.64
-82.2262
-83.6603
-62.3572
141.797
36.779
-120.793
-124.905
-122.509
47.8072
-178.412
179.474
182.37
79.8481
-55.0777
190.947
-105.354
-129.616
-172.413
-110.818
-119.84
22.9097
-117.607
-164.353
-90.7856
-63.6552
160.695
-12.7165
-175.045
-81.1098
73.213
187.317
-182.379
-106.543
-1.89704
17.3003
40.7183
-124.152
43.3142
69.7366
45.9192
-196.375
-152.843
-180.545
18.0718
87.409
-96.2316
107.006
-126.938
50.857
92.9004
-32.4675
87.055
-92.9095
159.678
47.2717
-65.2073
129.262
-109.874
-57.4285
-122.191
-85.2124
-167.684
-136.06
-163.291
156.247
116.881
-115.647
94.8429
156.465
64.9259
174.155
7.0617
-172.649
155.829
-88.5618
65.5976
191.637
-34.6732
-9.87549
166.041
-118.833
-29.1273
-140.526
170.325
-192.418
59.9791
13.134
-154.096
-202.738
90.6585
134.336
86.81
116.055
-39.2206
-118.506
165.896
-64.7172
-189.087
-47.5894
164.343
-69.2465
-28.8459
-106.298
0.317686
148.595
147.788
-172.149
20.2956
176.76
-60.678
-108.957
28.0471
187.135
99.3994
18.0627
169.771
-177.006
-124.488
9.04951
-84.5862
-28.982
154.722
-193.398
161.548
168.473
-113.868
116.355
-124.161
-164.543
-68.3116
-81.0008
-152.153
152.326
-41.1721
172.467
190.621
155.33
-177.841
181.526
-73.7667
-180.4
67.7488
166.803
65.1438
83.2428
110.591
176.851
102.685
163.753
181.263
115.701
147.352
-161.285
164.026
73.685
172.712
-22.2471
59.2348
-118.497
61.3315
178.512
-14.1506
186.681
139.646
-4.35684
160.232
-109.402
59.38
74.8196
-16.4834
128.817
53.9703
-183.25
-62.3663
-62.9381
-181.789
-23.8718
-177.069
23.5905
-151.536
-109.012
-91.0942
-72.7319
-21.7206
-168.691
66.3147
-177.514
85.875
52.6179
124.134
140.245
-154.976
131.894
-102.613
12.8436
-55.8401
132.829
84.2049
-49.3049
46.6454
-171.042
-37.6503
122.454
110.201
-183.958
30.3526
27.3755
184.503
150.937
89.5874
-125.477
84.5135
-137.667
110.754
-120.712
65.4796
86.4378
-128.345
-143.667
-77.7514
-166.113
-184.92
-161.829
162.61
77.4337
38.4945
-87.5996
125.077
127.882
156.81
150.719
82.3987
-23.7992
-76.4897
-75.0828
-55.0323
-48.9599
16.3291
173.447
-115.511
49.6861
-194.397
162.519
77.0525
-169.29
70.136
-42.6153
-160.195
158.117
104.809
126.203
152.181
133.9
-181.753
-167.393
-77.1069
-184.094
-188.125
-134.29
-30.4071
-193.353
-182.397
-78.0146
-171.451
-172.34
-75.2734
-143.885
-184.603
33.5839
75.4822
-20.6405
-77.5154
-199.661
-138.62
144.384
152.063
-189.205
29.1908
-175.989
97.1665
-197.646
-0.0816907
1.8335
-111.662
28.2377
79.4306
-173.202
172.286
-21.7842
-108.022
-69.8364
26.5132
29.9896
-144.084
-165.887
123.888
83.9689
161.339
-170.797
-155.448
71.8606
146.598
-124.596
-122.291
-171.069
-140.68
158.798
-182.715
-119.967
93.1546
-51.1384
-41.1267
162.991
11.1009
42.3975
-168.982
-114.149
156.047
17.0824
-116.427
104.528
142.514
160.84
180.564
68.4659
-115.393
-93.9261
155.394
-176.57
-177.142
-155.657
-97.6839
-188.125
-140.771
-15.5666
64.9895
-140.599
-189.486
-146.844
32.876
77.1795
105.88
91.4391
152.979
77.6788
175.626
-167.892
-144.411
115.22
23.0549
116.518
-180.4
182.152
-143.612
109.692
-71.1344
-191.955
-59.017
-121.41
-86.0021
106.334
4.39314
-134.363
-81.8177
154.822
90.2682
125.867
-180.409
-133.056
45.2203
-125.032
98.3556
-83.6422
-79.122
-177.532
-190.902
-54.4241
-105.563
-106.897
-188.261
-113.133
-187.081
-138.593
14.6408
-127.537
-116.6
171.078
-115.148
186.827
161.566
-27.2938
-137.939
-64.8987
-1.84258
160.368
179.438
-139.873
-7.0254
-195.413
185.402
-189.205
-46.0735
-93.2454
117.235
41.9255
-134.381
191.528
-196.384
162.537
-178.367
-82.7254
-35.6353
62.2211
69.0922
52.6996
-123.371
67.9485
-178.667
148.042
-77.2068
-59.5616
175.744
-103.094
-6.87109
-6.5171
-7.56093
81.5182
84.7949
-92.7552
-164.579
-94.8338
-105.199
-170.951
137.204
-166.803
51.7374
-162.465
160.604
70.0543
46.6817
-113.677
72.6775
-90.1683
46.4911
181.916
181.889
-137.186
-162.328
-84.4318
191.392
-190.094
-158.97
101.242
37.2963
31.5417
164.389
54.7146
-97.0848
142.931
183.25
153.887
-130.424
137.649
-16.0386
157.382
-196.239
146.626
85.0491
-107.051
111.544
-149.385
141.806
63.6189
54.1337
164.589
-176.615
5.78188
79.5213
185.638
-31.2603
188.388
-135.67
33.7473
-5.32805
37.0966
-39.03
15.8208
7.07986
87.999
-193.344
-179.629
-63.7187
189.904
-2.94994
-55.6495
53.7615
-186.863
-49.3049
-108.93
-153.942
36.6882
-176.47
-46.2551
-102.113
-124.124
-108.703
-80.0841
-31.5235
68.1209
-176.452
-14.8223
133.374
71.8787
171.405
132.094
-187.181
119.65
-163.463
28.51
18.1081
98.8003
116.545
-107.16
-33.4387
-86.9098
-40.219
165.169
-198.554
-120.385
-172.585
-192.182
-101.333
156.229
-42.8422
35.1088
166.604
-158.643
-127.256
153.814
-151.799
-107.995
30.2709
183.196
-5.90896
-37.496
-137.295
-38.2494
46.1734
111.916
176.851
13.96
-185.093
147.67
-145.809
150.42
-118.942
0.635372
62.0395
-81.0371
-14.6045
53.6798
-19.9234
153.47
129.38
94.4163
187.244
83.6603
182.651
-164.788
-112.461
61.8489
-175.49
94.0623
188.143
177.777
-90.9943
78.5864
-76.3808
13.6151
180.918
-151.409
189.259
133.664
-184.122
-109.438
-45.5199
-11.9995
-183.541
-27.6841
77.1523
147.806
-136.768
-14.0326
124.478
166.703
-47.6529
115.865
-111.943
150.792
93.5721
-54.6511
-80.9827
120.521
-96.1953
75.1554
-131.613
103.502
-3.33116
-15.5757
-141.96
22.3379
-175.49
148.232
28.9548
-66.1513
151.473
119.305
-168.092
167.221
121.029
-180.745
-168.982
-127.946
-111.39
-141.588
-47.308
82.8797
-39.8015
-40.5458
-173.847
4.51114
-131.25
-199.144
152.97
159.778
-189.005
56.6479
112.461
62.6567
69.3917
-50.0855
-102.685
17.1369
-189.105
136.432
181.29
12.417
60.1425
52.3274
-148.078
48.5515
152.498
-17.5363
-60.3966
13.3247
-112.143
-14.8042
73.7304
132.421
-98.8003
77.9511
109.338
-107.414
-97.0576
173.538
-177.95
-153.27
-75.9723
133.555
72.9952
126.602
-201.74
-139.628
33.5295
112.615
-161.82
-92.0835
-95.7596
132.194
50.7844
85.4212
-193.498
-71.5701
47.9978
-165.487
-69.1829
-15.3851
115.384
186.718
156.41
-114.131
-76.5442
180.137
164.797
151.082
26.495
-10.4292
-129.906
-102.358
-113.015
-161.357
26.5585
181.789
-6.48987
-181.662
-192.554
113.196
-141.298
174.491
71.9967
-89.8325
73.3945
27.2393
51.81
118.442
-41.6895
155.92
-128.817
-74.3748
-192.872
-48.4607
-65.6793
131.785
1.39782
-138.611
154.314
-82.5893
91.8022
-43.0601
-175.816
-101.941
-2.3418
-63.4192
-115.61
-158.779
60.3876
156.011
177.042
-189.441
36.8425
-116.854
-97.1484
-129.806
-33.2753
166.776
96.5765
164.307
101.414
-0.263225
-136.841
8.10553
114.122
-64.8805
93.9352
-149.458
168.728
63.4464
20.341
-61.4314
82.7527
-193.044
-167.829
-194.024
25.9504
-119.804
-91.4936
146.072
154.314
-51.2382
54.4604
83.9235
54.4151
15.0765
-27.8565
70.735
132.502
-140.871
94.9699
-94.1984
135.961
-51.2564
-66.8139
73.3764
-156.665
-182.143
-19.5059
112.125
-60.6962
3.58531
-164.634
121.837
-45.8375
133.011
-94.1077
-113.568
162.338
-110.409
-138.811
178.276
146.98
-161.394
4.77437
182.642
185.202
88.9158
135.089
-166.331
83.2428
156.991
-36.5067
118.978
5.43697
-82.2534
-111.571
104.283
157.354
151.545
155.149
-123.562
23.5723
-55.1957
-29.0728
174.41
71.1253
-178.558
145.273
156.501
76.2991
194.551
154.677
177.55
173.457
81.3276
102.44
26.1682
162.619
-70.1904
-195.658
166.422
-156.456
168.836
165.206
4.69268
86.347
-153.406
-80.547
150.719
-91.2303
-9.47612
-157.645
-131.449
171.314
-136.886
75.5094
-177.523
-175.099
-80.1658
-171.251
-152.172
-185.529
-131.586
119.595
-183.913
-143.63
92.8006
-160.767
-126.021
-0.762446
166.44
123.344
92.3558
147.506
93.3724
-96.1499
-134.971
39.3295
14.904
34.3464
-146.172
23.418
157.79
150.465
84.1777
137.258
-132.52
-82.199
-177.704
172.794
98.3465
-61.6492
171.614
-135.888
10.1569
-34.4099
-151.137
73.4218
142.741
154.586
-9.16751
-14.8314
125.586
-136.995
71.1526
-137.258
147.17
-16.6831
-92.8914
-98.1105
1.35243
-88.117
34.1376
168.827
-156.029
167.911
-88.2985
130.533
95.0607
163.808
-96.3042
-148.931
172.531
-138.638
162.111
66.2239
-146.517
-96.0955
-36.1164
-119.604
44.9662
-50.0401
162.21
118.252
-135.062
51.9916
21.0762
-126.493
-119.976
151.936
140.335
44.1402
-36.4159
-134.336
154.486
-101.042
74.1479
94.7339
190.757
-88.2441
-34.891
-156.084
139.464
-109.447
-121.084
-48.1884
98.0197
108.721
84.4591
-133.156
-20.4317
77.9964
45.3565
172.34
-6.09957
-78.0055
187.535
168.092
135.797
-184.04
21.1851
158.907
100.797
-54.3334
141.171
-160.849
-164.334
173.783
176.588
-72.0149
-89.5965
-188.542
-114.757
-71.4975
-7.07078
127.265
-118.315
-90.713
45.7014
-43.7317
-138.266
194.306
32.4403
51.9553
162.21
-169.063
-62.7929
94.2075
60.4602
126.285
-165.687
137.086
149.149
205.071
-179.474
-183.967
142.895
-179.828
-55.0867
-2.4961
39.8287
-18.6255
-167.529
102.613
83.4879
-56.2486
61.9125
-17.4364
75.3551
64.9078
-46.9449
57.6918
-108.984
-102.277
7.86046
-146.453
-192.681
19.4424
24.8703
-13.7785
145.01
71.3432
111.544
171.115
182.597
-130.487
165.378
-86.701
-173.738
72.4233
-96.0319
176.225
-105.68
57.1562
-67.5763
-193.571
-166.821
19.8418
54.3061
182.642
-20.0142
69.0105
162.192
-184.603
-182.497
123.362
-29.7263
17.8721
-151.573
52.2276
-19.7782
-75.8997
-191.138
13.3247
-118.615
-194.006
-107.396
-61.5948
-13.4971
100.815
-6.68048
144.356
183.178
-42.1433
146.399
-182.987
134.535
-127.265
33.1573
105.127
79.0856
127.492
106.597
-147.588
158.226
-71.1707
-158.226
98.8911
195.041
-0.0726139
-87.0641
130.569
-194.551
-130.442
136.687
83.7329
148.759
18.3441
-100.588
119.849
-108.122
-156.329
154.994
35.7805
-39.03
-78.414
174.337
166.395
118.388
58.8445
-189.259
158.416
-61.4223
92.5101
151.128
-184.349
70.2267
-187.017
21.2668
178.058
165.206
-128.608
-83.1793
78.4684
58.2999
-146.98
-51.4833
-158.208
-53.2986
-131.54
195.803
21.9657
-81.4365
-172.331
44.3127
-169.844
153.097
-33.8472
126.203
-110.972
195.74
-166.486
184.031
185.329
-161.584
44.4216
-61.4768
175.717
-181.853
-102.758
72.2327
71.7153
-3.6307
136.206
130.206
-171.323
164.707
-70.971
32.0227
96.3133
-193.09
64.2633
136.16
162.065
-30.0077
-65.5068
-26.9125
-21.6662
-137.767
89.3242
-58.5541
173.093
-58.5904
94.1349
167.756
-4.5656
53.5074
-181.58
-178.884
156.465
55.4407
-132.856
-196.33
-132.548
-4.8379
-9.7938
-29.1636
-124.124
85.3486
163.999
213.585
-152.489
149.358
31.8957
18.2896
99.0636
-192.608
147.497
12.2445
-27.7385
-53.7071
137.749
-158.516
164.961
-73.3128
-8.05107
104.909
-189.25
-164.534
155.53
-3.35839
80.9827
-171.886
177.931
164.834
-0.399377
194.669
-121.211
179.674
7.90584
-112.098
-153.633
-15.0492
180.264
-58.0911
-180.373
120.512
-183.205
118.969
98.8639
161.974
-202.656
-173.275
83.6512
12.8617
-105.726
109.52
148.813
150.474
109.52
8.51398
99.2905
-156.855
-50.6482
-156.51
-32.7307
-164.244
-187.553
193.952
-189.577
148.105
-182.751
-187.308
165.024
-42.1887
-168.855
102.867
-119.922
-87.3092
73.567
-160.731
147.07
-36.906
-173.257
171.015
-19.6965
126.121
-177.459
173.511
-187.253
-178.712
-14.4592
189.404
-74.9013
89.9233
-181.353
-73.3855
-162.492
181.789
171.242
152.934
-66.7957
82.435
-85.748
99.7897
90.9308
-87.881
-158.916
61.3043
-105.662
-151.427
-200.478
33.947
153.814
-90.0957
-31.9411
177.668
-175.925
25.9867
96.5856
173.602
-181.952
45.5925
154.65
21.9748
-176.561
89.4967
-186.817
-90.6403
-148.405
166.458
-191.537
129.979
-61.9488
190.475
42.0888
156.474
-91.1033
170.28
-161.012
97.0757
39.2478
131.613
125.531
-191.91
122.182
95.9048
96.4404
-180.119
144.193
-91.5389
-142.686
164.543
179.856
125.486
-71.552
154.586
-173.384
7.16155
119.459
70.0361
122.645
179.238
60.9775
-27.9654
184.694
-87.0641
-4.12084
-22.9278
-183.568
98.5643
-7.57908
-137.558
-131.259
142.369
122.79
-197.746
136.605
-182.197
-4.50206
-139.718
163.835
-32.3767
-94.3255
-40.5095
-1.85166
-88.6616
-164.579
71.7879
46.6998
48.6513
-180.89
-177.986
180.673
-162.446
-61.9578
126.557
-40.6638
176.633
-92.61
-88.1624
156.901
171.668
155.539
-146.372
-121.292
-176.842
77.5244
179.021
26.9035
159.469
-132.711
-4.32053
-135.797
-164.598
110.491
-120.948
-198.526
146.816
90.2773
-128.781
-181.735
-72.8681
-156.056
-80.783
-181.426
5.60035
-164.144
73.8574
32.0591
-190.239
-99.7988
-181.226
-31.9047
-62.0304
22.5375
-104.446
-125.15
100.57
-80.3564
63.9547
-124.179
-113.559
150.837
-146.444
-118.451
6.86202
-157.908
172.34
-42.6607
99.6263
81.2278
47.9797
-72.3326
-15.2762
182.588
-139.609
121.51
199.053
10.3203
177.387
74.865
-154.25
141.352
154.613
-106.897
125.767
163.617
5.27359
-3.2404
-103.33
129.661
113.804
80.7104
-45.4836
70.1723
-96.867
-122.609
-69.0649
137.413
-25.1335
177.804
-147.043
3.31301
80.0296
86.5558
-112.96
84.7041
12.4079
165.569
-121.465
-189.386
16.6286
-160.767
-145.609
-192.273
-5.69112
157.618
118.524
-78.1417
-182.524
106.398
162.474
43.9042
100.915
-89.2879
114.231
160.141
-83.5877
-88.0262
-69.6005
12.7982
92.2469
-148.005
150.329
-51.1384
-14.2233
-193.416
79.9842
-99.9894
50.5665
-197.492
-15.9841
-110.655
30.3254
-194.941
-197.455
184.757
2.35088
-100.679
129.062
78.8769
-136.26
49.7405
124.832
-152.707
-103.72
-54.1791
-17.9084
74.2931
-21.6662
68.4205
-154.159
-117.734
-102.812
175.217
-87.1821
148.922
-90.5405
-67.9031
-3.48547
-134.045
56.2032
-188.115
-68.2752
-89.9414
-86.8372
147.797
67.5219
98.4645
153.996
160.077
200.678
-151.727
200.079
-187.761
-112.152
-4.34776
43.0419
153.588
12.4896
48.6241
92.6735
-97.4479
110.618
68.2934
-189.041
99.9622
81.0916
-98.9546
-179.865
58.0639
-124.46
79.3398
-133.682
-143.748
-45.8103
134.1
-83.7692
-1.72458
-36.2979
131.458
20.2865
-61.0229
135.262
163.708
-84.8766
-171.741
-162.41
164.924
3.61254
83.1611
-30.2165
115.202
94.625
-81.5454
-151.464
-104.709
-94.3346
161.875
124.823
-176.252
137.131
193.498
-165.142
94.2347
-47.0811
-28.0199
-57.9731
-146.181
-85.3486
119.25
-189.994
-37.3871
-129.534
58.7174
-14.4048
-57.4376
-151.364
22.9278
159.605
131.658
-199.289
84.5135
-142.287
88.8431
-73.8302
-93.554
21.7842
12.0902
141.143
-130.669
-126.185
187.625
-124.869
-175.944
136.315
159.515
-71.4158
179.32
-87.3818
103.439
158.081
-101.787
-57.5919
-182.851
-125.159
-130.596
27.8111
49.7768
63.8458
-1.58843
173.048
161.457
-158.108
-11.1281
24.2712
165.778
-160.313
-27.1848
111.571
174.637
67.1134
-57.2924
47.6075
10.9465
174.5
-181.735
-28.501
-157.391
-149.43
168.001
131.613
-87.2729
79.3489
-194.66
-74.9376
92.1198
-102.667
122.291
-61.7218
-20.5044
49.5862
35.1724
-60.3513
33.4569
177.913
-104.809
126.929
-31.578
-58.427
67.9485
116.418
126.339
-183.332
90.4497
-179.32
-58.2182
-130.342
-130.623
-16.5106
-66.5416
-54.4514
177.314
-177.187
26.1682
-80.1204
-69.0014
-31.4055
146.653
168.791
-88.7524
23.0186
-147.679
-109.583
76.3626
153.66
-77.7423
127.147
144.384
160.749
97.8745
61.5766
25.0972
100.153
-117.78
-160.422
175.154
-170.752
-144.611
-118.914
48.4063
43.9768
6.59879
38.0225
161.847
-153.034
0.83506
-47.7346
110.455
-161.729
-140.68
-118.243
4.34776
178.657
-170.734
35.5264
27.0487
-77.5517
-179.011
-80.7104
-170.343
37.1057
99.5174
-107.478
136.986
-166.286
-164.725
19.2518
147.397
-181.825
124.95
-136.333
46.3731
89.2153
-178.086
-119.332
139.174
-169.345
-64.2543
151.291
-164.28
136.496
159.832
117.507
137.032
86.574
159.261
115.674
-38.2766
154.368
-177.813
-112.152
-108.594
-185.483
121.211
-135.833
82.8162
8.8589
17.8721
-20.5316
40.2372
4.34776
-54.4877
-64.8896
-151.563
14.4774
189.586
192.881
158.171
46.1462
-197.583
-82.3896
-83.0885
-173.03
-185.129
-92.7734
-155.476
125.068
-160.958
50.2851
11.8451
-148.214
168.7
-149.349
-195.468
-148.141
177.369
69.2737
-162.22
14.1779
26.6856
110.573
52.9809
-51.6194
-117.326
183.123
45.7559
98.6823
107.124
-188.379
-10.9738
141.307
111.09
103.974
-166.177
40.2372
-23.6631
89.1427
171.251
-32.9758
178.222
183.604
-175.816
34.4008
155.14
152.426
-47.789
21.0943
19.6693
192.3
-56.2123
-32.3858
-172.503
-182.515
11.2642
-185.32
-21.7569
101.287
-111.726
-137.022
-183.613
111.753
159.569
73.3491
111.453
193.571
-127.401
-117.036
182.27
-31.2149
158.38
-172.803
67.5582
-139.382
4.65637
123.97
-148.377
-61.1863
54.9778
-82.4713
114.385
-65.0439
-160.096
-124.651
106.897
27.8928
-155.004
-24.3801
-78.5955
64.8624
-101.995
83.1702
-133.446
-137.994
-186.255
95.9956
117.979
-160.068
139.056
-37.6776
189.686
182.025
-149.113
16.6014
-144.311
182.07
-182.769
53.9431
188.233
-10.0752
-180.954
-69.2555
-125.604
-53.4439
139.972
73.5398
5.70019
103.865
79.4487
-192.79
106.942
172.313
53.0717
79.2853
-94.8973
-93.5358
-29.2725
-130.941
-188.96
-48.3518
-66.714
182.234
-123.888
-180.963
156.501
93.4269
24.598
-70.1814
174.237
-68.6655
-177.26
-79.0584
91.7386
-199.534
168.328
140.581
-138.202
-64.1816
-42.2432
157.69
62.0032
-182.869
21.9929
77.2975
-84.8857
164.135
-67.0408
151.972
23.064
-162.646
-55.6858
-142.223
165.578
-94.7249
74.7833
-40.3733
103.221
193.988
-23.3454
-150.719
-40.9633
69.3281
-155.185
-7.52462
-129.952
-130.342
150.011
-128.881
-4.48391
-31.8594
-187.789
-174.609
8.59567
182.751
-31.3238
19.1973
-180.518
99.6898
-84.0688
184.594
-41.0087
-176.325
-107.332
-103.475
158.28
-166.939
-192.627
28.3467
167.43
34.4916
-39.1208
-181.798
-150.102
63.9729
-90.2863
96.2588
54.9234
-151.337
-136.668
46.4729
-127.083
69.5097
-150.846
-189.205
-155.122
159.887
187.471
28.9548
-180.182
34.3282
-9.3672
19.9325
-26.9852
-17.1278
121.311
-129.425
65.0712
-13.5516
-87.2547
-92.2288
182.388
-1.6792
111.462
-176.597
-64.5719
2.91363
-183.504
-85.6754
101.496
193.162
-174.346
25.2152
-139.991
149.058
-87.8629
-155.512
123.471
-77.6878
63.5372
168.31
-123.825
-150.138
54.1609
-87.8084
-191.71
188.951
178.667
39.6291
59.38
164.416
-177.287
-69.2374
-91.3302
-43.4685
76.7348
-35.6988
75.1554
176.107
110.11
169.572
170.334
150.311
-65.2164
21.9385
-63.1378
-41.2356
-29.7082
-82.326
-57.1199
-78.4594
-157.046
150.02
164.997
43.523
126.267
-59.8339
146.807
-126.321
-96.6038
17.854
-162.347
-50.3941
120.893
-41.0541
9.43981
82.3442
-8.68644
60.1334
165.923
-169.145
-135.452
20.9219
-173.193
184.412
-157.854
-3.34024
88.7705
30.4252
-129.371
102.513
190.63
188.651
-175.154
-110.891
160.731
-190.766
147.497
151.908
130.387
6.97094
-186.908
139.9
-111.671
-102.849
62.5024
148.241
174.618
130.787
-107.405
170.852
-86.1383
-68.5566
177.85
-163.635
-16.6377
-176.243
-145.037
-150.138
-185.592
29.3996
-102.939
-73.6214
-123.28
24.4437
64.0818
-9.30366
-140.09
-188.796
-71.9332
-164.933
57.3287
-47.0538
-134.545
106.634
-132.402
25.3876
-18.5982
90.958
-96.8488
6.7531
-202.42
-159.025
-93.6175
135.525
-153.996
-88.589
-166.831
180.591
166.631
116.228
176.352
48.2883
-140.308
182.96
-155.757
-130.968
13.9963
14.786
-9.22197
123.035
144.484
93.1092
129.797
-59.4436
-182.787
34.0196
-47.907
118.27
-144.81
-32.7943
-74.8831
77.0071
129.216
-191.683
104.355
113.532
114.267
-147.86
97.8473
184.085
29.2362
72.7047
149.485
-175.844
170.942
-137.24
-107.904
-58.0458
112.851
-9.53966
179.12
134.808
-154.713
-158.77
175.19
-101.542
-176.007
-142.677
-34.0559
-92.5737
-107.505
-139.292
-102.458
52.9083
-57.3378
-40.7273
7.01632
135.298
-154.332
-135.888
-146.962
-116.645
36.5611
24.952
-15.0946
-181.39
-39.0844
-99.4266
5.38251
-58.1184
-72.3416
-191.919
-50.7844
9.0132
-176.143
29.6356
83.0794
115.892
151.473
144.638
129.289
109.284
-45.4745
179.129
-1.14367
-27.5933
37.2691
-185.156
-43.7317
88.4347
-150.765
15.9478
-175.444
-130.052
172.195
-24.4527
-150.638
-198.844
-36.0437
-150.247
182.179
-55.9763
126.13
-179.647
-147.978
46.2551
13.8783
155.14
-37.8863
187.889
168.51
194.315
95.1606
95.6689
178.875
-66.5961
-169.917
-81.0281
-156.029
90.9489
147.67
-112.143
122.699
186.391
-143.857
110.809
-137.576
14.2959
118.007
-3.77592
163.027
-82.553
-77.1251
-68.5748
152.172
194.832
-160.44
-84.6769
144.511
-71.2887
-109.747
149.866
130.705
123.326
88.8613
-76.5895
-186.636
148.868
184.476
165.442
-126.593
-112.615
-62.3935
187.072
-124.869
17.8176
193.344
88.9067
7.22509
-125.404
-161.875
143.685
-110.409
-151.491
-53.0445
-122.354
-68.4749
-137.331
118.896
23.6812
122.944
-55.7312
-167.729
61.9034
-16.0568
166.141
-74.5654
27.6024
-129.688
-62.4026
-184.73
-117.78
-122.318
175.09
148.641
-106.089
182.461
-80.665
47.426
-145.927
-93.5358
92.9912
-93.8535
174.028
131.25
-152.816
-124.56
-190.947
-2.94086
-48.7149
-30.3435
34.7185
-134.363
187.852
-163.599
-31.2331
-103.357
-163
-185.402
-146.108
23.6268
54.5603
-81.7814
133.446
-10.3203
-121.937
-170.616
-134.608
185.837
75.228
11.6182
148.895
-159.551
-164.053
152.798
-106.652
156.755
-6.68956
15.4486
-117.208
-140.163
-161.257
166.404
-45.0569
-112.742
-136.378
-182.134
102.903
-190.739
80.4018
-105.445
-55.6495
-140.1
163.817
171.932
-5.03759
-4.2933
-19.2245
-64.3813
68.9832
184.158
169.635
-62.2664
118.933
-101.369
-20.1594
161.793
-36.0619
-1.89704
-84.8221
-29.218
43.2961
-178.712
11.4458
114.766
29.209
-191.192
-182.161
-97.1393
45.2566
-11.5275
-126.847
159.415
-124.188
-148.777
-210.825
-79.3307
-138.384
-39.5474
-151.672
167.157
30.4706
-41.7802
164.507
129.897
-48.6967
-138.103
-109.066
121.937
-177.078
93.8354
-102.431
-17.1913
-179.438
162.8
69.5188
182.234
-165.887
-22.1745
180.627
-180.246
-136.995
155.249
171.269
-89.4241
-170.67
192.318
115.629
-194.224
146.145
38.6851
141.18
-69.7366
1.00752
162.583
-3.2767
123.217
-19.5604
-69.4825
143.358
78.305
-2.92271
-130.832
-60.3966
-105.317
19.9234
48.0795
17.0552
-98.1831
-91.4391
82.6256
-158.344
34.773
94.4707
-29.0093
102.858
-96.9033
-53.9431
-206.169
45.7377
178.467
80.0206
-104.918
66.3782
-162.637
69.7275
183.686
-40.101
-105.944
-81.0916
-147.633
-192.554
157.754
95.3784
108.34
-116.663
-177.487
-54.3334
-194.07
-166.023
153.088
-187.299
-168.827
21.5845
-107.832
-53.4711
-31.4418
-16.6377
-122.191
34.5824
-198.1
154.822
37.8046
49.4047
-104.119
119.405
40.3552
-138.003
50.6391
140.063
-48.4607
179.828
59.2893
32.4493
59.5525
42.4156
7.57
4.58375
138.075
-95.3602
156.365
29.0093
49.9947
-163.89
41.9709
-166.84
153.905
129.979
75.1645
-123.126
-19.6875
20.1322
42.3248
181.208
56.9384
-165.224
29.2271
191.447
-199.362
12.3081
-119.541
-70.9347
-108.64
-114.004
86.0203
-17.2186
-159.841
159.869
62.3572
92.1652
6.85294
145.591
-40.219
-169.908
125.667
-52.6269
-162.356
153.923
-12.9253
163.572
-53.4892
-105.454
58.9171
-71.2161
-157.118
-139.264
-137.712
102.286
-129.552
-147.434
-140.581
147.588
-27.9473
175.226
14.4774
92.4103
8.76813
-149.321
120.303
-198.835
106.579
156.102
-171.351
-7.19786
19.4151
122.155
-131.949
154.795
-142.423
-187.653
-60.4239
-149.249
-92.0018
98.4826
-192.79
93.5721
106.007
50.5484
54.9415
58.7447
-125.958
-169.635
136.741
85.2397
110.9
-152.625
-15.6483
-62.0486
171.977
-40.101
0.235995
-118.188
127.501
-11.3913
29.7445
150.674
-67.9576
-120.267
-144.438
109.52
-116.418
-96.7853
-103.239
-79.3489
155.358
32.8396
-31.8049
-76.8165
-182.996
-111.835
137.867
179.874
-131.912
157.808
-174.301
-125.295
91.0034
94.7521
145.782
138.629
-138.611
120.757
38.8938
-113.777
99.2632
169.508
53.0082
-124.887
-42.8422
178.785
8.93151
-81.3094
-80.6105
-161.956
-7.1797
105.336
66.7413
112.152
-184.312
91.5934
-192.264
134.971
-169.953
-160.204
-131.676
-139.764
-199.906
74.5745
198.082
-142.868
-196.502
36.5157
-147.733
-162.338
-172.14
94.1803
116.391
-165.042
-135.207
10.7922
4.36591
-196.993
-22.4377
-40.3461
-44.9934
-46.8904
3.57624
50.6391
1.72458
-181.154
157.727
-49.8495
-65.4796
182.778
-178.14
185.211
112.189
-189.359
133.528
166.622
21.2759
169.517
60.2877
150.465
159.696
-39.1389
181.154
-0.83506
-182.669
-177.904
-130.496
55.4135
-114.067
68.0302
155.094
55.123
-187.326
-65.1982
189.359
-182.243
152.398
-159.85
-156.891
176.216
112.624
-130.451
84.4954
8.5866
103.13
-182.824
117.78
66.3782
141.298
28.7188
183.986
105.671
140.09
-104.491
145.936
174.337
-137.168
171.333
43.5865
181.78
68.5294
-107.723
-108.095
91.3574
29.454
-150.665
-156.274
-129.543
175.217
-169.218
-109.42
-191.474
14.0599
162.937
108.676
-90.9126
-98.6369
98.5189
105.308
-153.932
-104.464
-181.853
-199.888
93.2272
-137.24
-32.5946
35.0544
13.9691
183.35
11.9813
-99.3903
92.7189
111.589
175.236
-18.5619
-160.704
19.9416
-14.9948
38.5762
-149.784
111.018
29.5539
-145.754
-115.846
159.342
25.3967
-132.194
-124.134
7.11617
161.012
121.991
23.3181
49.0144
-53.9068
-175.281
22.3651
-130.16
72.2418
-106.361
-176.815
-191.12
-134.681
147.806
-134.554
84.7405
-183.958
-12.3807
153.778
119.867
116.627
-155.757
144.356
179.129
128.817
-155.04
100.489
-86.1837
-174.328
68.3479
144.166
60.0517
1.94242
-75.1463
189.495
-179.71
83.6694
36.3796
-69.9817
-141.515
41.4626
-67.2223
-159.424
-9.03136
-196.203
-172.921
-55.2864
-164.679
-51.0567
-46.4638
-188.914
143.975
152.789
-124.805
-74.6108
-26.8853
-179.093
-158.389
189.795
-68.7291
-94.9064
81.9811
170.352
74.1751
-170.416
-39.4021
-162.846
-52.7086
-148.831
-58.4905
-67.6399
-183.868
-16.3018
12.6711
-4.27515
130.042
113.623
-194.578
127.601
-126.194
10.2386
147.488
47.2717
39.4203
55.468
-34.7548
-157.409
-11.9541
-48.733
-139.845
-34.2193
-27.2756
111.744
-95.0335
142.913
-41.871
-157.2
-146.49
174.9
179.747
-120.421
112.924
-50.3759
-192.672
191.138
130.832
-185.492
-69.2737
-21.3848
41.0723
180.092
-166.531
-4.07546
153.224
-62.6749
-193.562
115.011
-199.679
-41.6713
97.3208
-74.629
-46.4638
124.27
116.382
28.6553
-181.027
-9.0132
-109.32
-48.0613
-154.613
-162.619
-177.523
15.376
10.2204
156.601
-30.4706
-45.3928
80.3292
131.313
141.107
-123.925
-19.8236
18.8796
51.2201
133.973
-172.376
60.5691
-23.2637
102.431
-133.165
-20.0142
-139.8
-149.675
68.7019
148.014
79.0947
181.371
-34.2738
187.053
74.7016
125.477
-187.153
-13.842
-64.1272
115.592
143.485
-135.053
-125.549
-57.247
-131.395
160.958
-171.006
-20.105
-108.222
-165.75
-126.103
100.779
69.782
33.1573
146.598
168.083
-135.561
-42.4791
127.637
-81.3548
-46.5183
-132.956
111.299
171.36
-107.941
44.9117
174.146
-8.94059
-5.9725
-144.738
-61.9488
-168.455
-186.99
-193.825
-168.419
-83.3517
-57.7372
84.4591
123.752
-21.884
-50.5847
168.873
183.813
1.30705
100.262
174.664
36.8879
7.50647
129.834
-119.414
20.9128
-11.3187
-65.8336
181.362
-176.652
-163.881
73.6396
-47.789
-176.47
82.6619
161.176
-195.885
160.295
78.414
-181.281
-161.448
180.791
-49.8767
151.228
-182.352
175.317
-190.412
130.124
164.997
-54.1155
-103.139
-188.034
-133.129
104.001
-193.489
-140.617
-42.1978
-28.3013
-7.49739
-168.473
15.5575
152.044
-97.3299
153.252
-151.527
179.756
158.489
96.4041
182.216
-152.135
172.594
181.008
165.478
-101.832
-156.937
-141.098
-169.018
140.1
-79.7936
104.936
-184.63
177.559
27.7204
-24.6343
-72.9498
37.2963
-37.1693
-162.846
2.03319
-56.067
56.3393
-97.7837
112.252
-54.7691
118.497
78.423
109.148
-143.04
7.26139
-18.8433
-22.9097
-49.8858
-157.418
166.749
-186.119
-160.885
-12.5259
39.7198
15.6301
-89.3061
87.1912
-164.906
152.925
60.0517
-122.164
123.861
-91.8203
1.3252
-126.956
194.723
32.4221
-106.988
-195.921
-100.316
116.963
26.849
163.699
90.6494
-30.8065
-200.442
-141.089
-75.5911
40.0466
8.70459
192.799
-30.7883
-155.503
-179.883
-27.5842
-92.2832
-56.3756
-117.825
44.5577
-8.81352
-160.84
-66.0514
9.02228
-71.5429
-147.987
65.9425
44.3127
169.744
-166.077
82.3714
-17.6543
159.315
35.7896
-56.5027
49.1233
-81.7088
-47.6257
-51.1928
-105.835
-175.58
-154.985
146.399
48.3246
-170.534
-124.814
-62.6749
-78.4503
-125.94
-112.152
-188.76
-90.6948
101.995
-35.009
-87.8538
94.9427
27.321
-196.094
-164.325
98.646
15.8752
-138.838
14.4956
141.987
-94.0986
-111.717
-26.0502
38.912
-108.24
-167.793
127.111
-108.322
-79.0766
-58.2273
61.1954
-126.484
145.255
-148.804
-51.2201
-122.246
-120.92
112.098
-123.126
186.99
-25.6509
-153.769
91.6932
90.6131
150.61
73.4944
156.646
180.427
-196.176
-122.2
156.737
-36.307
-151.046
45.4291
129.507
156.755
-173.193
146.753
-151.7
-179.765
-198.345
-175.671
66.115
-19.7601
132.067
-144.683
-65.0076
-10.293
-40.8544
106.089
-156.056
-142.614
-79.1673
135.588
-57.8098
180.555
-175.127
47.662
14.8132
-62.3663
27.6568
-164.825
-117.843
-162.265
190.675
-148.777
0.989365
69.31
136.687
160.159
-192.599
-68.3842
33.1936
-183.169
102.867
-180.573
-173.674
169.39
-201.032
161.375
42.3975
108.494
8.91336
-119.55
184.312
-27.3391
-152.117
-166.876
46.8451
-113.94
-177.886
-57.8824
-58.1638
16.5923
5.23728
25.5964
42.8876
143.912
-8.53214
-67.658
186.627
49.8222
73.7304
23.2183
-12.0993
-56.9747
-96.159
-132.221
-192.064
2.06042
-91.2485
-89.1971
-182.942
35.6988
-15.0674
48.4244
-80.6559
138.212
-163.272
-14.6862
149.331
190.911
17.6996
85.5211
47.4532
-75.9814
141.189
17.0824
60.1879
1.23444
161.248
-111.925
137.395
111.063
65.5704
142.405
-156.973
-87.8356
-157.218
6.95278
-83.1883
-79.7119
-131.286
110.736
174.473
38.3946
177.087
173.774
33.3752
3.40378
-14.1779
-179.402
-123.907
-85.4757
-128.027
-189.849
77.9147
-59.2257
-160.459
-66.3056
-93.1546
54.1791
-161.03
180.3
143.367
-147.552
98.6097
136.423
-148.768
167.085
94.8519
18.335
177.841
-60.206
24.1441
172.149
10.048
126.303
-164.353
-56.6933
99.2905
151.69
-71.679
-191.156
-154.332
-179.338
-161.339
-31.3511
128.027
146.063
-128.962
177.26
121.892
140.381
-4.85606
93.681
-174.083
176.461
-99.3177
-46.6
73.5579
66.7322
86.0475
83.6422
-93.8989
-189.096
-142.596
-114.149
-150.347
-134.535
85.7117
180.818
-87.645
128.218
-11.2552
-135.125
-53.3985
-69.9181
44.9753
-182.488
142.714
37.6866
-155.503
43.0056
138.411
-123.162
126.13
-44.8028
-56.4483
11.0464
82.562
-62.5751
-111.471
-36.3523
-203.346
64.0001
-166.722
-172.204
-170.271
-84.7405
-43.0147
-200.696
163.2
106.624
-95.3239
-41.9436
-187.816
109.538
149.503
-117.135
162.083
184.022
-123.426
120.566
74.756
164.08
141.615
165.542
-105.935
9.43073
54.5421
151.001
162.283
104.219
20.2411
163.853
-9.15843
172.785
142.977
-166.095
-50.4122
-202.684
-186.291
-138.575
157.99
106.261
117.889
-183.822
-181.48
-192.209
92.9368
180.836
-180.754
153.833
-117.045
110.455
28.8005
-109.275
-79.5213
62.3663
62.9744
107.686
62.1848
-173.811
72.2599
99.5446
-173.638
-14.5954
104.201
46.0009
-155.557
55.0323
-19.2881
54.7781
-82.671
-33.8018
29.3814
-173.938
-15.73
-144.71
31.5961
116.945
152.78
169.281
-146.744
-11.6908
57.8824
-118.361
-153.96
40.9906
9.45796
-174.791
-49.0144
-168.047
-169.662
157.527
157.935
16.3472
-123.671
-178.53
-68.4568
-147.724
-90.241
109.066
173.783
-129.144
-194.015
50.1399
149.73
172.966
-115.565
-147.624
-23.6994
45.3383
-36.5067
82.2716
-50.2307
-90.8582
79.4578
138.611
-111.081
-66.5597
175.399
52.6723
-161.956
194.678
159.406
165.542
-112.987
-146.281
-151.591
102.023
178.685
-41.1903
188.597
-96.6945
169.245
-159.179
-35.0181
-50.8025
113.768
46.9449
168.773
156.991
66.4236
-56.8567
184.721
98.4282
-165.696
-117.607
-122.79
102.249
-37.9862
-155.566
180.201
145.618
-107.26
-172.658
148.359
171.741
77.2612
-29.8625
111.644
50.267
38.6488
-154.159
128.327
173.057
-30.4162
148.777
170.634
190.022
125.123
-24.6343
190.14
-120.802
-66.233
-192.972
127.047
-157
-194.424
-22.7917
-137.349
-15.4395
179.701
187.997
-78.1326
27.0215
-113.359
-122.718
-13.7513
-21.4483
-93.2
-176.552
-11.7998
-14.6952
18.0627
182.234
-115.783
-175.272
-169.163
61.74
-54.1881
-114.676
-180.046
153.324
-53.7706
111.934
50.2761
-119.468
14.5954
-185.855
-137.558
-148.532
-76.6712
-163.799
-27.6387
-68.2662
75.6546
-191.365
162.192
-16.7647
-57.0382
-80.4744
-148.105
-88.2168
-146.344
107.913
-93.1727
-25.2333
-144.484
-89.9505
-49.5318
-162.528
-56.8476
57.1472
-143.531
-199.625
115.238
57.8642
-56.7115
-86.5558
165.269
-70.971
-198.036
71.915
166.513
-93.6538
74.983
25.2243
-138.956
35.9348
136.351
-177.468
-159.451
-171.487
-165.251
110.201
-7.1797
-117.108
-173.012
-136.56
26.3679
-43.7045
113.777
-14.2686
56.421
189.041
94.035
-137.458
-130.959
-136.387
-76.3989
171.977
162.501
-70.9801
-193.008
-170.243
-15.1763
-16.0023
172.549
93.681
-67.304
165.006
129.67
-14.1234
66.4781
119.886
143.712
-143.839
-177.133
92.2832
106.697
-157.89
153.66
100.28
-44.1402
-112.706
97.4751
9.47612
-7.37939
4.20253
17.9901
-172.467
13.842
24.3711
-140.372
-161.657
114.812
-82.09
-4.88329
-94.1984
195.241
46.4911
-143.059
41.7984
-54.4332
-144.983
-36.6156
-107.106
-67.7942
-167.348
63.1469
144.066
182.57
74.1661
-199.634
-34.1558
-31.8321
135.026
-3.41285
188.606
130.006
59.3982
-58.8264
168.383
92.4194
-174.092
-141.997
190.593
182.806
57.1018
-82.8071
36.0074
105.245
51.81
-4.74714
-90.1048
-186.817
194.841
174.972
-46.5546
104.555
-188.506
-149.494
-172.277
-60.8777
-26.4587
-100.026
-26.0049
-182.669
-95.7959
158.035
3.61254
-17.0824
105.1
-200.66
64.0001
43.1236
48.379
-110.282
123.017
54.3334
-162.955
-84.0869
-177.151
-5.96342
-145.963
104.809
-181.353
154.132
-178.93
-119.405
-141.243
-5.09205
-187.943
167.711
126.203
-186.745
127.074
68.6474
159.406
24.5254
-161.974
-168.573
57.5647
175.971
179.375
-29.8988
-160.885
22.9642
102.513
-73.8121
167.212
-194.896
-156.084
17.0098
-3.72146
155.603
-8.13276
68.8925
-90.368
-150.983
18.5801
-33.4296
171.904
-12.4351
29.3179
-161.203
-170.543
178.812
-153.261
65.171
28.5373
148.005
38.204
-44.8573
26.8036
-22.8825
4.40222
-45.3292
161.439
-98.8457
-186.355
185.32
-121.61
48.1793
-2.93179
-191.819
68.4296
-42.3521
-114.285
-29.69
144.102
69.8183
-125.64
-150.61
-129.443
-75.0374
-86.4923
170.842
-97.4025
121.174
64.3178
130.986
159.097
-76.9617
168.6
83.6694
-149.321
128.354
-3.68516
-186.454
90.1139
-9.73934
112.052
-139.137
66.2784
151.237
-162.991
-69.6186
172.921
63.0289
-176.116
-23.1366
-15.6755
-73.7485
-170.407
126.003
111.589
-159.642
17.8721
153.215
-17.6089
174.373
-152.226
-4.53837
-9.25828
-198.109
155.621
169.635
-62.2301
-171.296
-74.4747
76.644
-17.2095
-82.3351
-16.5015
72.8136
-164.888
-122.118
0.235995
191.056
43.4322
-186.246
156.674
-83.7783
-123.671
-87.1458
-74.6562
-204.336
-107.55
-67.6308
178.558
106.207
-147.924
164.543
-107.786
-48.5061
9.93903
-40.8907
28.2922
147.552
18.0899
165.033
99.2451
-158.389
90.5859
-166.522
29.4994
-4.30238
-31.6415
87.9082
-72.151
11.3641
-122.345
-177.36
-170.534
174.228
-103.865
-19.1792
-156.065
-70.8621
-36.2888
0.989365
-67.531
-106.534
-61.8126
-133.419
-142.959
-135.824
-165.632
-173.62
-27.793
166.486
-152.943
-171.777
185.483
-175.535
-119.886
-101.378
71.325
122.01
103.157
-140.871
-163.318
181.399
149.657
71.2887
-187.199
-154.178
136.523
-11.8542
-128.781
-127.41
65.1075
95.5962
134.889
133.101
59.8883
-48.5515
-144.202
148.586
12.417
136.85
148.359
-161.212
109.602
-138.003
32.4493
-159.261
-186.255
104.51
57.6101
-133.927
-148.541
-153.96
149.567
-178.485
110.291
-131.286
103.584
-170.661
3.22224
-74.2659
-191.592
12.4079
86.1655
-151.427
149.766
20.2321
132.384
-134.154
-153.824
-187.934
-63.0743
153.642
180.654
53.1534
-86.937
-81.9902
-156.964
-110.8
57.2289
-112.624
-170.842
152.044
-140.68
-49.9312
-159.651
-176.461
169.953
-123.652
22.5829
69.6458
-98.8729
-81.5545
-46.6363
-14.1506
86.4015
-115.447
-171.523
-2.00596
-38.794
-188.061
85.6572
-151.064
77.1614
51.6104
55.586
-32.4221
33.6838
-171.832
-160.767
121.465
-99.2179
-142.169
-185.002
-93.1546
15.7572
179.247
-137.304
-185.256
-64.1635
-27.4844
-56.2758
58.2999
-70.3811
-26.023
45.42
37.2691
-181.635
-40.1464
-197.628
-116.772
-59.5253
179.774
158.462
-94.2983
-98.3374
106.688
75.3279
164.815
85.9386
-142.378
-140.853
-71.7063
-176.161
-4.19345
-22.8371
15.0946
-143.957
124.969
-125.223
56.9112
91.2666
-2.39626
-119.877
-186.69
75.4186
18.6618
-162.083
-95.5962
69.1738
60.5328
98.6914
-1.31613
11.5547
-136.741
96.2407
91.0216
-146.335
-110.028
-104.909
155.194
-73.9301
-195.15
96.8942
-182.234
159.823
-65.2436
-53.9975
120.185
-145.482
122.836
-37.6957
146.226
16.6195
-88.5618
-97.9471
60.3694
-92.4648
-69.3191
-86.3289
-167.656
-82.4985
86.0021
-176.089
-33.2118
-177.024
141.57
-152.19
-136.142
115.202
-122.963
179.692
70.5444
-74.638
-171.986
0.226919
-118.025
-8.81352
-103.856
97.7383
151.582
-49.7678
138.611
-90.0504
60.5146
178.966
-183.831
185.156
-107.469
159.469
102.485
42.6516
177.723
72.5595
161.421
14.2686
-160.84
-79.5486
155.412
-40.8181
198.236
41.9527
168.047
-182.824
159.905
-160.241
127.147
-97.5296
194.043
30.516
160.44
-45.0116
153.27
-90.0322
154.014
76.1266
170.815
-153.851
-112.715
173.72
123.752
-182.234
-170.289
187.144
37.5596
172.322
-29.1817
143.213
124.478
-171.097
92.2015
-118.733
-124.324
129.507
-114.312
-2.16934
-78.7226
126.13
81.5636
-71.7244
-93.6901
-153.27
127.456
105.027
-50.2035
176.37
127.664
-193.444
-27.6568
169.336
-112.651
116.963
-101.614
-128.318
-107.042
-174.927
75.1917
-32.7398
110.745
162.319
-179.474
177.314
-131.404
-106.162
-81.1279
-173.211
-178.585
-84.9038
-122.89
-61.9306
55.6132
128.554
-15.1128
186.382
-151.926
-40.6366
25.7053
-70.3629
-184.721
-32.295
38.8848
-166.622
47.8344
183.15
189.994
-180.064
187.072
161.248
-188.669
-30.9517
-193.035
-106.062
-108.794
58.4179
-183.259
-179.511
-69.4915
166.231
-160.059
-46.7724
73.9754
-126.357
13.1704
134.862
118.279
133.21
-97.5114
52.9628
178.494
-80.7467
91.8566
-86.7555
-6.45356
-128.899
-68.8017
-192.245
63.5644
95.2786
71.2343
57.3922
148.931
-191.873
-58.9988
186.581
158.961
106.044
-32.3223
13.0433
178.458
164.026
155.358
-60.3694
131.949
-173.03
-119.087
89.2879
1.76996
-195.295
-59.3256
-192
42.3521
145.418
-64.2815
-126.239
-119.032
-106.988
-66.0242
-196.366
-179.302
156.32
184.212
20.3137
-166.749
166.322
1.42505
-165.605
24.9338
111.889
-164.244
-54.5331
-196.548
132.584
132.448
123.153
-56.4029
-54.9234
-200.178
-147.606
-19.161
196.666
-148.314
-80.8193
195.322
-1.48859
-104.328
-88.8885
61.5403
-173.475
-108.068
139.991
-168.364
-161.675
-153.624
-173.747
-45.3202
195.331
19.9779
144.193
179.429
103.684
125.241
84.9492
140.608
-41.5806
-169.98
2.37811
-12.2808
32.3949
-24.3166
49.4773
-118.533
-122.754
185.801
-134.354
-32.7398
-25.0881
-6.2448
-39.266
-184.076
137.903
-31.9864
96.8398
2.01504
183.65
-109.674
-6.3628
-153.116
-144.556
-133.782
-177.768
54.3606
-153.923
-151.818
124.696
-74.4837
152.362
35.953
-189.35
71.2706
75.2916
120.176
-39.62
113.305
-143.095
105.036
-9.45796
56.4755
-140.916
175.453
170.824
-42.697
-21.9385
-167.103
110.872
171.65
-155.557
-174.473
-180.446
-165.324
168.709
-26.4224
42.343
-184.394
-122.708
100.343
-3.30393
-179.874
-102.558
-39.5292
53.2895
-187.771
23.8083
-104.147
-57.3832
71.8878
-34.4825
123.544
117.362
