-1942.86
5760
662.857
-8045.71
-3017.14
9542.86
-2982.86
-1920
2982.86
-754.286
-2834.29
-765.714
-3074.29
3325.71
-2731.43
6697.14
720
22.8571
-2868.57
-1142.86
5988.57
-6868.57
-3177.14
-1931.43
-5588.57
3394.29
-4388.57
-697.143
-5554.29
-4034.29
-102.857
5062.86
-2011.43
-2400
-3691.43
1977.14
3051.43
-2320
-1497.14
-7440
-731.429
-5714.29
-731.429
571.429
-9588.57
3805.71
5234.29
-4068.57
-960
2251.43
4274.29
-5108.57
3520
-4720
5245.71
2765.71
2182.86
-1988.57
-880
1062.86
6571.43
-4754.29
1154.29
-605.714
-4605.71
148.571
4857.14
-7405.71
-5085.71
1405.71
-2925.71
-662.857
7714.29
-4354.29
13622.9
-4651.43
-434.286
-7702.86
-1782.86
-2548.57
7577.14
-8697.14
4834.29
-1954.29
-2297.14
731.429
6571.43
-4137.14
1931.43
2834.29
7714.29
1028.57
-2731.43
354.286
8308.57
2125.71
-3988.57
2948.57
2514.29
2217.14
-1085.71
-2754.29
2285.71
1348.57
7142.86
4628.57
5520
1988.57
3931.43
-3200
-2525.71
982.857
-3862.86
4308.57
-7394.29
-11737.1
6800
-8182.86
-9565.71
57.1429
-1280
514.286
-617.143
-4468.57
-5885.71
525.714
9451.43
-3691.43
1817.14
1737.14
3245.71
-6297.14
-4982.86
3920
2411.43
9200
2582.86
-2194.29
-9200
-457.143
2034.29
-1782.86
4262.86
2560
902.857
4640
-11554.3
-6262.86
-11.4286
5394.29
480
-2114.29
4194.29
3097.14
3245.71
-4160
12102.9
-8205.71
4468.57
-1840
4594.29
-2674.29
-1085.71
57.1429
2342.86
-2000
148.571
-4742.86
-1862.86
3085.71
-2902.86
3828.57
1657.14
160
-6617.14
-2388.57
594.286
1942.86
-1382.86
15257.1
-434.286
3885.71
651.429
388.571
2514.29
-4822.86
1405.71
1531.43
-3920
2377.14
-4891.43
-1040
-1737.14
-9165.71
-5622.86
4548.57
5885.71
-3074.29
3360
5394.29
-9142.86
1657.14
-2308.57
-7840
-731.429
-2274.29
-754.286
-2102.86
-4594.29
-1611.43
34.2857
6240
182.857
3097.14
-2137.14
-6605.71
-6845.71
-1691.43
-365.714
-3588.57
4731.43
3931.43
-3234.29
5634.29
-9565.71
-5725.71
-1120
-6388.57
-7874.29
2434.29
-4960
8697.14
4000
-4080
-3622.86
-7257.14
-2045.71
-1691.43
2171.43
8251.43
-4160
-5222.86
-822.857
3737.14
-4811.43
8457.14
-10674.3
14445.7
2342.86
-1577.14
5382.86
160
1051.43
4262.86
3805.71
-1451.43
1165.71
-6925.71
-9965.71
7725.71
3302.86
1760
-537.143
-4251.43
-491.429
-2102.86
-1977.14
-2560
-6651.43
6708.57
-5085.71
297.143
-6331.43
1828.57
822.857
-7017.14
-948.571
-1702.86
1508.57
-3520
10320
6811.43
-3748.57
-2000
2468.57
-1188.57
-1291.43
-2137.14
-3360
2434.29
-8994.29
514.286
-297.143
-2948.57
822.857
-9942.86
-2514.29
9542.86
2480
-2274.29
274.286
-1554.29
2640
2525.71
8765.71
-5360
8137.14
5862.86
6045.71
5028.57
-5417.14
-1920
3394.29
-2080
2571.43
-1885.71
-1074.29
-4617.14
7005.71
-1942.86
-262.857
-342.857
-445.714
7725.71
2365.71
-3348.57
3222.86
-1302.86
-2971.43
-765.714
4491.43
-2377.14
-6217.14
-251.429
-685.714
-2708.57
-3862.86
-1908.57
-228.571
-788.571
2388.57
3131.43
-1942.86
-3622.86
228.571
1828.57
7177.14
-8891.43
-9771.43
-1657.14
-4514.29
-11200
-1382.86
-9634.29
1645.71
-3325.71
3668.57
9497.14
1131.43
1382.86
-10331.4
-1760
1520
6731.43
3737.14
9725.71
2365.71
-3394.29
3314.29
3542.86
91.4286
-308.571
1097.14
5554.29
-3508.57
3760
-6914.29
925.714
5268.57
1108.57
-4617.14
-4788.57
914.286
5645.71
4080
-2811.43
-320
8685.71
4651.43
-2262.86
-8788.57
-1040
1040
-1280
5462.86
-2400
2114.29
9348.57
-2080
-3177.14
