-840
141.6
-57.6
-60
-1760.4
-337.2
-151.2
-350.4
-786
692.4
-331.2
34.2
-432
22.8
-158.4
-794.4
706.8
321.6
-62.4
115.2
746.4
-664.8
379.2
291.6
-286.8
-564
-28.8
-326.4
-104.4
-943.2
-654
-80.4
250.8
-312
294
382.8
872.4
-358.8
-90
-427.2
-283.2
439.2
655.2
834
379.2
84
216
-1266
-139.2
297.6
420
189.6
61.2
716.4
-33.6
327.6
142.2
70.8
-772.8
684
145.2
195.6
-208.8
421.2
-158.4
-951.6
-992.4
466.8
-175.2
865.2
-494.4
-1228.8
20.4
-630
-522
408.6
889.2
720
-292.8
-462
-584.4
-225.6
153.6
37.2
-910.8
-452.4
501.6
374.4
-392.4
-528
499.2
1002
-252
-1047.6
-662.4
1.2
-571.2
-1524
-397.2
-391.2
195.6
-196.8
-52.8
-172.8
-674.4
410.4
-294
315.6
384
142.8
31.8
-32.4
-49.2
822
-1238.4
314.4
561.6
-956.4
304.8
393.6
274.8
211.2
300.6
548.4
-1050
-308.4
447.6
-213.6
417.6
-156
-411.6
-440.4
406.8
-513.6
-416.4
546
-494.4
129.6
43.2
-61.2
810
399.6
-50.4
270
-94.8
-825.6
1233.6
-603.6
-964.8
644.4
362.4
-301.2
-189.6
-644.4
244.8
-184.8
-372
714
580.8
-464.4
-187.2
-8.4
-204
325.2
220.8
786
207.6
-240
105.6
-114
66
-469.2
-333.6
1.2
205.2
-370.8
-13.2
492
235.2
-309.6
693.6
-978
-151.2
246
-164.4
696
307.2
254.4
273
-1371.6
230.4
775.2
-192
-427.2
-564
465.6
-1388.4
889.2
52.8
180
-276
-363.6
-1068
-423.6
678
-773.4
-668.4
8.4
400.8
170.4
-686.4
-384
-256.8
-8.4
-1437.6
-464.4
-39.6
-109.2
442.8
774
1179.6
740.4
-91.2
2.4
156
738
-632.4
-565.2
375.6
-280.8
159.6
-499.2
-15.6
355.2
-472.8
1010.4
597.6
82.2
56.4
436.8
135.6
-229.2
25.2
-567.6
220.8
10.8
-102
-286.8
24
-231.6
-205.2
799.2
111.6
-823.2
470.4
74.4
-625.2
366
-376.8
-358.8
51.6
570
-131.4
-439.2
-634.8
-541.2
-297.6
242.4
-256.8
361.2
-166.8
208.8
1045.2
328.8
-813
-252
-18
-153.6
238.8
79.2
-106.8
139.2
964.8
-1050
-504
-399.6
-301.2
336
-144
-274.8
-382.8
-15.6
801.6
200.4
-115.2
370.8
1.63425e-13
660
-559.2
226.8
-650.4
386.4
-144
-205.2
774.6
-776.4
-352.8
416.4
294
912
177.6
379.2
446.4
1011.6
228
-22.8
-691.2
427.2
-891.6
-100.8
-506.4
79.8
-451.2
78
-471.6
193.2
-189.6
498
14.4
-205.2
-333.6
-1058.4
385.2
-30
-93
57.6
-646.8
319.2
357.6
409.2
104.4
-165.6
186
-504
-453.6
3.6
916.8
-796.8
44.4
-490.8
194.4
770.4
175.2
-313.2
189.6
181.2
-776.4
217.2
308.4
-588
-18
-429.6
92.4
-1524
-4.8
21.6
246
-249.6
-205.2
482.4
1012.8
68.4
543.6
-1405.2
82.8
3.6
487.2
86.4
-201.6
-216
-534
-675.6
-314.4
-823.2
343.2
-396
-140.4
9.6
-279.6
1062
-1.2
538.8
-601.2
-344.4
-210
32.4
258
27.6
-368.4
-13.2
