-6674.29
948.571
-1405.71
-2228.57
3360
-1451.43
2262.86
91.4286
3600
3325.71
2537.14
-308.571
6708.57
6354.29
1451.43
-2011.43
2262.86
-240
274.286
4045.71
-2388.57
-1828.57
9097.14
-1371.43
-6548.57
-434.286
-1668.57
-3520
4960
697.143
-91.4286
1468.57
-4034.29
-3234.29
800
720
1005.71
1965.71
-4457.14
1188.57
11.4286
-8971.43
-5325.71
5474.29
1508.57
377.143
6765.71
-194.286
-1942.86
3531.43
-3748.57
-5222.86
-228.571
3817.14
-3725.71
491.429
8148.57
-1325.71
-1131.43
994.286
114.286
-628.571
-228.571
5771.43
3097.14
-4628.57
2948.57
-3462.86
3394.29
982.857
-2045.71
-148.571
4457.14
7211.43
1691.43
1257.14
2914.29
-2674.29
2125.71
5142.86
1131.43
-1931.43
560
4914.29
-1565.71
-1485.71
-3954.29
4617.14
-2811.43
2342.86
-422.857
-1371.43
-4091.43
-2742.86
-3851.43
4022.86
-125.714
2068.57
-3097.14
262.857
1062.86
3737.14
-3451.43
548.571
114.286
-2422.86
3234.29
2445.71
-3840
-1028.57
3268.57
3097.14
137.143
-1725.71
-2114.29
3497.14
251.429
-480
57.1429
662.857
-1965.71
1851.43
1920
1451.43
3371.43
3040
4194.29
-491.429
-1428.57
-6125.71
240
1097.14
480
5840
-537.143
3028.57
-217.143
-1485.71
-537.143
1520
-982.857
-2228.57
-251.429
400
-2651.43
228.571
-1851.43
1188.57
2445.71
-1154.29
331.429
-2548.57
3280
34.2857
3520
9440
10320
45.7143
2388.57
262.857
-80
34.2857
4880
-388.571
1680
-1977.14
4211.43
-1234.29
7325.71
-1874.29
971.429
297.143
2445.71
1325.71
3131.43
-1040
-3428.57
6148.57
-4708.57
502.857
2491.43
-285.714
2948.57
3977.14
548.571
3954.29
4182.86
2640
1977.14
-4400
-3417.14
3577.14
-2388.57
-1451.43
-3874.29
3782.86
-4194.29
5622.86
1805.71
-3348.57
-10960
-2205.71
-125.714
5451.43
45.7143
2377.14
1462.86
5737.14
-1520
-1920
-4868.57
-4571.43
-8582.86
1622.86
-2445.71
-9154.29
-640
-2365.71
-2742.86
5771.43
-102.857
2982.86
-1954.29
-4582.86
-3062.86
3611.43
-640
-1702.86
-182.857
-3474.29
-6171.43
2628.57
-1600
6297.14
-6365.71
1988.57
1611.43
7268.57
-1211.43
-6240
-2308.57
-1040
-1691.43
7257.14
-2285.71
-5474.29
-468.571
2765.71
-7920
182.857
2777.14
2822.86
-8445.71
6845.71
-822.857
4365.71
-788.571
4731.43
7611.43
5314.29
1131.43
1725.71
-3462.86
-3862.86
-2857.14
800
-45.7143
-4708.57
-2434.29
1657.14
-537.143
262.857
-3771.43
-1165.71
-4251.43
1485.71
994.286
-480
3897.14
-3680
-1348.57
-3851.43
4628.57
-2537.14
-4937.14
-1085.71
-2297.14
-342.857
1028.57
-2285.71
5131.43
-285.714
6994.29
-8125.71
1554.29
-3165.71
4708.57
-5794.29
5051.43
7005.71
-3874.29
-2617.14
1417.14
-4137.14
2628.57
-1920
1874.29
1817.14
2800
1668.57
-3154.29
-2000
-5508.57
1428.57
2377.14
-3485.71
2891.43
-4022.86
1988.57
514.286
-2525.71
-285.714
-3611.43
2411.43
-2445.71
-3600
3291.43
-5657.14
971.429
-4902.86
1017.14
-548.571
-914.286
-1531.43
-308.571
-2182.86
-1325.71
6594.29
982.857
-2480
4308.57
-3634.29
-2502.86
-514.286
-1382.86
-3131.43
1542.86
-5794.29
-1291.43
3200
3371.43
2102.86
2628.57
3382.86
-1394.29
-1188.57
3017.14
-3485.71
-1554.29
-137.143
3017.14
-1028.57
-2788.57
-262.857
342.857
1268.57
-4640
-5142.86
-651.429
925.714
-445.714
-1005.71
6102.86
3337.14
5782.86
4994.29
1371.43
-1565.71
-13680
-4320
1451.43
948.571
-2605.71
-1005.71
1462.86
2354.29
8868.57
2342.86
-5462.86
-262.857
5165.71
-4674.29
3977.14
-1222.86
891.429
857.143
-3428.57
3440
10491.4
-3828.57
