1.08
4.26
1.5
3.468
-4.92
-0.324
2.532
-6.048
-0.384
8.04
-1.776
5.832
-3.516
4.824
3.096
13.056
2.58
-1.812
-0.42
-0.924
7.164
7.92
-10.992
-10.74
0.792
4.908
-0.96
7.428
1.296
-0.828
1.176
-1.2
7.356
-1.224
4.704
-0.204
-8.82
-1.212
4.764
-0.744
3.108
-4.8
-2.784
5.94
-8.556
0.588
0.648
-11.916
1.2
-5.136
3.24
6.636
5.088
2.664
1.836
3.084
3.456
5.46
3.06
-5.712
-2.448
-2.64
-8.676
5.184
6.276
-7.932
-1.452
-8.616
5.952
-6.408
7.128
-3.12
-4.572
-2.148
3.3
-7.692
-4.128
-2.484
-2.148
-2.508
2.952
9.012
5.772
2.604
6.144
-4.824
-2.556
-2.232
2.064
4.812
-9.168
1.824
14.988
2.016
7.32
-4.872
0.948
2.916
-3.024
2.088
-1.068
-15.564
5.376
3.42
0.888
5.928
2.484
4.548
2.376
-0.3
-0.048
2.904
-2.268
2.292
-1.404
-1.968
-3.288
-7.764
2.088
1.512
0.264
-2.52
5.64
7.884
-0.252
1.332
-3.048
6.6
8.52
-4.584
6.528
-2.376
11.496
-3.504
4.188
-3.72
9.3
-2.052
1.728
-1.656
-3.792
-1.584
-0.696
-4.2
1.776
2.1
-18.816
-2.772
-3.648
0.168
4.2
3.36
-6.828
-0.984
-4.02
-0.96
-3.012
5.28
-2.232
6.588
1.92
0.84
-1.74
-4.92
6.024
6.024
10.056
-0.564
4.44
-6.24
1.212
1.548
-2.088
-2.856
7.5
-2.352
6.78
-1.728
2.916
-3.888
3.924
-5.784
4.164
1.512
6.936
2.172
-0.132
0.36
-2.28
-0.864
-2.556
-5.04
1.644
-1.536
8.544
-4.704
-3.516
-1.848
5.412
-2.412
0.048
-8.052
1.2
5.04
-6.792
0.756
-3.564
-5.88
-1.584
-9.792
2.256
-0.876
-3.384
5.736
-4.128
2.556
-4.68
2.652
7.428
6.48
4.836
-5.352
4.548
5.22
2.184
-4.98
4.056
-2.832
5.352
1.608
-0.12
-2.844
2.352
3.156
-0.6
-4.8
-2.004
2.832
-7.728
4.704
0.468
4.752
-7.08
-6.396
-2.208
-3.624
-2.04
0.324
5.844
-3.396
6.864
-6.24
-0.204
1.908
-3.252
0.468
-2.7
1.332
-3.06
-1.824
-4.032
5.712
6.504
-2.052
1.86
-1.596
0.288
0.252
-5.7
4.872
-3.384
5.58
1.416
-5.832
-1.044
2.316
-6.132
2.064
0.108
1.908
-2.424
-3.312
-6.312
6.144
5.736
1.26
-0.324
-4.476
-3.684
-4.608
-0.456
-8.292
-4.044
2.328
2.484
-12.06
-1.02
-4.2
1.632
-2.28
-0.912
2.7
3.564
-2.724
-7.392
15.984
-9.996
-7.116
2.472
0.24
1.956
4.776
-12.084
7.644
2.292
5.244
2.604
-5.28
13.848
-1.836
-2.88
-4.356
-3.24
1.068
4.296
-7.332
0.036
-2.76
1.068
-1.788
-6.3
4.368
4.944
9.024
-2.88
-6
1.608
-16.548
12.564
-2.388
-5.724
-2.556
3.18
-0.672
8.7
13.872
-0.66
1.14
3.492
4.404
0.54
-2.472
5.688
2.676
6.12
6.756
3.96
-0.72
0.156
7.14
-1.104
2.028
1.08
3.54
1.056
1.692
-5.388
-5.952
5.412
1.764
-8.064
4.02
6.144
-7.32
1.632
-3.564
-0.876
0.204
-9.54
-5.748
1.32
-0.084
-2.076
-4.344
-2.472
-5.7
-6.06
-0.78
-3.468
-6.564
1.968
-2.16
-0.12
2.628
-6.708
0.204
-10.344
1.896
-3.576
-10.764
