-2.592
2.1
-1.356
-4.836
-12.336
-0.012
4.38
4.128
-9.588
6.516
1.476
-3.372
0.432
-1.176
1.056
-10.488
-3.72
3.684
-0.072
1.668
-9.936
-4.632
-6.348
8.688
2.304
-3.192
-6.168
-0.18
1.14
7.2
0.264
-1.02
-3.378
-4.476
-4.308
1.872
2.484
-2.064
-2.748
-3.9
3.612
2.616
8.124
3.324
0.456
-0.444
0.324
-0.024
3.6
-9.648
-5.208
-0.96
3.816
-6.78
1.188
-4.104
3.06
4.596
7.248
-8.82
-4.284
-1.452
-2.196
-8.832
-3.972
-2.496
-2.484
-0.264
-3.396
-1.32
-0.288
-2.016
-2.112
6.228
0.636
-0.636
1.842
-0.936
-1.188
-4.116
-1.152
0.684
-3.216
-3.648
6.696
5.004
-0.228
2.112
-0.024
6.264
5.796
7.452
1.392
-0.936
-0.528
3.048
2.544
-0.852
2.916
-2.208
-2.004
-5.064
2.736
-4.812
-1.068
2.028
3.012
0.084
1.704
-3.252
-7.08
6.444
-1.716
3.696
4.848
3.804
-1.836
-9.96
7.764
1.716
-6.42
-11.352
3.852
7.728
4.98
5.928
-0.672
-3.432
-2.7
-1.476
1.608
7.524
3.576
5.19
-10.704
-5.142
-5.82
6.432
-7.068
-5.4
0.348
-3.108
2.808
-5.748
4.596
-2.796
-3.444
-0.144
0.84
-1.32
2.868
-9.072
6.384
1.068
2.844
-9.072
-3.528
3.084
3.57
-0.72
-3.924
-3.648
4.908
-9.372
-0.972
2.82
-10.548
8.58
-2.856
-12.228
-0.216
-10.5
0.744
1.632
-5.04
-4.536
6.336
0.864
6.876
-4.14
1.752
-2.64
-0.06
-4.872
-4.488
-3.084
-0.156
-2.628
4.908
3.24
0.792
-4.32
-4.092
1.668
8.616
-9.552
5.268
-0.504
-2.88
4.512
2.388
-3.48
4.008
5.064
-15.564
8.364
-8.532
-4.8
4.056
4.956
0.996
7.224
3.456
-4.86
5.448
-3.972
-4.512
5.94
-10.608
5.808
2.436
-2.94
5.04
1.428
-13.752
0.744
-5.172
-0.312
-4.56
4.764
-0.42
-0.72
-0.168
2.568
-1.668
5.52
9.888
4.368
-4.236
-0.432
4.056
6.924
-2.388
3.228
2.172
4.584
3.12
4.368
-4.284
-4.38
2.508
-1.584
3.48
4.074
-1.344
0.9
-10.836
4.788
-7.644
-2.52
0.924
0.828
0.6
-1.008
-10.14
4.908
-3.24
8.796
2.184
3.06
-0.924
-9.708
3.36
5.568
3.48
0.936
6.144
-2.892
1.488
10.944
3.768
3.336
-3.852
-1.44
4.68
-5.952
-1.488
6.996
-3.348
-0.684
5.568
1.044
-2.328
7.38
-10.602
-1.008
-6.108
-8.088
2.184
0.996
0.696
1.86
5.964
-1.74
-3.348
-0.588
4.296
-0.972
-6.06
-4.584
5.124
-3.636
-5.268
-6.432
0.588
-9.012
-1.176
3.276
-0.72
-10.74
6.864
-5.304
2.1
10.14
-1.092
-3.984
-3.432
11.568
-2.064
0.36
-1.524
5.67
13.524
0.708
-2.016
3.6
6.84
-3.288
0.024
8.448
-5.628
1.656
9.9
10.464
-4.848
-2.316
4.056
-2.46
6.996
-1.224
-3.528
11.82
3.444
2.904
6.348
-0.036
10.692
-2.952
-11.268
-0.828
-3.888
-3.816
-4.236
-10.5
-7.296
13.536
0.48
3.756
2.82
-1.854
7.476
-4.116
-2.028
-4.848
2.232
-3.432
5.844
1.008
-0.984
-6.492
5.4
-10.38
5.292
0.732
-2.952
-13.764
-7.524
3.552
-0.072
-6.96
9.006
-5.256
1.44
7.224
2.484
2.472
-5.352
-6.444
9.888
-0.18
