12.2286
3.82857
24.4857
-22.2286
21.0857
8.51429
17.9429
-11.3143
2.88571
-6.4
-4.57143
-21.0286
-31.4857
21.4286
-14.1143
22.6857
-16.0571
11.8286
-5.08571
-44.8571
2.51429
40.4
-39.3714
-31.6571
-1.48571
15.0286
-4.74286
7.37143
-33.2
31.2
-0.571429
-28.2857
-29.7714
-10.4571
-46.4571
18.2857
-40.5714
-28.1714
10.0571
-6.91429
31.1429
15.6571
2.22857
-60.4571
-6.17143
-48.8571
-18.0571
-31.6
6.62857
-15.2
5.14286
-29.7143
7.14286
-2.8
19.7714
13.4857
-12.5714
-48.1143
-10.5143
54.6857
8.57143
-40.2857
6.45714
13.2
-25.0857
28.3429
24.0571
-20.5714
-34.8
-74.3429
-24.6286
-5.6
39.4857
28.9714
-7.48571
-5.08571
12.6286
-40.8571
-24.2857
11.6
20.5429
1.48571
7.94286
38.2857
-7.65714
7.42857
18.1143
10.1714
-30.4571
-26.7429
-38.3429
18.5143
39.0286
20.6286
30.4
-2.91429
-22.9143
10.7429
-19.6571
-34.9714
-47.3714
-2.11429
16.2286
32.7429
-7.65714
18.8571
13.0286
-1.08571
12.9143
-2.4
-13.4286
27.6571
-24.8571
-13.1429
29.7714
-44.5714
29.8286
-21.3143
34.8571
19.6
16.1714
27.4857
22.2857
-4.74286
10.4571
-4.34286
-14.0571
-42.3429
31.4857
-34
-29.2571
-23.9429
-14.7429
14.5714
33.7714
-45.2
34.5714
34.0571
-0.228571
-19.9429
16.3429
12.5143
-4.51429
3.65714
0.571429
-31.0286
6.22857
-17.7143
11.0857
36.4
8.17143
-19.0857
36.8571
-3.82857
-12.2286
47.7143
35.4857
2.97143
7.62857
8.34286
44.5143
7.08571
-34.4571
-43.8857
-48.6857
-6.34286
-2.74286
11.2571
-2.85714
-8
21.0286
41.3143
-7.4
-23.8857
41.6
5.77143
9.08571
-2.17143
-34.5143
-46.4571
-3
-57.3714
30.8571
64.5143
11.7143
29.8286
9.37143
35.9429
27.8857
-14.1143
29.4857
-39.8857
-24
1.08571
53.3143
-6.97143
19.0286
-18.4571
-29.8286
4.91429
3.08571
5.88571
-3.02857
-61.6
-19.2571
-5.02857
-3.54286
6.97143
-31.0857
30.9143
-22.2286
-17.7714
46.3429
13.4857
6.22857
14.2286
47.3143
-38.3429
-38.8571
-36.2286
37.7143
-22.2857
0.457143
-46.1714
-20.3429
3.77143
-18.4571
-16.8571
34.6857
-7.65714
-1.31429
-55.4286
-6.28571
18
-28.1714
-5.02857
-0.742857
43.1429
17.7143
12.0571
23.2571
-2.74286
7.42857
-18.7429
-21.4286
12.3429
4.68571
12.3429
38.1143
16.2857
-31.4857
-23.5429
30.4571
2.57143
6.68571
19.1429
7.37143
2.28571
-4.28571
-6.05714
30.8571
-17.3143
7.94286
-11.6
5.31429
7.14286
-10.7429
-10.0571
32.1714
13.3714
-34.2857
-15.5429
-12
-18.5143
-55.8857
-28.0571
16.3429
43.7714
-23.8286
-5.37143
-7.2
11.8286
-4.34286
9.88571
0.228571
-42.6
16.4
22.2286
32.8
-78
-48.2286
17.7143
33.8857
-15.4857
16.4571
-4
-24.7429
-14.2286
21.3143
-22.6286
37.6
-10.4571
-1.25714
-14.5714
-14.4571
-22.5143
-17.0286
4.17143
-9.54286
-15.3714
5.71429
-41.4857
-29.7714
14
-5.77143
-0.971429
-15.2
-19.5429
30.4
0.8
-45.2
29.8286
-59.6571
-30.6857
21.9429
1.25714
-11.7143
-11.3714
15.5429
-37.7714
-1.94286
-59.8286
-23.6571
-25.4857
-61.0857
8.22857
1.14286
-61.6571
-32.2286
-60.4571
37.4857
40.5143
41.2571
-34.0857
8.8
36.6286
-9.82857
37.2
-15.8286
19.8286
16.2857
30.9714
25.4286
-41.4857
-26.8571
-9.77143
-42.6286
64.1714
14.4571
-8.22857
-0.228571
0.742857
16.8571
-4.91429
26.8
-2.22857
-46.5714
-28.7429
-31.3714
-16.6286
-6.91429
9.54286
4.28571
-14.1714
40.8
-20.6857
-2.34286
31.5429
12.7429
-37.2
0.971429
8.68571
-8.17143
24.1143
8.28571
-26.8571
-27.8857
35.3143
6.11429
16
-45.8857
-26.4286
-24.4
11.4286
5.08571
5.94286
4.68571
-4.97143
4.68571
5.71429
