-327.92
-297.109
298.743
-200.36
440.108
-514.352
-254.78
-492.704
-149.317
258.769
-98.5598
-421.674
-535.727
-623.599
431.381
130.787
-469.681
79.4442
42.8604
236.1
-589.099
-115.456
-165.601
-579.241
-142.046
-471.696
442.464
-175.866
-145.75
-318.689
-532.092
188.174
29.1772
-125.082
-162.183
-54.3924
-565.354
-40.8045
-589.589
-279.682
-252.37
441.633
249.715
197.419
131.127
-495.536
-263.044
33.3706
148.377
439.823
13.9691
-484.412
208.161
97.2527
366.532
-424.601
-356.335
-68.2253
-388.929
446.63
-186.718
242.907
315.898
466.168
-108.894
-556.858
-598.302
28.0199
-37.5913
468.21
-55.1548
-570.337
-81.7587
269.062
407.718
241.804
-512.99
-169.658
216.167
441.783
367.894
-365.525
-350.63
-411.49
-626.826
313.679
317.259
-304.162
-268.027
-124.606
435.983
491.206
-526.81
-365.756
-259.109
424.819
-516.067
-349.963
60.0018
418.828
-338.758
263.602
-147.806
447.039
456.27
462.315
362.094
53.4121
-139.677
-440.108
-352.876
101.31
395.71
-571.889
231.661
-223.778
-226.147
286.734
475.78
61.1727
40.3007
111.712
-187.929
52.8539
-440.217
148.337
406.779
434.676
-365.457
-82.848
-222.267
532.324
-452.607
204.063
140.535
-439.496
-502.234
492.622
450.756
-562.781
-122.209
-563.815
-408.072
306.898
42.5064
315.244
205.452
33.0439
-32.8669
-301.33
269.28
258.279
237.57
63.3239
-598.289
76.6122
268.599
361.291
472.826
-551.058
189.767
527.49
486.305
159.338
-578.71
195.704
414.458
-455.657
113.536
269.552
271.022
-72.2009
-505.23
415.601
-480.954
-546.116
478.694
-192.164
-567.628
409.325
-567.083
-576.654
-377.656
-347.58
-3.10425
262.05
534.72
-495.236
-203.532
112.801
-78.3005
307.919
347.499
470.62
-441.851
-327.675
-116.341
382.598
-140.331
302.187
-521.323
-500.709
230.136
503.691
-440.204
230.667
-557.675
-538.096
-515.89
-564.033
-271.662
412.701
-572.325
-408.698
-204.499
106.974
444.71
429.257
-449.707
197.61
408.59
231.961
118.615
-169.78
462.995
-137.417
243.084
306.748
-284.066
-138.82
-558.819
-460.531
-273.759
291.554
-32.7443
-357.683
420.584
427.596
-419.618
-350.33
364.395
-154.722
-299.709
349.704
-184.675
-585.954
313.12
-317.926
88.6616
-512.078
68.13
469.83
468.619
133.728
-380.229
361.046
378.922
-91.2349
351.27
-333.325
258.905
-474.269
61.7718
357.056
-287.047
-270.573
280.226
454.105
-281.329
527.926
-559.894
-547.899
-500.124
342.216
116.872
381.904
-37.3871
342.801
-580.004
-500.369
-281.179
125.109
-241.151
-255.678
-595.117
-472.404
424.247
-85.6663
-212.491
-332.563
-463.949
-609.372
496.012
-29.5856
181.285
-563.203
318.09
36.2979
-575.402
-78.6817
-598.262
-66.1014
456.773
173.906
-29.218
-217.474
349.908
-412.756
-585.3
497.918
381.387
491.043
456.011
-169.685
377.683
481.131
250.954
181.462
463.69
193.021
-584.224
314.686
491.968
-526.156
293.133
-156.37
136.914
-594.749
258.36
362.598
471.151
113.713
-91.9156
-194.71
-76.3399
-63.923
-147.302
3.75777
-491.533
-438.093
-560.738
-51.6966
-46.2097
361.1
292.385
459.85
-131.645
448.659
-552.964
490.375
203.274
-102.454
82.494
-45.8149
28.4692
224.227
-327.484
-255.093
131.672
-117.362
472.199
-576.831
282.745
-477.346
-357.152
-376.226
495.1
12.9344
-105.939
-370.372
-520.179
423.09
123.761
-136.886
-84.4682
484.902
-61.0093
-529.791
-629.753
-416.119
-529.342
-263.085
-415.506
-60.7642
423.634
-235.405
-393.273
276.999
-235.419
-29.5312
333.597
-379.371
-18.2987
-510.376
-151.237
-462.07
-538.001
-513.576
-487.339
-175.213
-425.568
-24.3574
304.23
-383.551
498.068
-409.12
118.193
-535.823
-238.959
257.843
-488.006
474.473
-593.17
-288.572
461.498
473.792
-418.474
486.305
-207.617
-235.242
-4.30238
-72.3099
57.4149
-13.7376
-297.204
394.239
-508.347
-603.177
-387.854
-576.477
-579.296
190.652
-591.863
-331.732
-444.901
-124.674
367.023
-272.098
-498.313
-528.43
-101.501
-629.032
273.296
306.599
408.481
227.236
155.825
-616.56
-586.566
-412.579
168.555
178.222
381.727
-610.815
131.318
-396.962
-592.203
-600.127
263.956
-465.705
359.548
184.961
271.826
-615.893
33.0847
-381.536
-206.664
488.02
-506.945
-417.439
-434.431
-236.917
-153.674
-551.235
59.5933
495.359
-247.877
-491.22
-573.196
-263.997
-547.028
416.936
-520.247
408.44
265.318
-109.493
106.988
-386.37
97.3344
-513.276
61.5539
25.5964
160.944
492.363
41.3082
-517.565
428.822
-106.729
-541.541
-406.629
65.2164
317.137
-326.831
-542.426
405.172
150.501
-396.309
95.0471
70.1451
-133.837
-461.947
-607.847
3.88031
213.294
-570.46
-1.7155
-553.454
297.49
309.948
-185.492
-227.386
359.575
134.299
443.417
302.814
219.571
470.606
258.714
-35.5082
-493.099
272.874
-445.078
317.096
-59.784
420.53
-412.075
206.201
294.359
-355.736
-265.713
-450.742
416.418
451.205
485.733
-327.607
163.422
-142.591
-579.908
312.235
-388.807
366.315
-160.658
56.2032
231.212
-611.414
-224.078
-491.179
-355.953
-243.847
367.54
-189.713
127.043
-527.803
60.4103
-162.102
333.597
256.345
-243.125
264.092
-513.698
409.039
338.975
-427.678
182.116
-345.157
-313.91
-622.742
-583.816
392.51
399.59
103.557
362.788
463.118
-41.1857
-611.06
272.915
-441.919
-448.209
469.041
250.219
301.534
451.355
-567.737
174.655
264.664
292.847
-425.568
-8.6456
-514.433
260.879
-513.031
5.01036
174.396
216.344
215.936
341.481
148.364
-9.21743
120.181
121.882
-472.417
-561.664
-18.6663
-96.8171
-242.771
-146.648
-588.867
-294.971
-523.855
-296.891
-547.396
155.798
357.233
-437.603
-2.35541
8.22353
74.5427
415.084
318.934
-44.6576
140.862
-312.535
-500.464
26.6856
225.725
311.759
233.853
76.8165
-1.08921
133.496
-150.297
-437.522
-557.607
282.2
-412.116
-548.267
-456.733
-463.186
-320.404
278.824
-117.934
-200.823
-195.39
-240.429
-47.435
172.49
-589.044
375.586
338.295
-357.683
-526.959
-607.043
349.486
138.697
-35.8486
10.3883
-306.599
-576.382
-121.188
496.911
-582.945
551.344
14.255
-216.072
-439.087
-77.7014
-532.337
-408.195
-602.387
527.286
347.158
-611.319
196.956
201.231
-553.985
-167.915
33.7382
-231.593
453.165
56.8159
-587.301
495.74
-169.168
62.8065
-351.243
283.78
-159.433
209.21
-194.465
-300.499
445.909
455.248
28.7007
-149.467
-414.539
298.743
190.013
178.875
-507.885
-481.88
152.353
-504.821
458.611
-594.327
-404.696
-608.5
426.97
385.784
138.166
-103.516
218.073
-405.88
243.602
132.407
-53.167
449.258
-108.758
-284.76
-143.313
-525.38
376.757
-557.117
31.0833
506.033
229.401
-354.388
-96.4631
-524.332
-469.34
-586.975
261.655
-581.379
388.412
184.43
226.732
-429.271
373.776
496.461
-383.116
-551.004
387.718
-432.198
50.1989
-520.628
-296.905
-7.88315
-490.457
-291.214
-495.045
66.0605
369.65
-411.19
-258.973
372.714
-479.837
497.061
106.307
107.219
10.7015
-128.744
258.347
-534.829
-275.257
500.75
463.023
-427.977
-581.161
91.1123
-210.326
19.0612
269.783
-312.276
-600.944
173.171
-282.255
-177.609
223.206
510.349
383.075
365.307
-399.386
-11.7635
409.583
-490.934
218.509
-246.406
-530.213
-47.7346
230.613
-471.777
-185.792
-78.1099
-574.299
-482.669
60.0154
-530.731
-605.723
-323.059
127.723
-146.594
-471.028
-496.434
-511.234
200.918
-43.65
-115.361
-20.1504
-364.027
326.3
-599.855
364.912
380.161
184.458
199.965
-336.389
-255.61
-525.298
431.831
505.488
-346.886
200.7
-89.4377
-546.987
-594.613
334.305
356.321
-544.237
-329.881
-228.257
-531.629
-543.815
-2.42349
275.638
-354.783
453.628
-24.303
98.1105
-599.324
-472.199
497.101
-501.907
346.763
319.628
43.8543
-466.086
-17.3457
468.836
-166.295
-53.4938
-89.0156
-612.626
18.6799
-432.171
239.136
264.8
-236.835
-65.0802
-231.498
-159.814
-308.9
315.721
-462.846
-392.905
-299.464
41.6759
-593.51
-511.356
-160.073
-65.2981
368.057
-615.852
-584.483
-563.325
-314.455
23.3091
-406.057
-608.01
538.219
116.396
-92.8551
223.928
7.07986
70.4582
-314.536
127.165
-62.1121
392.633
17.4273
-41.5806
-44.8618
-601.693
-554.04
-56.2168
456.773
61.1046
410.332
267.782
296.483
149.671
-45.1749
-349.296
153.674
478.353
401.659
-507.081
-234.071
-582.087
-498.722
-407.078
419.509
-375.682
397.194
-250.75
-473.329
291.854
255.542
324.203
462.764
299.873
-315.04
420.979
-583.707
139.119
-412.742
-577.349
-574.326
-61.8943
-530.404
-490.158
-502.969
-414.648
-435.166
439.074
-462.941
-342.012
115.647
-191.265
403.702
-175.131
-565.694
-78.8315
-155.757
121.733
508.661
352.386
114.34
-197.8
197.283
115.361
145.763
29.4086
-558.928
-369.773
-238.305
87.1503
118.71
-441.307
-559.894
-164.498
439.591
412.701
-125.164
300.063
229.183
-617.064
-578.915
428.74
-240.266
-6.52164
144.102
196.902
-573.387
442.001
-286.625
258.837
-525.693
-264.065
490.403
-104.877
-553.196
185.901
-436.841
-488.211
3.11786
-560.766
448.74
114.122
-294.617
-177.024
-387.881
418.678
-557.716
-151.06
-74.9784
-456.678
440.762
-435.629
-477.332
-212.355
-120.208
-558.179
194.791
454.949
-554.013
377.452
311.595
-190.176
-566.389
-572.679
350.126
-558.574
379.834
170.625
331.596
194.737
-532.119
-544.468
-472.54
439.945
-242.717
265.658
-426.316
458.952
-335.041
-592.217
-367.118
411.68
-359.167
234.017
458.217
-616.751
-620.863
-232.641
142.972
338.54
-323.114
310.356
285.25
-623.967
124.551
32.1044
-414.213
-608.473
424.805
-256.032
-115.483
171.237
-56.1487
489.273
-454.581
-336.402
310.683
364.231
-30.4979
-609.099
269.252
-97.8927
28.9321
477.618
376.594
-474.745
457.386
312.099
-537.32
-145.954
64.0183
-478.027
169.263
249.061
-71.139
-20.3274
-459.932
-405.431
-598.765
216.249
-480.613
-568.336
-521.391
-509.3
-209.305
124.905
-61.3633
-237.42
209.046
-585.736
139.392
510.539
491.083
-28.1152
-451.926
-11.1372
497.265
-577.512
337.246
-59.2394
40.505
-180.087
-472.472
75.5503
-573.278
384.831
-415.125
254.099
-530.104
93.3861
-49.1506
-530.322
-310.125
-595.838
-577.594
345.007
-20.6269
-11.709
-338.404
-70.7986
471.927
-418.651
375.273
-578.37
182.225
258.714
276.605
405.839
-565.626
-437.208
-67.4084
-314.223
-572.611
-276.645
468.074
306.762
-558.043
348.016
331.841
-468.836
-20.5044
-557.58
382.585
496.815
414.458
-442.301
355.041
-4.4113
213.812
-377.724
-549.683
160.114
-587.478
66.0605
-420.584
-224.772
405.05
16.1748
-247.509
444.778
90.9081
-466.154
-532.351
310.179
-556.722
188.733
292.589
534.638
516.557
368.384
111.63
-470.143
-281.315
458.217
442.913
3.71693
345.375
336.484
-44.6712
358.037
-189.876
-124.932
444.765
-85.8433
-81.5818
453.165
-31.9411
-12.6757
329.036
-29.1908
-515.278
434.077
-446.48
-515.577
-597.989
107.11
-431.939
-604.361
489.341
-481.648
266.325
-264.977
-568.322
-520.097
-87.0414
413.668
-236.917
-144.919
-413.736
258.524
54.5558
317.981
-224.023
374.906
-153.047
418.937
-241.518
-52.4726
-70.0634
-170.924
348.533
434.472
-563.747
113.945
-547.641
-618.752
414.349
-428.971
318.526
231.062
347.362
112.638
-337.736
59.4708
-544.073
-32.3087
-439.21
366.042
-503.759
-482.669
-17.9039
119.214
-125.368
-204.676
-534.747
-511.506
-202.089
-217.243
-421.837
451.858
-79.1991
-577.403
-473.629
538.165
188.46
11.7771
245.399
465.868
-535.986
248.462
-595.566
410.7
-161.516
1.47043
-493.153
158.779
-234.874
-132.829
-388.984
283.78
-1.00752
-538.559
220.061
-160.495
268.136
412.483
-445.024
370.767
-192.191
-602.823
-346.532
-558.791
120.97
-404.11
167.275
344.394
491.642
394.716
-558.056
-477.686
-628.351
-354.783
427.269
-388.916
-326.245
-407.391
24.2757
272.398
364.831
-397.983
343.782
-436.827
-453.288
-584.238
380.202
394.416
-484.875
-462.873
-429.271
151.904
123.448
502.166
43.7317
-441.198
-482.955
389.052
506.537
-81.2005
17.5226
448.114
482.751
122.917
108.608
-400.339
-316.864
-75.4005
241.273
74.8014
492.745
452.212
413.137
-402
375.219
-318.076
-377.561
253.908
-24.4255
401.02
510.948
79.0221
-375.164
-523.011
-326.341
359.126
325.701
-156.22
37.1693
311.555
-111.617
-530.295
-434.308
-299.369
-570.718
-479.974
44.3716
-352.318
246.365
454.718
-135.634
-503.378
-594.763
-84.6588
-521.459
364.109
-547.545
451.423
315.993
92.787
-450.156
507.694
512.201
39.0209
-275.747
-561.937
471.342
66.5643
-420.911
170.774
-343.305
-484.603
410.087
-547.518
325.524
393.79
225.888
329.377
237.625
-300.091
105.504
-534.516
230.3
-601.91
-472.581
28.864
-290.369
-334.428
299.75
367.308
-452.839
-495.032
344.108
376.621
-405.417
-599.419
271.839
322.365
-113.046
430.088
-336.075
150.787
-245.521
522.453
299.41
430.646
120.521
320.159
-481.185
-265.1
-573.55
-270.165
420.966
-4.46576
-549.615
405.322
385.811
469.953
223.969
-573.931
-134.272
-66.0469
-575.415
-562.318
51.4243
-390.032
-188.147
-546.225
-470.552
358.486
-590.964
-362.639
338.376
447.638
232.873
-538.587
-550.255
342.175
-56.1623
300.322
-321.875
-373.149
449.939
-129.235
-74.7061
581.216
292.589
314.237
226.664
12.2264
-213.499
-231.539
-201.545
303.835
-191.333
-561.092
199.121
-268.939
-274.004
195.173
-240.62
-598.684
-259.613
356.444
-59.8793
-549.533
-425.568
325.959
333.298
-576.913
-287.728
-372.509
402.095
528.716
-560.085
-612.789
3.48547
-83.801
-334.374
-607.819
444.955
179.801
11.7362
-464.262
295.067
-453.22
51.8736
-251.049
-568.186
300.867
317.464
514.651
89.6419
-186.391
281.996
400.911
67.3948
-580.63
164.225
-595.688
-527.15
-427.787
-417.698
400.148
179.379
304.829
-139.351
45.5289
207.889
-430.346
-596.369
-360.174
-282.704
-594.313
263.003
-174.546
-105.572
-543.828
-224.745
38.5035
146.553
-325.66
326.177
488.878
19.6602
-277.912
-379.412
-415.002
-240.865
308.804
-447.393
440.163
-155.24
-403.048
-585.191
-598.425
343.795
170.557
-546.551
-54.4604
-409.297
208.665
-535.305
284.107
-164.294
-369.228
473.003
-335.259
448.931
-450.728
-537.266
338.839
-131.903
-35.2631
-117.88
-440.381
-588.404
-570.841
-331.923
-540.847
-465.923
-147.52
-552.501
416.473
-124.891
-515.604
84.8358
-304.856
345.906
-295.23
-138.507
267.02
245.113
-522.888
235.106
-318.798
7.20239
346.409
-261.315
-407.105
308.614
34.95
-603.994
-2.54603
-549.642
-517.361
450.647
86.5649
-503.187
-39.3204
-299.274
142.196
-141.72
334.101
-618.276
-402.572
-584.742
-391.353
69.4643
-486.019
-623.096
-59.6342
155.253
347.43
-506.06
-185.002
232.315
392.701
-607.915
-266.815
-409.039
-413.899
5.09205
371.747
-302.514
218.386
-132.026
-348.928
-486.305
-337.832
274.494
-304.025
-86.7963
354.374
-544.604
-442.192
-202.811
340.882
-140.372
502.929
-463.976
-20.8992
-188.025
-157.649
-192.545
-37.673
268.313
-455.888
-511.547
432.43
215.554
213.077
-392.388
-502.929
-532.269
-614.15
372.509
218.795
-218.06
-531.384
-1.19813
158.276
-448.4
-354.061
-519.28
-590.978
474.323
-22.9278
508.293
377.329
417.044
-366.328
231.43
-338.24
-218.958
-575.034
-94.0804
-212.75
-142.945
-505.23
95.0063
36.0256
441.198
310.139
-147.71
-577.09
-384.464
470.198
-300.608
261.505
-70.499
-546.429
-360.515
-108.363
314.128
453.288
-12.1311
-610.733
-533.794
-559.813
529.955
-520.274
462.124
324.435
-260.239
270.573
-404.573
-133.387
189.727
-547.069
-382.108
92.61
-559.213
92.433
-180.005
453.165
-491.492
-26.318
364.803
-321.616
-565.939
-26.8354
-186.404
265.876
-597.254
456.773
268.095
140.876
-172.463
251.403
366.777
460.055
-577.961
121.692
-524.549
236.113
-173.13
-533.917
322.27
298.906
-300.962
-437.522
444.71
-516.244
-11.5456
237.842
-613.865
375.995
246.393
-270.206
398.188
425.309
167.67
-403.62
-336.361
-479.279
-593.551
157.009
-315.285
-460.667
-520.084
-403.92
-569.057
-473.806
211.388
34.5143
-622.306
-191.565
-423.471
117.281
-418.106
-455.058
220.429
-292.956
337.342
-268.572
343.877
-572.025
163.94
-180.101
-485.106
76.762
399.59
-18.7752
-379.358
81.4728
151.849
-333.829
331.787
-289.879
-380.583
-40.6003
335.817
-351.569
-119.119
-471.45
423.022
-587.683
-254.739
303.304
205.357
-592.339
417.916
265.073
333.243
-90.3363
176.152
-489.559
285.631
282.173
-481.961
-110.446
-194.424
-482.86
-338.063
-36.0937
419.223
246.828
-469.313
327.049
-5.37797
235.106
-62.6704
490.593
-427.528
-593.033
-270.41
455.684
347.689
-446.222
-12.8391
52.7722
9.92542
-594.613
-398.528
-463.145
268.967
305.278
-568.812
-117.512
-250.123
-554.326
-351.093
-369.569
-356.471
-517.47
-266.026
-142.06
464.507
478.843
-53.4665
-291.282
152.408
310.738
375.518
65.2164
-188.842
35.8214
427.896
-254.752
49.6543
-583.802
-34.1467
-622.782
416.309
413.137
-446.821
60.8596
-50.7027
-349.731
446.807
-591.413
-472.921
-596.383
378.078
384.532
225.316
-363.224
356.13
-314.564
175.104
-558.097
361.073
-208.638
-309.648
117.158
-500.029
-318.403
-185.901
174.723
-444.465
-101.133
-392.755
341.78
-116.695
-233.935
-501.553
-448.495
13.4109
260.035
-259.205
-386.533
386.288
-487.652
-214.765
-382.707
51.1792
-169.44
458.149
-604.729
-110.133
512.323
-520.628
359.33
198.018
-466.059
-477.142
114.435
399.631
-82.0719
55.8083
-135.729
-200.918
-561.052
-75.9587
-209.264
154.967
-580.957
-327.716
377.043
-452.457
-549.628
131.291
501.54
154.273
-408.848
304.216
-448.25
437.876
-531.384
183.382
-159.828
-133.06
-342.08
-139.446
-105.476
453.547
-288.028
-581.256
230.735
25.433
253.473
-79.2808
-137.063
45.9374
-458.285
161.012
335.245
-466.073
449.585
89.1518
-223.097
-583.149
326.558
461.171
426.82
-41.5261
-292.725
-384.886
-211.565
144.865
-499.048
-189.659
-257.475
-58.4905
-572.665
-176.098
-47.3397
-350.153
-90.4043
27.8565
-225.82
255.27
-619.488
-556.953
20.8175
30.4434
346.695
261.56
466.1
57.837
496.475
144.021
392.701
131.495
180.346
-418.923
156.519
-391.543
-346.45
272.125
441.021
198.536
303.889
-590.719
-422.014
461.185
274.93
-139.841
-526.66
-534.148
-465.038
-296.347
518.913
-407.827
-203.246
434.009
-78.8451
-623.055
228.993
407.963
-89.4649
486.005
-165.315
8.97236
-550.214
467.298
-144.17
360.147
201.408
137.104
396.704
-584.17
-4.38407
-598.888
-584.864
-379.576
463.908
-573.169
-164.416
293.937
253.01
419.781
-539.308
-303.168
397.847
-197.705
33.6702
-71.0845
-488.537
-124.959
-117.253
-69.6413
184.607
-354.415
198.563
145.477
159.664
486.74
-420.053
-137.567
-34.4871
-15.0447
-174.165
94.1077
-75.3052
-536.027
-387.336
68.7699
-443.444
-41.1857
223.86
19.7555
-518.709
399.535
172.136
-37.496
400.257
311.841
-547.287
437.208
-450.456
-469.15
-163.313
184.553
-609.712
-335.259
357.41
-149.508
-222.253
509.246
30.8791
-150.488
-508.402
-359.834
-129.521
-569.18
-598.765
26.8626
-548.975
-22.2607
113.931
-233.063
438.665
437.426
-603.735
-429.598
446.058
-382.925
433.274
-291.105
-217.256
-101.637
-5.47327
-496.938
-121.311
131.032
-550.527
368.507
155.417
-448.441
-469.408
-180.073
2.68218
-141.053
-185.166
-83.3926
-121.12
369.147
483.949
-590.46
315.367
234.085
234.575
146.036
500.777
347.526
-252.057
-128.949
-242.54
-65.8427
183.123
471.464
-344.326
-581.638
312.971
-46.1008
381.046
-609.889
465.106
77.4155
472.458
39.2251
152.693
201.967
-577.049
-138.738
403.702
464.166
-427.814
-108.009
372.047
-574.054
-40.4913
-183.695
467.311
-560.875
-40.3688
231.511
-604.307
-132.312
324.802
-461.879
411.639
-446.766
361.781
-122.114
-280.893
449.952
-504.808
359.738
-413.981
79.1174
-122.277
-537.851
448.114
467.597
-325.034
189.972
340.214
314.101
-272.506
-574.735
113.251
-360.011
-620.427
71.2751
-610.175
-552.964
-533.467
108.608
296.605
-308.872
-251.703
388.412
-421.061
493.983
-554.053
-248.748
384.15
-92.1607
-199.87
-309.894
-526.81
-555.143
-284.052
195.377
178.372
-32.9622
-568.812
-562.114
-173.239
233.104
163.517
57.5647
-386.016
-415.724
238.373
144.552
386.724
-243.602
-518.178
-257.421
-386.138
-414.022
-516.503
-474.8
-344.653
417.507
-31.4918
377.098
-332.576
-97.0621
-594.095
-444.384
443.172
391.285
-424.029
-452.879
-291.377
34.9228
-359.167
-417.14
494.446
235.31
240.525
-557.389
-53.3032
187.957
359.017
-224.282
-556.245
-15.0311
-568.131
227.767
97.103
-483.541
439.251
480.232
109.411
303.903
379.358
428.508
-599.038
-415.697
426.534
-549.329
-504.671
-571.426
158.466
-360.365
418.515
237.107
-183.709
-287.184
-540.711
36.08
-592.353
-361.754
-408.059
385.321
-536.258
-289.539
407.473
-186.35
351.256
189.032
384.641
-150.828
-498.599
208.284
181.34
-275.134
-619.27
300.812
-81.0235
-69.5051
-496.271
359.058
-351.569
-605.559
377.533
-268.231
-593.769
206.827
-559.676
-461.049
278.17
24.5344
126.893
-454.895
-172.599
491.928
-172.599
388.848
238.428
156.669
-440.748
-480.668
-598.861
424.41
-562.808
-539.376
236.004
-220.783
-615.104
224.214
442.083
224.2
366.083
-285.74
-424.41
-105.585
-334.836
262.704
347.145
-234.956
419.168
480.001
-113.686
-572.815
-174.314
-564.837
-252.955
272.575
-498.953
-538.913
-550.268
232.492
-475.93
-466.576
-269.593
359.956
-380.079
-500.301
336.797
-288.967
-0.353993
476.597
471.11
-347.512
-215.677
-18.0809
94.8565
-259.558
-545.067
-60.5192
-562.331
376.131
-81.5545
304.189
-193.961
55.3182
59.6478
375.927
331.065
-566.007
-524.971
-369.473
445.323
255.419
429.952
332.672
-536.817
-261.383
455.997
24.657
-347.88
-566.879
345.198
-211.279
144.157
-6.88925
-536.503
-595.92
-472.894
257.816
-109.833
-406.643
-406.52
-66.0469
-553.59
186.609
-460.872
-373.64
1.22536
-196.194
-563.039
-529.383
-453.206
398.596
-469.054
14.8269
-207.276
479.987
-177.31
-528.511
-513.943
-425.214
-483.922
-583.843
194.247
-120.276
-420.23
-303.917
-461.648
515.931
-36.8153
-268.245
-11.001
-456.583
333.502
-547.668
-10.8785
-420.721
-593.102
452.417
38.2176
446.671
-55.9445
-472.24
121.406
34.6368
288.055
310.302
-242.907
-483.786
280.676
26.6175
1.57935
17.1278
-528.62
-28.7143
-351.46
-537.021
176.22
336.32
282.514
227.223
-154.205
237.516
-135.634
-347.036
39.5519
210.258
460.463
-512.663
19.5105
456.079
-577.662
287.633
-406.479
424.056
-99.4175
-509.831
158.044
-385.975
276.931
-284.583
91.3302
-428.018
376.022
368.071
326.45
375.246
407.078
-104.169
207.59
-241.273
-116.94
-591.291
146.703
-400.843
-277.544
-593.769
-115.443
-133.183
-554.162
283.698
-332.277
-545.285
329.431
-539.308
-477.019
-590.242
-230.803
98.7232
-422.776
70.962
-216.453
-77.3883
-116.613
418.392
-608.065
-137.499
-369.569
-372.482
267.292
-399.331
447.665
-307.647
-603.762
-278.225
-86.279
-409.297
-423.607
-525.448
206.609
259.028
198.998
-387.69
-39.0073
-581.474
290.165
333.475
-404.873
-273.473
366.138
-163.912
-402.422
-279.219
-549.52
-500.151
344.367
260.266
-431.613
-105.258
410.414
429.094
-183.028
-591.182
-479.415
308.341
-499.116
371.529
-528.879
-227.427
406.357
-111.276
305.509
313.733
-216.97
-522.099
438.475
209.918
429.38
23.0095
-597.635
-565.259
342.597
-602.251
422.096
390.931
23.241
-597.622
426.561
-511.343
-312.126
276.673
-302.106
-124.252
-588.173
-108.526
222.852
-37.6322
325.932
-42.0299
-131.304
-167.466
-259.354
294.658
-574.857
423.226
-274.453
514.815
-546.279
-101.841
498.163
428.413
-573.183
-9.1902
263.003
-107.573
205.724
503.01
224.132
-55.8356
53.698
389.937
364.613
-447.924
316.306
373.381
-308.695
-469.313
-609.072
-587.124
-182.551
-477.155
-165.955
-192.49
-181.775
-451.613
149.072
19.1156
-63.9502
-602.945
-495.195
-607.384
438.951
-575.143
249.306
-537.511
-243.86
354.497
170.23
103.148
483.786
-328.328
42.5608
-448.25
472.758
-440.095
408.372
420.326
-358.69
89.4649
-566.062
420.544
155.743
468.019
306.994
508.538
-425.186
-476.338
-606.921
-457.536
463.717
-177.296
290.465
149.793
-419.414
437.903
-612.775
-234.983
-523.692
444.234
390.631
-132.475
-553.849
-530.513
-501.581
-423.199
-42.4111
-340.514
409.965
178.426
489.981
-532.269
388.548
-212.573
-564.278
-35.1406
-96.8171
484.412
214.738
-368.357
-382.326
440.912
418.379
-181.83
-55.4544
355.082
-581.801
261.002
454.513
-397.207
-55.8764
413.872
433.914
323.754
-223.097
35.7669
-376.962
294.127
-331.759
279.763
427.446
-108.335
129.425
428.985
444.506
-400.243
-200.891
489.518
364.313
89.5194
-328.396
-374.661
-304.325
-404.287
258.211
290.792
-271.621
-168.569
-531.52
-415.52
205.275
-456.828
-561.011
-525.925
-75.8089
-72.9225
-25.5283
30.1711
13.9963
112.093
13.5879
137.363
-543.338
-74.924
157.54
160.549
-598.575
229.741
184.703
-635.567
202.252
405.376
-248.571
-239.953
341.835
-4.39768
-608.432
-219.462
51.6285
-536.803
-374.96
437.454
-510.199
171.687
-471.355
474.133
192.913
-155.566
-32.7307
27.6251
-498.054
115.905
137.513
419.972
322.433
-64.3042
319.302
-563.489
-479.837
-81.4592
-37.9181
7.13432
-417.671
232.342
-260.716
172.544
-506.564
-253.404
-581.338
177.391
-478.299
373.49
474.881
-575.361
-515.223
-259.368
-539.281
113.114
358.064
56.5299
-95.6325
-600.603
-14.7043
422.096
-435.915
-373.885
63.3375
468.877
-288.082
8.03292
191.851
-569.874
-22.1382
475.127
-521.786
478.966
78.7226
-615.172
-418.855
99.7307
432.389
-208.897
-325.074
-596.083
-185.274
427.773
-31.0833
-549.479
-35.304
332.712
-414.39
476.447
112.665
-421.551
-199.244
14.7316
-388.003
-340.092
-590.433
-248.789
-424.832
-584.184
-51.3834
-43.5003
-318.607
420.367
153.973
-601.393
-272.044
477.972
93.2227
-291.772
450.565
-564.374
360.705
251.022
42.874
-318.212
-289.648
232.165
-270.805
-481.417
348.901
-211.238
-69.7638
-377.629
-198.277
160.944
-461.171
266.203
345.797
-44.2627
-151.972
157.227
481.825
272.003
-628.46
363.687
419.182
-381.046
-174.287
382.925
-527.245
-34.6505
359.657
215.936
-185.465
-145.069
5.82727
52.1323
-93.7128
420.149
-351.637
304.134
-94.3119
454.69
-137.077
186.908
-221.913
-514.42
356.866
-241.001
-351.188
371.202
2.39626
145.369
-192.858
462.111
-215.473
354.007
-358.758
-454.935
449.68
373.966
-180.509
-449.571
373.449
-528.77
342.706
65.7746
-479.089
99.2542
501.036
-611.713
472.077
89.778
-615.703
-154.395
414.553
-363.238
-285.713
-565.694
-505.407
-208.338
-524.604
-209.714
400.121
125.055
-29.1772
40.3007
-564.442
13.6423
-300.717
-251.934
-399.018
-577.281
-573.686
-133.537
407.623
-384.804
247.713
-445.024
465.936
112.937
215.731
-216.576
-483.445
-326.872
-78.954
-283.548
-466.59
-412.034
-112.774
407.745
-221.708
299.396
327.988
420.394
496.666
-403.892
-496.271
306.272
89.2607
56.3121
-588.609
123.843
427.637
-497.169
-460.844
540.779
-359.425
131.944
-366.968
-514.365
-471.696
-569.044
-30.4434
-66.115
-521.772
-432.511
371.815
469.408
438.175
427.705
81.9357
-305.7
-510.893
419.699
327.675
-71.493
440.558
-424.819
-531.017
-250.423
-453.056
-390.999
-405.921
-395.669
-270.6
467.175
-522.766
419.768
-258.578
-18.7889
464.765
-404.178
-158.779
-30.6204
67.6399
-118.751
61.2952
-536.558
-621.557
-610.406
110.813
-545.952
114.98
-404.083
-539.771
-272.493
411.667
-474.391
-332.958
386.165
68.5385
-147.098
-211.116
-38.4763
-476.461
441.307
-151.863
-426.18
64.8624
80.8874
275.066
-255.256
194.9
-511.125
-331.514
-523.392
438.475
464.602
-370.59
-565.531
89.2607
-201.054
340.528
-100.657
-546.878
253.595
72.8953
385.103
-53.4529
311.623
-576.954
-200.523
417.698
328.778
-200.7
-206.827
345.007
10.2249
354.728
-248.571
-258.81
464.357
317.273
370.277
-571.317
-588.459
356.879
-307.879
184.049
218.808
337.791
-612.68
-509.096
-497.047
-523.801
-125.872
-580.439
393.844
-176.207
-290.002
-43.8679
72.8272
437.726
-262.418
379.14
190.598
-164.239
-561.705
-375.301
-467.257
-572.529
-604.429
61.5539
-546.892
-449.299
-256.332
-127.083
-600.508
-520.832
70.9892
73.154
360.787
-576.627
-606.322
-2.76387
-46.7815
-340.909
-42.5336
295.965
-595.988
-543.951
-602.496
317.464
-309.063
-505.134
-612.135
495.903
-369.269
-245.63
76.5169
140.331
65.2164
412.797
-101.8
377.642
351.637
-611.809
-238.128
365.266
-314.169
420.135
-79.2672
-535.128
72.6639
22.5739
185.097
384.6
-477.223
338.363
-94.5978
2.65495
156.506
-192.885
254.752
-519.43
43.2552
271.73
-204.431
447.597
-533.944
-561.324
137.227
-597.948
-330.044
-562.794
399.549
-534.502
270.628
-592.816
-352.482
501.336
-555.524
-209.55
-559.704
-206.283
323.1
-27.7748
83.9235
-522.235
-79.1991
54.7327
379.548
-554.979
-484.671
-551.63
197.269
378.691
162.946
-453.37
-547.355
353.761
208.189
-112.951
234.18
232.628
448.264
-607.724
-473.098
-364.517
75.4141
-256.958
-511.22
-316.973
-55.2501
247.182
-573.686
441.416
223.206
-65.4478
129.657
-148.5
-93.6175
-332.917
-94.2438
465.827
406.411
-402.013
472.24
107.614
-92.6372
172.708
143.925
-349.895
488.674
302.119
-538.614
367.785
234.466
100.452
-69.2873
-157.05
-255.882
160.059
72.2146
442.641
-617.758
-490.348
523.297
-283.385
493.276
-549.247
-583.367
409.012
76.0404
-7.77423
79.5531
-517.701
400.911
-558.383
-174.192
-142.128
420.843
43.8679
-6.26295
-281.942
-413.409
462.533
517.851
-371.611
-64.522
-370.726
412.32
-352.754
364.98
-258.224
-282.16
171.932
135.43
380.828
-517.252
296.088
369.283
-440.925
-186.772
-541.146
-255.134
-288.205
78.2324
-456.038
112.965
-511.084
-502.221
113.169
-488.891
-524.1
418.678
-554.176
219.544
-518.736
-596.723
91.8339
-523.596
303.059
429.216
484.902
266.911
349.663
-270.192
-125.341
-90.9898
-62.3981
457.631
-524.332
365.675
385.24
-492.391
328.151
-531.398
-577.907
-431.368
-353.135
145.859
67.6399
70.8939
-169.535
-246.161
-473.561
-271.431
460.286
-329.377
-568.581
-417.807
492.227
173.879
-581.297
-220.442
410.005
160.127
497.728
129.657
-468.169
-334.551
363.523
-506.019
-261.097
-475.875
-310.084
-481.104
422.981
467.652
-535.305
-231.784
284.992
-560.629
-503.841
-412.143
-36.9242
-26.7673
186.119
-449.598
421.36
-255.134
413.559
-230.027
173.797
-486.1
24.0034
441.17
-509.6
85.6391
225.289
499.184
532.446
-260.879
150.556
-365.062
-536.149
-211.906
-218.618
-424.206
288.232
-280.076
458.598
-198.876
-377.629
-522.126
-33.3026
-558.056
-460.558
-594.885
470.606
-550.241
-337.927
144.429
54.0111
407.051
170.203
207.467
285.005
-307.824
-274.59
66.6187
162.333
336.96
-419.359
-542.412
-463.104
-194.519
-86.878
-508.225
-55.9036
-598.874
-518.259
242.308
-469.626
410.291
321.861
-272.234
421.701
-397.235
70.2131
-241.505
15.2625
-566.116
191.837
-389.202
-322.978
-545.598
413.205
364.626
-150.011
-330.248
-564.237
142.632
-209.863
428.971
-206.637
-186.854
-68.5793
91.6569
291.568
-51.9417
-588.159
-571.195
95.5781
285.74
-317.981
278.102
-163
301.915
-480.001
-547.069
418.637
236.249
110.173
-36.7608
407.065
-527.844
-496.72
386.778
-296.347
448.604
-536.749
480.94
73.7394
-290.955
147.288
336.198
452.403
-336.062
-362.965
99.2133
-610.869
325.265
-232.982
-458.326
-553.277
-98.4645
92.2424
-239.435
155.485
-405.812
-437.317
409.733
-428.685
345.62
444.942
275.842
277.394
-276.346
320.84
-398.038
196.262
266.053
-76.2446
132.298
-213.567
302.541
198.617
479.565
281.996
-513.957
-216.181
-183.069
182.619
64.5356
-611.128
-513.644
-335.422
-393.409
61.2544
-573.891
-246.924
76.2446
498.49
-455.507
396.921
-58.0685
-426.167
-457.413
-85.3668
29.2997
-447.937
309.308
233.513
-418.066
-243.343
11.1099
172.245
178.222
50.0219
-206.119
236.685
78.9132
217.433
-170.298
-44.6031
209.632
-198.141
506.659
-405.608
126.348
92.2696
154.382
439.632
-88.5799
-585.137
34.4054
-266.761
351.923
-485.678
-28.4692
-167.343
-505.338
151.781
-81.078
-489.79
306.408
522.997
377.942
356.362
-580.657
530.894
106.402
-308.137
-507.966
-214.397
437.685
241.546
-550.064
-569.547
224.745
-578.574
49.0416
322.501
-318.771
-454.282
-334.986
-367.05
-281.547
516.367
-199.679
-277.136
-382.408
-577.471
-485.569
167.112
-236.889
-203.505
204.308
-466.073
-530.744
-466.168
-574.517
-602.877
412.388
-293.95
-250.6
49.6135
196.616
310.724
-171.755
-358.608
207.304
-382.176
356.335
176.942
521.799
416.854
190.394
-216.712
314.945
-508.715
-39.1434
400.57
291.377
203.668
-134.286
-506.577
426.398
455.112
-541.119
382.83
-264.637
-502.343
-496.952
-542.154
-498.272
-227.89
459.156
-358.023
12.1038
388.916
-491.86
-261.179
-89.4513
362.285
174.791
-413.259
-543.42
497.646
169.249
-271.608
190.925
-152.503
-284.774
202.239
391.23
-474.596
-547.368
-121.365
-517.592
494.147
-425.064
200.7
-366.587
429.815
-484.575
-245.875
-222.784
-31.0016
-255.46
-387.826
-214.138
421.415
91.4255
222.022
-533.971
-318.117
-284.011
-177.35
-369.351
205.506
-488.265
-495.822
-325.742
-501.717
-363.605
408.44
-101.542
508.511
-286.162
105.64
-544.904
-549.206
483.064
463.758
-89.4921
-26.0185
-578.574
3.48547
335.286
-425.54
302.364
-501.608
119.187
-567.641
-601.529
219.802
-547.695
-516.203
-536.926
-14.609
-7.09347
-439.714
-433.587
346.94
-538.45
-287.469
-558.832
-36.1481
411.34
362.176
-607.057
-172.857
485.529
-218.958
-95.0335
-524.59
232.083
-157.132
-523.31
471.546
151.101
299.437
-562.059
-73.5216
483.99
-518.382
112.161
237.162
-560.779
-463.159
-614.845
-501.594
291.35
-504.1
-579.949
376.471
498.844
-6.73948
160.835
-375.777
64.2225
-8.99959
453.302
-39.2796
90.1593
-99.295
499.293
226.161
220.075
-484.861
-588.363
-195.758
-490.103
-389.106
429.747
302.432
60.3422
-78.355
-82.6029
31.0561
-118.683
-512.255
376.267
424.152
-344.803
159.596
-0.517374
-379.725
332.753
401.414
-235.228
-331.501
-445.309
-21.0762
-517.129
-566.566
-471.137
-200.7
-503.936
441.13
-598.684
-582.972
106.838
-606.131
-603.749
371.57
-267.768
-6.60333
175.962
293.664
157.731
115.538
-117.621
475.331
38.1904
18.3396
-465.787
-107.246
-435.929
-628.392
315.762
-122.345
477.496
42.9012
-329.731
159.937
-463.336
-541.555
-243.234
-36.4885
-188.311
-565.694
474.242
417.494
138.03
199.992
-590.12
-308.818
-589.194
-609.303
-171.115
-570.936
241.137
-20.9809
355.79
-203.56
-226.31
-440.462
-398.65
-572.692
-462.723
-491.778
95.0199
260.852
-109.574
467.121
-589.031
-348.819
185.642
-503.337
-335.572
63.6098
366.424
232.492
-563.257
-386.805
150.066
208.012
-499.838
-490.852
335.871
-446.657
-54.2562
438.665
289.907
342.965
319.315
-331.841
-180.182
449.367
167.847
-135.239
-268.64
-83.5287
266.012
-50.3215
-598.384
-213.812
-601.298
-436.296
-269.334
-573.046
-543.025
-573.441
439.101
208.23
-411.653
-593.701
388.834
-417.058
84.4545
-7.76061
526.006
-587.819
364.191
-356.934
-441.851
-477.005
-261.397
289.035
-430.632
408.794
317.491
320.296
66.7004
-479.837
484.793
102.603
20.3682
-587.002
119.718
-460.381
354.252
-487.271
394.961
-594.204
-436.664
-104.727
-595.552
-400.747
-156.805
273.174
288.028
-139.419
463.84
-467.951
-199.244
400.951
-601.72
-497.02
-7.57
-481.567
447.583
395.07
-525.611
-150.665
-602.632
-435.384
404.723
368.806
-432.988
-429.938
-372.278
-512.391
278.32
411.884
383.32
-506.632
-501.063
447.733
-296.673
-176.52
-139.705
-615.403
-346.151
90.2954
-225.875
96.1499
180.414
-263.058
-121.869
-608.473
500.26
171.019
206.786
186.051
-163.871
426.316
-283.916
66.9864
-533.753
17.1414
176.37
368.874
-530.622
-621.789
-434.771
381.141
204.771
-553.223
-574.707
41.2674
170.461
330.847
484.48
354.252
-89.8461
-332.604
27.5025
-96.0138
166.104
257.503
-218.4
7.48831
417.153
73.9301
39.5519
73.5897
421.156
-535.414
-497.374
-305.251
-625.342
492.663
228.053
-527.518
-479.878
340.432
-449.244
-256.25
-627.357
130.337
383.892
349.609
-505.27
367.622
-200.809
407.895
-505.856
-611.482
-410.727
-258.646
-133.551
-453.901
-520.002
468.782
-83.0794
144.838
95.7279
492.568
-522.466
48.5923
-164.402
-213.39
198.059
-305.891
-434.05
344.108
-325.347
225.534
330.33
138.207
-304.434
446.902
-368.166
-492.377
195.527
322.46
308.41
-324.584
-131.263
-539.717
-543.012
-556.695
486.89
338.69
-568.962
422.627
106.361
371.706
305.319
253.663
256.577
494.651
307.13
256.291
486.168
53.9703
386.097
-81.5954
100.684
54.9778
-567.287
-408.099
189.522
-335.83
21.0353
-575.061
84.9038
526.401
214.288
504.467
-478.217
-494.46
304.665
-136.641
-299.138
-235.487
390.917
-611.836
159.025
337.546
212.055
-509.573
387.935
-581.052
255.297
-539.485
90.8536
461.307
-323.822
386.002
-611.21
-594.014
-173.143
-568.894
-131.182
-425.881
-71.3976
-96.1091
206.146
19.3879
429.802
4.00284
-378.337
353.285
-334.142
358.54
-107.001
-51.2064
217.733
186.718
-307.089
-477.359
-290.887
-152.013
241.532
-332.903
-113.89
-558.628
-298.756
249.034
-544.999
328.274
-332.74
-76.6258
-587.832
-577.294
-49.8858
-476.556
332.93
414.376
13.4926
-431.49
-322.27
239.544
489.545
-558.124
411.748
67.3131
423.444
-423.757
191.265
-394.607
388.698
500.396
445.963
-572.488
193.729
-563.693
-562.44
311.868
-334.728
-314.073
-404.233
-286.203
295.271
-136.029
-139.827
286.176
-589.344
-491.533
460.014
-509.709
-67.1361
-309.785
203.968
-597.799
436.201
35.3176
247.509
140.59
-268.231
100.275
-132.489
-233.554
-16.1611
258.428
-527.98
248.462
-570.378
231.961
229.088
517.034
-545.122
185.397
-299.355
23.3227
-459.769
176.411
30.6476
-430.101
-356.702
-601.407
498.027
-596.982
426.439
-44.4397
253.296
368.847
199.039
13.901
220.892
490.362
-499.375
235.65
-517.619
66.4281
-579.541
380.842
-269.321
181.735
-535.21
42.9693
-118.615
323.087
45.8557
112.951
-579.269
294.468
447.855
-392.292
-224.622
-321.943
-200.265
140.249
227.345
14.01
422.967
-281.343
34.0105
-200.251
-326.831
232.179
336.103
-593.564
95.3466
-181.884
-559.05
-32.7171
125.749
206.269
-353.108
-576.886
127.015
331.269
438.393
-272.016
224.186
535.646
403.293
-556.028
-137.88
-338.894
290.71
347.907
342.924
230.844
491.478
-62.0168
134.994
440.204
178.603
-552.338
39.2388
-580.249
-143.326
399.563
-251.498
209.85
2.62772
-319.029
303.971
190.748
-152.394
-216.358
158.521
92.2152
330.235
218.645
-446.902
-599.446
-229.469
425.145
34.3918
-574.176
-496.107
-94.6523
53.9839
391.816
179.719
253.173
-356.253
66.5371
-585.191
231.62
362.475
452.811
312.031
-54.7872
-564.047
-90.9081
-570.487
504.576
186.323
-435.044
434.662
522.208
-410.577
-236.617
-215.908
26.1682
-12.6484
293.011
-397.194
-350.208
146.88
427.106
-46.1008
-393.055
-125.123
370.222
-610.025
374.77
469.599
-517.442
-155.253
-507.953
-207.916
-279.981
-197.991
-582.808
-252.724
343.55
155.457
-549.234
-115.034
195.744
-104.033
327.893
-33.9969
231.729
-534.788
349.091
129.221
-440.136
-78.8179
-552.76
-11.2869
15.9025
-550.949
-506.264
-408.481
-451.981
153.293
-107.26
-220.456
281.275
-193.484
395.682
-113.427
-42.5881
320.554
352.495
55.1957
-361.917
-440.653
-123.748
-350.045
58.6947
393.136
80.37
-446.576
475.372
-257.748
28.9866
-76.9526
-508.851
209.863
-502.942
259.436
-344.612
187.072
-456.869
-527.068
430.809
-373.98
-62.33
-198.89
68.2253
401.632
-585.409
-561.433
166.377
-556.872
450.51
-356.43
370.127
408.181
101.392
475.617
254.33
498.585
473.792
425.445
-23.4316
-202.566
-463.145
-370.617
-155.185
105.081
-333.625
-422.722
-457.931
-308.832
-118.261
-569.507
-365.171
-414.921
-126.103
258.959
-528.185
-221.79
162.701
-235.514
336.389
-212.654
-12.417
-147.22
179.611
-424.261
-419.686
211.524
-504.699
-518.409
-372.7
197.256
443.73
-137.39
-79.6892
-2.99532
-391.217
287.987
-517.088
-575.32
-123.557
418.352
-545.517
-389.91
293.977
-363.088
382.734
-579.228
343.496
-522.289
-11.9132
-537.579
-141.23
-62.861
-365.457
-589.82
-377.533
217.42
-536.081
444.506
268.912
-500.492
-326.722
-102.127
170.665
-513.317
-466.767
-112.583
180.387
-138.398
182.02
271.458
-559.608
456.896
387.527
7.14793
464.112
-356.498
294.086
490.975
-114.68
353.04
-634.219
515.536
133.986
-176.043
-597.404
-546.742
271.227
191.973
-350.371
418.529
-416.541
-377.847
-467.625
114.054
-219.19
-510.853
319.547
-443.485
-617.541
-411.612
-358.772
-154.613
225.371
-21.1034
-521.009
469.218
378.391
-457.318
-525.312
-596.138
-498.504
-565.327
204.472
64.168
401.047
-616.138
-593.251
-299.41
-117.743
-142.754
422.899
-109.751
-3.5127
270.573
187.153
51.4379
-187.072
-24.7795
-27.4889
374.252
345.797
507.612
-153.265
-281.669
-152.231
204.363
518.409
485.665
-248.993
-561.664
402.231
-382.244
377.874
77.0071
-561.406
463.159
-31.6279
-60.56
-502.044
-558.914
-560.289
-345.361
95.6053
-308.028
-526.918
486.196
12.3353
20.872
-557.621
-493.221
-582.958
-118.029
30.5387
14.0916
-233.799
-337.573
199.067
-500.628
349.568
313.787
74.3521
-506.387
323.495
-440.394
-480.028
-504.644
124.17
325.102
314.781
-346.437
91.2349
4.7789
327.321
186.609
-533.971
-394.471
130.256
475.535
-165.56
-175.431
-596.737
-442.314
379.998
264.324
-552.311
-469.966
-103.597
391.652
229.986
352.509
-80.1522
-375.927
59.5933
399.263
-129.466
-95.4692
-326.259
-242.798
38.3129
162.905
-351.107
100.03
-401.986
68.3887
474.555
137.363
240.783
-493.03
-572.189
440.299
368.316
-257.244
-387.418
-460.735
177.228
-622.66
-286.884
-156.206
-608.977
-31.7641
-388.507
-465.215
-573.223
350.399
100.548
167.234
-488.701
346.382
-162.17
46.7815
-285.277
-101.378
367.962
-137.009
-170.475
-567.423
-530.145
-109.166
424.043
-608.99
-301.057
-548.09
344.558
94.3255
-609.617
-525.298
-299.07
-250.722
-112.216
-573.292
-523.065
40.5594
-550.568
-189.699
-430.278
-582.686
365.443
-76.9798
344.449
-508.034
-567.777
402.367
-84.0461
-211.32
236.658
442.586
-10.9874
-511.288
-186.541
489.559
309.785
-190.421
-559.949
442.45
294.631
-552.243
-332.508
-124.224
-523.664
289.267
-573.986
-362.339
-445.391
-554.435
439.523
121.392
-132.094
446.753
-116.477
485.665
-603
-250.382
287.456
388.752
527.599
-90.6494
301.248
-595.811
278.592
-104.945
149.467
37.1556
-535.659
-340.882
-306.027
374.075
454.472
-63.46
-108.744
421.333
-300.921
101.296
-540.22
86.1973
22.3696
144.824
7.44747
-467.448
-476.434
-526.537
140.345
-311.241
-255.365
190.176
303.93
371.012
-626.145
499.797
19.633
522.997
474.95
-429.067
-357.165
-114.666
-486.917
-39.8378
-114.721
-583.38
400.352
-316.633
123.557
465.147
-215.595
-410.128
372.932
56.0534
216.167
125.844
334.02
338.608
-582.523
306.394
99.0772
-602.333
-360.76
-592.979
-603.64
253.241
406.888
-154.382
-430.169
-300.077
345.933
-111.372
-513.93
53.1398
488.551
-284.76
359.262
184.485
-1.59297
-131.985
414.621
389.188
-343.509
-252.057
384.382
-459.837
340.582
427.95
171.564
-593.142
226.773
-168.242
275.72
-415.424
450.429
482.247
-489.137
-523.855
-317.355
314.387
-234.629
206.092
122.563
-269.225
-609.794
497.918
249.688
-107.641
-19.3879
-302.991
-295.72
-179.597
-140.944
-168.201
-153.96
281.751
355.232
16.0794
366.519
180.999
166.159
-483.799
-70.0498
475.998
-437.072
267.333
-225.725
-316.538
-600.549
-117.403
211.552
-477.033
-181.149
160.645
-214.656
220.878
401.741
-188.365
-26.5903
-383.497
156.778
-270.9
482.07
447.352
-316.66
466.495
-323.209
-252.819
-569.942
-468.387
322.433
-565.218
-228.353
-298.185
52.5952
-159.46
-372.428
333.135
-267.659
-336.348
-555.524
-620.073
195.282
110.664
10.0071
362.489
149.14
-211.824
448.209
183.368
-598.071
270.219
386.152
-23.6767
169.277
99.7035
415.601
238.496
502.071
262.404
-234.616
493.983
-287.415
-233.608
-180.101
46.4684
-103.42
-368.302
-125.613
292.031
313.011
-394.375
513.412
360.065
259.518
0.204227
474.201
239.286
-567.982
-45.9102
181.83
370.535
-36.7744
-612.707
-189.645
-466.44
495.318
-505.856
93.4269
-54.6511
331.759
262.418
-259.245
483.119
75.3324
283.412
71.6155
97.8927
-388.521
-537.647
-34.773
-593.265
0.245072
-477.196
513.589
422.586
-552.052
-408.317
-301.234
283.589
200.578
-538.028
229.401
-286.067
-122.944
-70.2948
-183.79
-543.229
405.594
460.123
-538.096
-461.185
13.4381
-484.113
-463.091
411.163
96.2044
-263.017
-215.269
-320.323
-224.609
-544.645
85.0264
103.979
503.854
382.108
269.144
-568.281
-472.744
-297.34
-392.51
494.691
-129.698
-538.9
-443.812
-487.407
-270.818
191.088
-514.039
339.139
413.736
486.713
333.094
25.8006
-129.18
-481.417
-540.261
-480.927
-5.2282
-570.5
-555.81
-495.073
-392.238
438.08
371.025
174.832
-564.768
-489.804
462.383
393.218
-406.751
-369.882
487.816
-575.089
272.506
40.4913
408.167
-43.1054
147.724
337.205
387.609
-53.344
-358.377
221.368
-327.525
179.747
-511.261
-364.762
-553.618
97.634
516.639
-421.115
212.709
-347.158
311.813
25.8551
290.192
-404.192
-466.032
312.249
172.449
-638.562
-560.085
-597.867
229.66
-215.446
-576.11
422.559
264.011
-414.526
-541.31
94.7476
-374.429
-348.397
-414.226
364.463
469.367
318.226
-480.6
290.369
-524.876
-444.574
14.01
-519.934
-612.272
-597.717
-519.879
-450.701
-408.971
48.1975
-117.594
-565.014
312.971
-8.83621
74.9103
443.281
320.826
-332.74
290.438
-618.725
-37.8909
439.237
-578.152
-440.408
-48.2383
423.307
346.736
331.841
-240.919
-88.2395
287.551
-494.419
-498.967
389.379
-268.259
-552.855
76.4625
61.091
-26.7809
-524.059
-537.048
30.7293
15.494
291.173
-405.526
-447.515
360.092
-553.931
82.0583
-573.673
44.6576
96.572
298.43
-282.296
-558.056
-571.127
-353.067
45.1205
178.385
-303.236
-121.297
177.01
-409.897
-579.173
86.524
-7.88315
-316.769
-63.1877
214.983
-217.746
-160.223
429.489
26.5767
-133.66
67.7352
-458.516
-526.932
-625.56
-78.6
443.921
-322.433
-147.71
-403.484
-357.342
-432.661
446.875
-55.6858
230.232
288.191
-228.856
-515.25
444.629
-98.6279
98.6143
308.627
-19.3062
26.8354
386.274
427.773
-595.77
-376.254
-301.153
-412.17
443.975
138.507
-433.26
333.23
397.18
-357.969
68.4704
-259.926
-216.208
-410.046
-494.133
-590.297
-543.134
-565.722
492.676
369.501
-596.56
-568.499
474.541
288.64
-192.205
-403.361
468.836
-323.604
80.9555
510.417
164.185
391.598
294.263
-52.9764
331.297
-219.707
-554.571
251.253
-592.707
152.87
-68.1709
-564.36
-122.876
132.666
-386.533
230.204
395.26
479.129
517.946
56.1215
-361.127
310.316
-235.119
-540.043
-421.483
-14.1869
43.5003
-90.663
309.553
62.2211
-527.341
-11.5184
-79.2263
8.71367
-462.301
305.305
132.353
212.586
-373.994
-583.693
-7.21601
-546.388
-557.471
485.855
490.947
-558.029
-95.2922
198.93
258.578
-112.583
355.79
114.095
-467.706
-235.8
-194.887
-338.567
209.455
474.895
349.704
-278.456
-434.54
55.5088
258.102
-541.568
17.8086
-316.102
380.733
285.686
293.814
406.506
-357.928
-589.562
-512.936
-273.623
6.3038
152.775
65.7201
-429.094
-209.645
27.4208
-584.47
86.456
-361.372
382.612
-120.848
-516.952
236.222
20.695
470.416
522.099
-487.53
-0.149766
-178.031
438.665
-228.611
-573.823
27.4208
310.111
-529.151
450.837
-355.055
387.309
257.298
-609.63
-140.031
-507
28.7687
-181.952
-5.41881
-586.662
-331.855
512.663
-310.615
270.859
23.1865
-616.016
-345.688
-589.33
-381.686
-24.2077
-6.72587
-560.167
-540.248
196.698
-345.701
-312.93
-229.251
-60.8732
-445.296
400.461
392.578
-554.544
-521.227
-574.653
249.402
334.768
-13.9146
-281.642
-415.22
-339.711
251.458
-42.7787
328.968
-349.554
9.69396
-236.835
-532.814
-568.826
295.666
-402.299
319.683
-560.412
-506.387
-247.999
-537.239
-472.335
79.6212
326.94
284.678
-432.402
427.515
112.76
-286.666
76.2719
353.026
-471.505
-223.914
138.684
-582.659
-129.371
-455.575
-462.846
-52.3637
343.686
10.8785
-482.315
220.156
-76.231
-321.929
200.333
-581.12
353.516
160.645
-595.144
-342.257
-621.067
-574.204
-565.844
425.581
-443.417
96.0682
-134.449
-583.299
395.791
-551.725
137.213
-202.116
-239.367
-432.838
-361.386
77.2249
-252.887
-92.7325
288.613
-402.408
192.518
162.21
358.595
-610.461
-391.026
387.718
437.739
-491.179
-500.982
-376.049
305.128
-573.21
242.689
70.1723
-431.123
464.071
-563.638
400.23
-499.77
-282.622
258.891
273.991
412.483
138.139
263.548
-362.216
-596.859
-430.946
145.151
-459.224
-366.301
-593.469
398.814
-301.724
333.815
-529.546
318.076
-37.2646
-506.033
-329.772
-571.957
-468.115
-558.628
154.463
-482.56
-198.576
-511.152
215.623
-558.342
-195.649
-17.155
172
-567.11
-12.7846
196.698
-602.319
24.1124
283.998
-596.287
-351.556
400.121
-264.991
-25.4875
-241.532
355.872
-528.852
-87.3137
-188.052
201.449
116.831
391.598
31.0697
-577.131
427.569
147.506
-150.842
237.91
-326.082
-112.951
123.802
157.554
-256.972
-441.416
0.63991
265.277
-473.084
-578.111
207.385
-513.494
380.202
298.498
-222.743
-534.502
-131.495
350.616
505.57
-606.077
111.358
-400.312
277.013
-486.754
-565.871
-303.426
-92.0518
484.072
34.4462
469.027
-479.728
-417.126
-458.965
449.462
-535.496
-558.315
204.322
-196.779
-173.797
-536.449
22.0156
70.8667
-293.106
-306.367
68.9469
129.248
-398.882
-134.667
400.747
-406.425
327.689
-508.565
271.73
457.005
-20.5997
-88.7161
-517.088
-57.9595
-453.751
323.822
-379.058
-534.557
401.265
-362.516
-464.534
-454.159
157.009
232.805
347.784
-474.174
-570.228
-256.604
-622.551
-55.5769
279.123
46.4411
-500.369
-245.113
-478.558
-519.457
-64.3314
264.746
-464.725
-20.1231
220.687
-571.222
408.154
-577.09
307.157
365.579
-208.652
-421.728
-392.401
398.909
-567.437
-319.914
-278.048
136.369
-186.105
-418.569
-40.3824
-79.9207
-331.147
31.342
-462.206
132.189
-146.594
41.1721
-561.991
472.989
-82.7799
30.6612
-531.153
266.843
-439.55
-201.014
-148.759
-464.166
-490.552
452.103
510.621
217.202
530.812
-483.01
-294.835
-497.755
-552.174
462.356
-502.507
-623.191
494.474
-152.421
87.055
-579.895
-598.616
435.765
-356.43
322.515
-294.59
305.06
-102.876
-607.261
-560.847
410.428
473.411
-481.703
326.055
-407.882
-504.549
-223.873
-198.195
-535.523
-492.554
208.393
146.213
-552.106
-310.901
-471.832
-344.149
59.0896
-259.49
236.74
-517.361
336.239
-420.244
375.832
-602.673
-83.9644
343.251
-586.376
-613.252
-564.455
-633.375
-396.649
-556.858
457.999
-341.14
266.039
-24.0579
-322.624
76.5442
-530.935
103.897
-396.499
-122.822
-596.11
-310.642
461.702
381.264
-248.272
-565.381
237.733
-499.756
-516.898
-380.624
-372.455
-370.549
-490.961
-100.425
-508.116
303.603
-410.074
-421.851
321.221
291.323
409.611
-518.899
-19.3471
363.183
-148.214
-323.849
-376.036
-197.664
381.468
-188.474
-573.863
-499.715
-554.298
-230.068
-361.781
-318.308
424.655
218.427
-52.2956
-588.867
-544.237
-119.867
-534.979
468.265
-338.186
-263.112
526.469
-201.082
36.788
-568.05
-445.99
-265.658
-346.886
-87.5179
136.845
-180.754
-512.01
258.796
-259.885
-524.876
-342.08
-347.798
-554.271
-1.08921
213.594
463.295
434.118
-30.0622
-602.333
-60.914
-585.001
402.858
15.5757
-271.063
-438.829
297.286
19.6738
-555.537
-5.52774
91.7114
-216.154
398.814
-13.8602
-369.283
-62.153
461.702
-432.334
-350.439
-6.38549
-301.629
-232.873
-164.974
-42.8604
-508.225
274.984
-527.177
-284.855
-480.151
-145.94
367.839
381.795
-66.1422
-38.0542
-280.621
46.1961
-455.153
-219.421
-444.751
-0.0136151
210.122
-588.772
-586.457
213.607
-311.8
-237.434
-550.704
-503.419
-530.717
371.339
26.7673
221.994
-101.024
371.87
-337.832
-76.1766
-553.441
-110.092
-622.497
430.469
220.837
159.256
-542.072
-165.247
148.84
306.463
-73.4535
-601.339
-524.1
-516.571
-109.261
-606.322
-355.014
-579.486
449.789
29.2316
296.605
467.502
-565.667
-575.415
-209.645
427.433
-182.579
-600.1
65.5976
-537.28
-452.798
407.773
-461.185
395.546
184.743
514.488
241.818
94.1077
293.855
-488.442
-480.6
-447.706
-30.4706
-344.476
-535.564
-594.599
-26.5767
159.909
-146.526
143.136
378.024
-598.874
-350.371
-410.291
258.674
-389.855
-539.308
528.879
422.205
-264.147
-524.604
-237.148
-525.652
-192.286
-160.468
-51.574
-145.232
252.084
-359.371
-412.361
-561.038
-557.798
452.131
2.43711
77.8784
-604.007
-535.21
427.419
-594.449
-514.324
-297.436
-490.484
475.208
207.522
-483.99
294.713
-500.995
-516.884
162.592
236.617
-396.281
-510.608
-273.037
-29.0274
7.63808
-33.711
258.973
-6.19488
-500.301
470.906
-132.08
-54.8417
-548.104
-3.97561
329.554
254.834
357.315
-325.469
-231.988
265.304
-292.071
-229.85
-427.501
-254.276
-395.655
-566.579
-13.4245
236.059
19.2382
-75.9859
-121.678
-637.391
-553.863
-522.031
-505.611
-284.284
95.7415
450.756
-492.486
-610.284
202.47
-144.13
399.93
342.774
369.895
-43.2824
416.527
-557.362
-608.827
-278.647
131.25
-306.871
-236.631
513.208
-397.861
356.022
-506.591
482.057
-272.234
340.922
310.533
-342.447
165.11
483.459
-593.306
-102.563
307.198
162.878
-83.0522
354.497
359.044
314.523
385.825
45.42
378.936
-426.384
-250.504
126.675
-616.097
86.4423
-266.72
166.976
-339.67
-235.746
533.563
-442.818
-426.316
-19.7419
215.323
-609.821
410.986
110.187
384.069
-569.139
423.934
216.78
111.821
-323.005
-495.331
-470.28
56.6933
147.778
-520.642
468.864
-63.9366
57.2652
31.6415
-412.647
-77.3475
491.437
-74.6517
-586.593
425.105
-461.566
300.554
-171.864
-196.398
-541.269
-576.586
136.287
-232.546
-119.513
-139.296
-93.0048
376.88
468.496
156.71
-279.804
-92.9776
322.338
28.1833
-281.629
-451.899
-11.0146
431.885
143
-192.79
236.236
374.348
413.191
376.621
406.547
393.245
-260.158
-242.199
266.325
378.228
-471.178
384.913
319.982
-579.35
262.404
-551.153
-484.303
-196.629
-63.0107
-562.468
220.769
231.103
-450.81
-42.3022
-108.975
66.6732
-137.812
-454.963
247.509
29.6946
133.21
-431.994
-533.808
-468.278
126.811
-286.489
381.073
-412.865
465.079
-552.093
233.744
248.435
-164.198
295.952
-401.469
-447.188
503.773
-313.188
366.396
56.7206
-314.849
395.846
-395.859
-588.881
-250.981
-583.748
270.668
208.638
509.355
-494.596
274.181
440.667
318.103
407.242
478.122
-449.217
-142.469
279.831
-343.999
-379.698
-524.427
16.8419
-165.75
285.1
185.356
-475.562
-403.552
-369.895
175.417
-273.283
506.972
-422.096
-184.485
391.434
468.21
251.253
-394.852
-209.4
198.113
-197.406
-89.4921
362.298
-347.281
181.462
-126.866
-103.938
-268.83
-366.151
-169.304
-92.7734
-220.401
-589.834
-291.799
-90.5133
-148.8
470.96
117.703
353.598
-367.526
478.435
363.523
416.119
-616.329
372.019
-224.432
-603.435
-280.267
180.564
111.222
322.842
-209.523
212.328
-360.692
428.222
-214.384
114.122
-443.199
-56.7478
499.852
-158.575
-573.251
-201.735
-420.666
-482.52
-213.784
-578.792
-152.394
179.815
238.251
91.6842
-60.5328
-583.789
378.173
386.424
11.1916
-333.734
139.8
-44.004
340.405
-483.323
-122.699
-225.262
337.478
-582.223
-508.007
-269.675
160.509
-390.509
-563.121
-55.5224
-376.512
-496.666
-9.43527
-361.468
18.5438
527.967
243.343
347.744
-252.724
-557.58
346.069
304.951
-121.91
459.687
-525.652
-403.239
383.293
-33.4523
32.1589
282.936
-206.582
-382.217
220.143
-611.877
-200.823
101.011
398.569
-288.436
-177.664
-95.0607
-318.553
-76.8982
185.86
-198.644
104.904
-176.465
-307.552
-570.351
-103.611
-36.366
198.359
-395.056
73.7803
-193.593
274.018
343.155
-235.501
282.963
209.074
446.548
-357.478
229.973
-74.638
93.0729
-394.171
-163.885
-579.772
219.884
-534.393
21.8659
-172.572
366.424
453.056
-128.663
250.736
-609.126
-547.137
-107.587
-545.462
-564.346
-329.989
-530.39
-618.181
-598.779
232.328
-397.779
87.1639
-418.447
-322.365
-503.637
-488.02
183.368
-295.775
267.319
-495.168
269.225
-197.011
-262.35
-107.287
-555.578
441.552
116.886
122.795
195.976
-98.1513
-307.048
-596.546
427.024
-55.713
433.151
500.124
507.149
367.935
-354.374
-269.184
71.0028
166.241
-19.8508
-439.115
353.435
480.436
-8.76813
325.102
-229.524
-241.777
-27.9654
288.804
-551.535
-153.606
536.994
512.146
112.774
-18.2715
-206.541
-450.429
-557.307
299.778
263.711
-42.1115
-506.278
245.181
-342.406
479.17
362.462
81.9085
193.961
59.7023
431.259
150.066
482.125
-519.131
-598.684
-418.678
254.371
-196.412
419.168
-304.162
-570.024
-568.172
390.345
130.814
54.9097
492.935
-537.593
-580.249
334.755
-558.383
-532.991
-568.907
-604.388
303.726
397.126
-367.172
-421.102
-273.827
412.674
-587.86
375.532
-396.935
325.456
180.169
-302.827
-212.001
-422.953
225.303
432.28
482.737
28.0199
-618.766
-492.663
-214.452
281.969
138.806
347.607
4.43853
-603.98
-624.784
-297.409
240.102
-433.696
344.285
-396.826
461.634
212.437
-482.315
-18.2442
-302.569
271.948
397.874
-522.031
-309.458
-489.708
-584.47
-288.64
-565.245
441.783
218.563
-246.039
375.232
-590.215
207.059
-536.762
-49.6135
423.117
-612.966
518.804
410.155
-340.963
-581.27
-626.676
-305.292
427.977
-537.361
-77.3475
-23.9626
-535.836
-137.73
219.639
-82.8207
-396.962
-230.449
-427.896
237.162
-37.6322
-515.754
353.761
346.518
-127.097
56.176
95.1969
-488.51
-584.279
-274.957
-46.2505
-193.525
-24.6842
112.366
17.795
-590.038
437.985
-544.387
-169.181
-302.705
154.981
-271.812
-390.999
-494.365
-610.393
478.912
-87.1095
-425.676
-225.916
-42.3702
-230.34
130.964
-581.461
-431.3
411.176
39.1979
-318.512
-459.646
-582.155
-149.535
292.739
89.7236
286.911
-112.747
-478.912
204.676
-54.8825
303.726
-128.472
-14.3912
-387.636
-553.386
295.707
34.7594
-416.296
231.92
290.723
-14.4456
-318.662
366.709
233.989
-291.445
-595.157
-584.02
440.245
-350.235
-615.172
-388.793
-564.02
-173.443
383.402
42.1388
-524.808
-107.927
468.482
-23.1185
426.779
-28.4284
-426.194
-546.116
473.357
-628.365
-306.762
-285.128
268.19
-496.339
247.89
-394.198
34.6232
-207.671
-365.811
-608.8
452.485
-593.564
221.94
-13.3428
389.515
-436.31
-529.342
-511.928
-30.1983
-485.352
-172.612
156.955
-324.285
446.685
-304.924
-355.586
426.725
-395.083
61.9079
305.006
308.028
308.559
-110.459
159.161
-540.275
-510.757
509.178
172
-453.587
111.535
248.721
-269.525
365.688
87.2456
74.2024
-519.879
433.355
347.172
292.017
-519.335
347.349
477.087
273.228
294.318
365.293
-135.702
-490.566
-503.718
128.159
-459.442
51.8736
-501.907
-546.905
-465.378
-529.573
70.6488
-315.612
-19.9053
313.284
-492.227
502.057
-487.734
466.835
-114.544
-481.771
130.691
108.635
-212.709
-371.883
126.035
-168.364
221.15
429.434
-443.662
64.2361
-384.504
-450.47
-529.356
-384.259
-527.286
-533.113
231.28
72.4324
-197.365
-363.51
-29.0274
51.7238
-333.066
70.6352
396.05
193.798
102.767
-285.141
281.356
323.481
-598.289
-566.062
-81.786
-260.743
-133.687
-527.164
-544.877
438.883
339.82
367.091
-563.843
-152.53
-286.748
404.532
155.907
395.914
-486.209
463.635
403.443
184.035
235.759
245.48
36.5021
211.62
-65.3253
-354.429
-260.689
-531.983
-136.437
-313.665
427.161
-596.342
-460.49
-449.122
500.151
-445.99
-86.3334
-306.817
406.316
482.029
107.655
355.804
-257.557
-360.692
368.289
-211.075
260.648
-65.1755
-196.153
127.56
479.865
-535.278
471.981
-219.911
-564.237
450.633
379.126
-548.989
-331.514
261.805
-321.153
406.248
-301.752
492.132
460.872
-338.322
438.025
446.045
154.817
-601.543
401.714
177.568
-77.2249
-119.051
6.45356
-488.919
-80.6151
30.6885
-184.703
-221.232
-227.413
-318.103
107.532
405.907
380.978
172.381
-347.158
-448.223
-212.246
498.041
271.812
-500.342
-328.315
432.416
-591.427
457.018
-291.132
-527.068
242.254
-508.17
407.065
533.917
-579.908
-537.307
-566.511
-296.156
274.453
120.181
71.2887
-355.518
437.821
-503.051
-324.952
-404.75
-560.548
477.21
-594.381
113.564
118.574
86.8916
-169.318
260.757
-561.746
160.59
276.537
431.436
-557.975
230.381
-601.23
159.555
-398.269
241.328
160.059
149.045
-274.617
-248.421
319.152
217.297
-612.557
466.263
-295.775
62.1394
407.419
-601.189
-226.583
-327.076
-431.014
380.624
152.149
-260.457
-466.917
-509.94
-37.0195
-70.6352
66.0878
31.4781
-337.355
307.034
-344.272
-272.357
263.221
262.023
267.687
470.007
448.141
386.615
-424.683
-522.425
47.2581
-546.47
-354.973
-522.126
-490.021
-249.851
424.628
528.362
-512.936
-483.418
-582.032
177.813
215.092
420.775
106.525
190.38
-344.762
494.991
-290.601
482.86
-340.228
68.8244
-612.272
-433.723
-276.686
496.312
-581.243
274.154
-603.435
213.526
-492.431
487.966
-629.304
-334.523
-413.695
-146.539
-205.629
-143.49
-102.876
423.212
-561.446
-576.927
41.1449
-341.372
-146.58
-454.881
-174.954
-303.835
-41.281
118.438
-183.137
-56.3938
-91.4255
39.5111
-519.866
-477.223
489.518
-540.588
-197.351
-180.142
-567.6
372.101
295.489
-70.499
-556.463
287.578
192.926
-109.057
-535.986
-179.188
-582.1
346.355
-90.4996
-412.32
-43.5275
-9.99349
-215.446
9.10851
-94.979
394.92
413.328
57.0065
-522.167
-177.922
-240.198
101.392
-171.891
-28.1561
-411.067
-248.067
448.536
282.023
-522.916
439.931
394.511
-7.747
175.281
281.384
-440.381
-244.405
-89.2334
115.742
-414.716
-262.649
-345.17
312.399
-89.3696
-436.133
333.475
406.602
248.258
-572.611
-161.148
-334.728
337.995
487.503
-262.295
333.42
-586.743
-74.3794
-288.872
83.025
-307.783
43.4594
-540.384
411.394
-539.199
-71.207
-374.81
-154.695
442.655
-596.601
-602.85
464.493
-591.549
-119.336
388.916
-457.917
-212.083
456.052
256.073
-540.602
-71.0845
-52.7722
-489.572
-448.114
-252.438
-152.326
266.421
-464.561
-524.127
-332.998
158.929
-160.073
-383.034
377.452
-80.3292
-330.357
-173.947
-14.5682
-577.648
193.021
-195.404
-537.838
-516.748
-425.35
-200.823
71.3976
-196.112
441.606
470.375
-146.907
228.434
-600.236
-449.571
-440.517
279.845
239.476
305.414
-586.553
-607.724
-59.3074
124.81
-228.72
-623.817
-618.943
272.398
265.685
90.5133
458.639
-234.82
-512.99
-496.135
-408.576
-202.198
-193.743
349.99
80.2475
-601.393
4.19345
46.5637
46.7134
435.193
-246.27
41.1721
109.384
515.877
-466.372
446.889
-206.8
-11.9949
45.3519
459.129
-293.378
-125.736
-281.261
59.3483
-422.994
-289.893
382.871
-582.604
153.946
-529.505
214.084
454.418
203.805
418.392
-290.152
-59.43
150.719
-592.38
-362.979
-449.163
-376.54
507.272
15.9569
-467.448
-611.128
-108.921
-184.73
-148.677
-495.454
244.214
273.119
473.969
-598.439
143.313
329.894
-460.381
-293.093
-489.354
-420.829
-584.197
-14.6226
152.843
-499.184
-445.241
227.563
-598.82
378.405
-427.623
167.738
455.575
449.448
175.376
-518.137
-44.5895
-34.2556
416.391
-463.581
495.903
-93.7945
105.504
-443.921
-466.454
13.901
455.453
36.08
48.1839
-537.96
-74.8287
-432.511
-616.016
165.737
-81.5954
503.038
131.604
-362.53
434.363
-202.865
-305.264
-113.958
-598.398
-150.842
216.603
47.1083
-290.955
-304.08
178.045
-183.219
352.182
-398.555
107.301
-545.285
215.527
464.738
187.657
356.239
30.8791
-291.785
494.106
65.938
20.6541
0.884982
463.554
428.359
85.8024
-542.698
-444.955
-567.791
-408.63
26.3861
527.722
-491.152
295.339
269.28
-560.738
-191.578
-105.708
13.6151
389.12
207.78
114.544
78.423
-547.845
-566.988
315.421
-380.161
-148.881
534.393
-590.991
400.951
-412.81
-275.583
-513.875
-292.888
267.632
143.313
193.375
71.2751
444.697
-516.244
262.881
-340.5
-589.875
-284.025
410.577
279.695
-589.221
218.89
157.908
360.052
162.619
-110.446
112.556
233.077
254.752
-17.2776
-310.642
495.005
-610.896
456.733
398.542
456.746
-87.1912
-207.916
-359.18
390.141
61.1727
-597.608
-599.433
-558.369
-593.809
362.244
-493.017
-327.103
-463.036
-401.128
-241.028
-196.67
459.769
376.989
78.2188
-508.293
-606.376
-196.793
-350.576
-389.61
-198.127
-13.6423
-58.7084
-583.707
525.843
-598.874
166.2
296.047
-121.842
-517.769
-306.694
-620.645
-269.525
516.367
-570.038
15.0992
342.434
-468.305
455.807
-190.666
-331.011
-427.161
-68.1436
224.472
-169.44
-364.831
338.118
-404.464
44.9571
-402.966
-308.627
-306.721
227.577
42.7923
-542.004
467.339
90.8673
2.69579
-155.008
-157.377
389.624
419.808
-45.6242
-588.636
-471.26
-474.827
422.776
-150.365
-584.238
250.858
-402.476
242.036
67.177
114.912
-435.738
259.586
225.126
64.1136
-5.41881
-414.648
-52.5679
-352.863
-414.961
37.9045
116.341
-27.5842
-275.379
194.328
458.176
-112.638
-609.086
-588.854
-516.149
-117.716
-72.7455
346.559
438.924
-57.4422
362.434
363.469
-573.469
499.389
-472.88
-44.0449
250.464
-38.8031
-569.643
-277.313
294.767
-566.62
-569.261
-206.283
-557.811
-20.3682
493.738
22.002
501.976
197.76
156.41
-537.293
-221.123
-157.649
-567.954
-432.334
-573.618
481.158
305.251
254.712
-82.208
343.414
-628.16
-491.86
-192.082
-491.124
433.764
-447.12
-137.131
132.965
502.915
-448.577
-410.305
-51.8872
231.389
-127.506
-599.718
-271.254
79.7573
-379.426
384.954
-403.743
-272.956
-355.681
-60.6009
-555.742
369.269
-20.0823
-40.219
526.578
214.016
-488.619
401.197
370.889
357.002
-603.463
203.873
-80.7921
-564.483
-343.795
-145.804
387.214
391.503
-605.804
-324.993
-567.505
-453.356
336.361
263.316
471.832
-460.735
343.496
-200.265
150.597
-322.283
359.616
416.527
-577.403
-413.777
-483.731
135.062
261.546
188.692
386.492
-570.568
472.826
-569.588
304.665
-183.259
-16.978
1.70189
-242.118
243.316
-560.003
-173.879
-408.78
-127.152
-573.06
-447.992
-287.796
-487.121
-580.085
-341.971
-127.71
-508.443
-591.454
-10.6062
-377.942
-122.536
-311.664
-123.489
530.159
166.472
305.183
-414.444
247.945
117.961
211.633
-438.842
-504.154
-406.084
-506.469
-618.14
-222.839
-7.22962
82.2625
-514.107
494.746
-219.108
220.347
-304.488
434.254
-262.69
-37.5096
-542.167
395.9
-505.529
-299.791
-514.896
343.468
-284.923
-548.662
-161.666
308.532
-546.674
248.203
-154.926
514.352
89.2334
275.733
-208.066
-358.418
-268.64
-168.787
-4.39768
-317.749
-225.425
472.227
-596.927
349.091
-628.691
-592.843
419.196
-482.179
-317.668
372.986
401.02
0.844137
-480.94
101.065
-80.6151
-325.251
-563.734
-400.094
-214.574
91.0715
-134.667
524.332
405.376
-507.34
-567.206
267.265
478.721
468.959
-563.489
430.496
348.983
-457.073
-194.111
446.889
-471.6
70.1587
178.208
150.733
-570.351
-495.372
-23.949
-443.186
383.402
-38.1087
-545.108
321.371
-524.114
-92.8278
184.907
-410.591
-182.742
477.713
-244.527
26.9307
-187.153
223.846
-331.664
-268.735
121.351
-601.842
-170.053
438.665
-508.729
459.387
440.517
180.713
-215.486
-442.627
503.228
-188.814
-352.958
-452.675
318.893
-135.92
328.233
288.368
-137.417
-454.418
305.673
-541.963
458.339
482.479
-623.722
-308.818
-341.372
264.31
156.288
-575.661
-624.403
490.702
492.023
503.623
177.133
170.298
-597.486
26.2227
-16.0931
-245.317
-218.019
460.708
273.541
-326.722
-257.652
27.0532
16.025
124.483
-401.496
-374.593
-222.117
-519.771
162.02
412.157
-231.334
380.393
-117.458
99.118
400.979
-87.7358
357.342
312.249
368.316
135.511
-404.519
-519.376
-228.543
148.936
-510.117
414.812
341.181
-564.741
-572.584
-447.447
-435.806
442.355
112.556
-598.616
-594.477
468.196
-504.712
-574.408
-269.715
-508.606
235.664
149.916
-150.678
-461.974
-326.613
-91.3846
206.827
376.744
105.449
136.519
328.546
-510.88
-520.751
-177.868
112.42
-616.751
-10.5109
28.6734
-27.2166
-111.63
-112.815
19.6466
-364.762
219.762
94.1349
281.642
-457.1
-630.012
493.793
-376.444
249.756
-24.9973
157.146
-236.522
-589.262
96.4631
-577.785
-98.1786
-153.224
-170.856
29.8307
503.882
-599.528
483.105
273.323
458.938
-507.422
-486.359
275.856
-290.819
489.981
3.17232
65.6248
-268.517
430.537
-179.815
-57.7145
124.864
-487.584
314.264
199.026
-15.8616
-357.015
-576.695
-133.973
233.458
-486.699
53.8342
-31.2195
-134.613
-559.227
-39.9059
-537.007
-8.23714
-238.428
-49.6271
116.777
-622.973
391.625
298.171
426.956
379.208
-281.778
286.979
-266.284
32.8805
400.734
144.143
173.674
-106.171
-35.4538
151.427
417.085
48.3336
-591.304
244.595
416.69
29.7218
-472.118
12.0902
-28.5645
247.604
101.487
-177.242
306.367
-204.159
-520.043
-540.084
-140.004
335.599
178.576
-130.868
495.168
-264.991
209.863
-558.723
452.294
-259
155.498
-568.05
8.79536
384.15
-600.644
-549.288
199.938
-574.435
-18.3123
349.282
-128.064
484.589
-479.592
-384.913
300.077
401.632
59.2257
-580.412
-72.3915
216.222
-393.776
-453.274
-540.969
-143.871
-596.247
-32.6763
-168.01
-564.51
422.15
232.015
-538.941
498
-348.942
-396.894
86.0611
264.174
234.697
-454.908
30.3889
-366.614
-622.714
451.395
270.941
374.524
-229.36
-247.591
-331.637
-448.155
182.374
140.168
-517.674
257.979
-183.777
-142.292
-524.073
-80.9691
-513.508
-594.531
258.551
324.326
-319.111
-595.43
-445.963
-507.789
99.3086
510.226
446.222
42.8331
-413.899
247.904
-548.104
-232.641
-340.568
-505.202
-219.244
-438.815
321.439
-582.427
-93.74
494.773
-187.398
19.8644
239.885
347.921
34.7049
-590.133
-557.961
-162.251
89.1518
-220.606
-4.43853
395.56
289.035
28.2786
-448.155
-423.484
-508.906
-628.228
-14.3367
422.749
-54.8008
-441.674
-145.831
-453.724
-352.509
-528.443
-225.262
105.299
91.9701
-611.155
-572.57
269.252
-33.9289
-142.7
418.665
195.282
-400.938
-597.213
272.37
282.01
-482.737
478.571
309.09
-587.805
331.011
-434.908
-600.1
-547.205
-372.945
198.059
-341.835
293.61
97.0213
334.197
-310.452
440.136
396.145
-407.922
-579.691
-398.501
-385.417
403.266
-107.927
464.929
502.697
175.349
-395.573
-498.681
236.018
-449.871
226.937
435.901
-544.196
-195.84
-364.667
297.762
-597.69
44.2627
217.27
-179.107
-29.0546
-383.619
-314.958
-447.148
-549.043
-512.473
-553.209
42.1388
519.335
-528.811
31.3556
214.166
-353.217
-602.414
-515.89
-475.807
457.345
-75.6047
-556.926
191.006
221.64
-517.374
-393.041
-251.594
432.321
-90.4588
195.921
127.873
-458.734
-30.4025
-109.779
77.9465
-60.9549
-509.954
-395.342
-589.466
-453.07
-551.044
-458.598
-349.486
-375.505
-17.0597
497.51
-430.782
-577.553
-402.721
-593.292
143.054
-436.705
157.963
170.597
-541.977
-137.145
-327.648
107.233
-17.4682
-569.384
-47.1083
380.216
44.8209
438.556
-206.446
-142.441
207.086
-403.348
-283.467
345.865
479.456
-528.021
385.607
-539.199
-0.66714
-185.846
-608.922
-517.837
316.116
-498.912
39.1162
252.424
-192.654
184.131
-541.881
-402.681
272.493
256.359
266.951
415.043
-181.503
475.617
-480.219
-86.1156
139.46
-92.2424
141.08
-404.382
-477.305
-421.497
474.977
299.07
-7.89676
-38.1768
-235.596
55.5088
155.743
-542.916
-367.227
-597.472
200.551
-68.5112
-87.9128
-62.8746
-504.113
509.355
-320.895
-483.486
-70.3765
-359.534
-577.376
218.727
-509.055
240.729
-514.978
-498.681
455.739
480.341
-65.0938
405.649
384.6
-387.541
-493.003
-157.363
373.258
-274.78
130.46
-345.579
75.5503
276.877
417.63
-136.818
-440.871
529.233
-545.408
-601.434
334.823
-365.048
-377.207
-512.092
449.571
-422.668
502.792
-273.133
232.015
315.054
-444.111
-543.338
-33.0166
424.846
88.5799
-523.719
-330.534
-144.906
65.3389
-544.468
352.713
297.817
-529.083
440.204
327.158
-331.719
-366.505
-557.934
21.471
248.108
-125.477
-535.414
97.879
295.039
216.821
-533.426
370.699
-509.927
458.979
-531.384
-78.6817
-14.5818
-291.731
-327.226
-474.555
316.415
362.911
-134.122
424.111
178.535
234.466
-304.992
112.924
-39.1571
288.777
175.431
-594.327
465.011
-612.462
-545.013
-553.495
-411.558
-390.209
-87.5996
392.211
222.839
-540.016
356.757
-549.029
186.827
-146.104
-432.593
-431.381
154.232
123.026
-346.355
464.48
185.928
-104.796
372.155
-381.945
-74.815
-139.773
-586.947
-388.616
-38.2312
458.843
349.35
499.892
-58.8854
-175.553
11.1372
-431.259
331.419
-574.299
339.575
248.462
-557.961
24.3983
-551.181
-600.617
-98.8049
-439.087
-107.968
-457.59
-447.079
324.094
-544.877
124.347
233.39
436.228
-308.192
288.423
-492.254
98.8185
110.664
344.871
-206.677
-17.1142
115.865
-119.309
196.902
-201.041
-528.117
-433.396
-183.654
-479.048
-349.704
548.948
302.732
-321.276
-160.509
-353.503
-203.451
-180.046
-403.62
-530.989
-547.232
11.9949
-581.951
496.938
339.928
-604.171
-310.71
-432.715
-20.3546
-242.512
220.701
-328.233
325.292
324.516
-177.745
347.757
201.218
-330.684
-38.8848
313.583
414.049
-275.379
375.246
229.728
397.452
-450.837
-521.908
59.1168
-28.9457
339.221
440.517
93.7128
-301.616
-555.878
-384.504
72.7864
363.578
-337.655
-141.08
-586.267
-413.328
443.798
-407.759
-157.309
-141.257
310.329
-604.838
-517.156
-601.339
454.404
-538.791
68.838
420.843
-537.565
230.694
257.285
300.2
231.729
-328.737
-588.132
180.836
-547.75
422.613
-508.606
391.666
-298.974
-581.624
145.464
-2.20565
-124.238
-153.32
430.278
77.1841
354.306
-12.6212
134.436
236.127
16.5696
-93.6311
-538.818
-459.578
-501.036
323.441
-25.2969
301.629
326.558
-576.123
261.274
414.008
7.71977
364.98
294.168
-321.112
402.749
435.643
-25.1743
-209.155
-179.706
357.696
-578.465
-289.893
-421.728
-346.028
-296.564
282.718
-573.21
-117.389
-349.091
-389.474
-94.1621
-544.468
-382.557
243.493
63.1197
-196.752
-143.163
424.329
461.865
453.751
-394.457
353.666
-535.564
61.7037
63.7051
-614.028
-318.471
-595.402
135.784
108.921
-517.075
-12.4851
432.593
-623.627
22.0429
-322.651
-332.644
316.837
-95.3602
-280.076
492.853
168.46
-296.061
-569.547
289.73
-30.5795
51.2473
-414.199
-165.328
-326.545
-535.823
-511.67
-178.494
-557.43
508.034
265.182
147.247
-538.573
546.565
-104.877
-171.673
209.673
103.42
-507.449
316.47
-171.128
-567.927
-42.7651
222.43
496.216
-192.45
-69.8319
-477.931
-534.366
-422.94
-393.586
-598.398
-471.736
253.949
206.65
-335.762
264.024
-52.4182
364.231
-502.33
-557.103
58.3544
446.739
-602.019
-558.233
-513.902
-209.904
-617.949
-552.91
-502.765
413.886
422.422
-22.6828
-351.284
-305.986
361.658
-75.2507
10.8921
229.36
-431.708
-243.452
433.954
-401.088
-538.941
377.942
144.361
290.751
-135.253
482.288
-250.382
-388.262
-110.296
-389.528
-247.686
-593.728
131.522
138.534
384.096
207.222
482.656
-468.047
-292.602
406.18
448.836
-556.79
426.97
-106.538
141.23
-161.339
-580.848
159.651
-269.157
-263.888
-435.016
-593.891
443.608
-455.167
430.496
-473.915
-226.651
-397.384
-21.1443
-280.417
-190.312
406.629
380.039
-410.713
439.986
-303.14
46.3731
-561.215
-71.7789
340.255
106.239
-531.384
-39.0073
-546.933
-262.649
-423.893
-446.194
-579.01
-321.385
-519.757
21.117
29.5039
-476.093
45.3928
341.249
-521.282
208.27
466.032
165.315
-407.255
-86.7283
-591.005
407.119
397.071
303.726
-610.325
-167.044
212.369
366.056
-226.256
207.018
-83.8827
-500.519
-448.822
-617.541
-595.103
-79.4033
-186.84
258.034
-30.2255
-300.322
187.439
76.8165
-96.4222
-266.393
-214.669
10.5109
-215.255
-624.089
-559.99
-475.617
-94.5842
-339.03
426.235
-600.971
-302.596
385.008
-591.318
-271.975
502.588
-596.042
415.955
507.217
-596.832
479.361
-365.008
98.9274
-109.03
-529.206
-96.1499
-437.045
-306.925
-359.807
-506.741
496.53
506.931
-258.51
17.5907
494.501
485.433
63.5962
-143.204
-342.039
-330.153
-75.4958
100.956
174.736
-388.249
-244.228
-543.42
-306.762
144.742
239.599
357.342
185.397
40.5866
-316.32
-395.9
-388.371
-119.377
380.216
-432.389
-468.074
-156.315
213.703
-430.918
436.46
12.9752
-287.783
-550.69
-505.27
214.315
468.183
194.737
-389.896
378.173
-519.335
314.754
81.3911
365.702
349.078
-441.184
-599.256
418.651
81.7451
477.005
-607.125
-91.7795
-203.015
-358.2
-92.079
26.8626
107.382
447.297
-138.03
-352.686
-614.219
-524.672
-367.036
78.6137
132.706
-126.171
326.3
101.827
-562.658
170.72
-288.137
-280.703
-539.213
-379.344
-7.61085
294.876
116.368
366.083
-330.943
-415.452
363.197
-602.673
-443.063
-557.525
-595.117
-496.761
-265.917
-546.715
-210.571
511.37
464.166
-508.919
-4.71083
325.333
-491.519
401.197
-375.627
-524.822
-311.691
-144.892
-480.355
-139.473
323.931
-95.3875
-124.006
57.9187
-592.72
-64.9849
-12.1991
307.402
-110.636
-558.928
171.877
46.1961
264.991
472.689
-492.962
-82.5484
215.636
-588.323
-608.963
362.216
73.7803
-283.371
-560.67
-277.272
-598.874
-131.454
-598.153
-581.678
-555.742
428.645
-586.158
98.3556
-124.919
313.134
401.414
355.858
-368.33
468.864
257.693
-81.7451
-297.49
351.774
-554.843
-615.294
256.209
-351.529
-461.852
-305.768
-576.423
-621.612
461.076
277.912
-12.0766
-224.05
140.358
-117.049
187.031
299.846
-613.715
-571.031
-304.693
-509.314
-613.007
474.405
-481.144
-616.737
-377.574
-408.767
434.472
266.284
337.097
441.62
-167.221
-152.067
438.121
230.64
429.829
120.031
-597.513
79.7573
-569.466
-116.096
-618.494
-268.572
-146.716
97.9471
-252.601
109.479
431.762
87.763
-533.508
242.662
-380.039
32.9213
-519.253
-275.706
384.668
263.52
-401.414
39.6608
-595.021
-77.3475
-420.149
305.605
89.8461
-513.848
326.572
525.026
-461.103
-192.899
-417.48
369.283
-293.433
63.1741
-270.682
-2.73664
239.231
-508.198
455.82
253.595
235.269
472.839
-222.226
47.2444
-351.297
-506.387
463.241
-171.782
271.24
-537.416
119.228
-117.893
161.516
-419.672
140.767
-89.0701
326.599
392.333
419.373
-548.784
-438.543
276.278
209.264
409.107
-489.967
-503.882
332.386
123.911
264.133
233.404
-493.303
-47.5712
391.571
495.903
-320.84
-559.105
-463.077
77.3338
57.2515
440.83
-89.9006
-214.125
-189.563
135.566
-600.086
-585.777
479.946
-492.023
393.436
297.926
11.7498
-238.782
-502.956
14.9358
-298.756
387.799
-552.828
-559.145
-476.992
-175.322
-494.691
236.944
-465.351
-303.1
-173.348
-524.413
317.436
17.264
475.63
-585.205
-136.491
-424.111
-404.451
-401.101
-516.435
-543.597
271.853
-106.429
-555.265
212.641
-271.989
-565.368
418.529
-282.881
-141.992
205.493
-336.661
-551.194
-185.288
-184.444
-187.507
-506.7
-366.328
-416.486
-161.353
-186.051
-494.542
-39.8378
-495.672
457.481
90.2546
-49.9402
-369.446
54.5694
379.698
-418.134
213.485
-386.179
-620.563
-22.3016
-523.025
176.751
-336.892
430.21
-407.759
-579.704
-153.265
-227.345
-605.682
-166.023
526.619
489.232
-573.087
-452.648
-56.3529
-333.843
-412.034
186.772
476.093
-329.132
-123.625
384.082
-218.495
-205.997
118.588
-316.088
-218.005
416.976
-578.942
452.621
-323.318
-596.424
34.2692
-368.112
195.009
13.2067
-369.283
-44.9435
-508.892
448.155
-267.197
449.544
-374.252
-517.796
-104.006
196.194
437.304
-583.38
-350.793
-411.585
453.982
153.156
204.254
-75.9859
-327.702
403.171
157.268
160.236
-399.413
-357.247
-121.106
319.737
186.146
33.6702
352.836
82.2761
200.755
-11.8588
151.89
15.3034
270.219
-217.923
34.6505
268.844
438.42
274.181
-538.859
-395.764
-22.8053
331.147
443.049
123.176
112.883
326.558
122.863
255.202
364.626
-577.785
-451.709
26.6992
10.4836
-138.684
-168.446
-517.51
-166.513
-472.962
-157.704
-529.328
179.883
322.583
-301.425
-257.489
344.53
218.999
-398.16
-155.784
-527.218
-600.78
38.8575
-204.73
-114.803
-156.873
-168.936
447.828
-356.022
-557.185
-186.881
-440.435
-592.775
-408.59
-512.5
-113.074
-563.352
-439.754
124.946
-336.497
-558.723
246.352
510.812
-349.663
-402.449
-428.576
-326.994
-241.709
-179.992
-521.377
-447.325
414.975
-594.517
-471.056
-556.368
191.742
-616.86
86.0611
356.689
-51.8055
-509.668
-586.58
-588.731
459.878
492.295
-47.1355
454.718
-498.939
116.682
-286.544
-390.686
-497.142
-214.833
203.083
-556.354
61.5812
-261.465
14.4184
-298.729
481.621
-476.583
-457.114
-304.366
460.422
342.107
315.83
-402.027
-240.211
431.163
-312.549
217.665
-255.801
75.8906
474.255
-32.2134
100.616
-508.538
94.0123
-553.413
139.991
198.222
-565.912
101.487
430.619
95.864
-614.872
-495.508
-295.639
448.618
90.6086
-546.238
405.744
46.5501
-366.042
537.116
5.8545
6.20849
22.3288
-426.466
-147.166
21.0353
-106.184
-236.508
240.375
412.075
386.669
-513.616
430.673
8.45498
495.672
298.675
23.2274
-60.9957
242.458
-17.3865
-578.778
-572.529
173.484
37.2646
-177.8
-9.85734
191.51
203.519
96.218
408.862
-447.352
441.416
99.6626
-67.5037
312.903
-1.19813
-293.474
-579.977
-566.647
-266.584
-622.074
222.811
-370.631
275.379
-448.441
520.601
99.7307
125.45
-352.141
156.315
-433.873
31.519
-462.941
405.227
-522.984
503.637
-442.437
450.197
-499.171
385.784
-31.6551
330.766
-427.542
210.912
-498.585
288.559
-461.593
231.035
407.868
-64.6173
9.16297
-51.86
-559.949
-439.959
142.155
-170.91
-398.46
-434.921
442.859
-41.1313
221.191
-244.963
-589.493
461.008
-30.4025
236.345
-388.494
121.665
19.5921
266.448
518.069
356.117
-463.363
-155.961
121.42
468.782
-602.809
-566.538
-13.0433
98.2194
129.071
-251.703
321.643
-23.4861
-516.789
-123.135
-65.1755
-484.276
70.7033
422.068
-69.7366
-146.88
248.285
-543.828
310.656
-439.128
-594.3
-600.249
-163.531
-73.6033
420.911
-397.343
170.012
407.105
201.762
-603.83
-602.591
278.266
-374.211
-517.347
-381.318
424.628
113.019
507.953
-447.842
466.195
-151.822
-223.179
232.818
184.757
-436.882
-569.684
209.632
-562.944
347.512
-264.896
86.7827
49.9402
392.51
-319.084
-435.016
168.174
-364.014
395.546
-325.537
-243.139
-141.679
267.864
133.374
-536.667
-200.986
527.313
27.3528
-326.613
89.2607
301.915
-404.668
-3.30847
413.845
485.923
-327.702
46.1961
330.044
-179.188
-83.3517
-437.345
-323.536
421.905
355.559
-264.419
272.874
-606.608
-574.326
180.822
424.383
-278.021
-331.746
-594.94
61.0229
-563.271
475.263
-445.963
-1.78358
-301.82
-470.348
275.529
-230.599
326.735
-26.9988
-425.173
-280.607
-524.794
-357.519
-540.751
150.583
46.0463
-288.409
373.939
-472.158
484.004
86.7691
-482.751
254.249
-534.162
34.2965
462.015
8.4686
317.627
372.659
-442.396
122.482
254.521
396.499
-590.855
-199.039
-417.644
-236.944
-317.178
-568.499
-543.025
-197.229
418.719
225.521
123.857
-411.027
380.883
103.107
-192.409
444.561
-344.067
-464.52
109.397
361.25
74.6653
-599.269
-480.763
-460.49
99.9758
-465.228
-572.284
214.983
-551.235
496.407
-537.157
165.696
-41.5261
-498.613
-487.734
-8.95874
511.806
-264.528
-493.207
380.706
-578.683
408.113
-309.54
441.102
-340.364
328.138
206.106
-322.161
-571.113
-544.931
-317.409
449.122
331.841
37.3054
-600.113
262.445
192.531
199.298
431.885
380.924
199.911
-315.775
163.749
-182.266
381.414
-139.119
-550.622
90.663
-277.299
-560.044
-271.73
-466.372
-522.412
73.8892
273.596
-468.333
-416.541
-492.608
348.887
302.977
273.841
272.888
153.742
462.124
-447.107
41.8392
-444.792
180.85
-243.37
-290.192
441.402
360.242
-271.867
-513.48
-560.67
-430.469
-566.811
62.5614
-602.414
-585.804
443.798
-570.732
-572.121
276.714
-88.9884
145.981
346.205
-554.435
-415.111
-61.4314
370.14
-507.313
-507.585
400.066
-227.617
59.2394
-439.183
-134.722
510.036
232.532
-272.398
483.908
-375.695
295.952
-74.5291
272.697
-546.47
-370.032
-611.591
137.553
439.332
-542.208
-95.3466
-322.052
97.6067
-298.647
-548.144
-335.817
-423.784
-5.81365
-226.052
307.892
-156.465
-26.9579
255.093
-426.698
23.2274
-194.819
-68.7835
-535.21
-218.972
350.943
439.959
323.25
342.679
-66.4009
-515.278
-564.755
-606.649
-193.539
-187.303
-425.091
-288.749
518.286
-539.444
-473.888
12.7982
-609.821
-382.517
12.2672
-449.38
-268
-311.854
-79.0493
486.754
-498.286
434.336
-538.056
475.018
-318.852
-504.413
-540.847
-29.8852
-37.8364
-288.109
-281.656
-573.782
-561.133
-387.132
-515.264
-456.923
-538.015
286.544
324.189
363.891
-264.201
418.569
389.27
-135.402
427.351
-548.09
-262.799
-581.352
50.8116
-159.256
129.439
220.238
-234.915
-420.04
410.087
-370.181
-462.042
-615.335
-265.508
-334.088
-593.265
454.309
390.481
-310.248
312.48
-587.846
-139.432
-376.471
-341.862
491.506
-247.509
135.198
-547.001
-447.61
357.029
331.814
-146.362
-424.41
102.44
-510.335
-297.218
35.9031
-115.606
-101.392
497.66
381.114
-571.195
62.9018
-210.204
-586.798
471.941
69.3826
409.937
483.568
369.664
-231.048
-1.60658
268
198.903
-551.793
373.326
-29.2589
21.9203
116.859
-167.234
375.001
-363.769
367.69
414.471
407.99
-270.478
291.336
-222.839
298.756
-604.225
281.315
-285.577
-78.4503
-578.901
-490.525
-536.572
-544.836
-484.426
496.502
395.26
-118.982
-579.119
-36.9106
428.753
323.522
-196.139
389.065
-405.254
-8.7409
467.87
463.526
-46.305
427.937
285.672
-148.582
-248.19
-458.489
-549.166
-440
309.88
418.352
108.472
-405.145
-596.75
386.519
49.8041
-498.572
-301.302
187.112
-505.502
-540.084
-493.453
467.189
6.61694
-330.139
-232.424
420.407
-273.228
-220.224
-446.004
-181.381
-366.914
-96.6401
-477.264
-449.394
456.664
-117.335
85.9114
-422.586
436.963
241.532
-446.058
480.845
-475.195
-306.994
-508.089
309.485
242.512
-341.726
-594.136
-463.009
-480.831
-275.025
-593.823
-292.112
259.613
351.025
415.07
-282.745
-559.527
372.387
-506.319
-13.0024
-223.683
376.254
459.782
-401.687
56.8976
-376.58
-121.011
45.5834
-251.634
-319.152
-86.4151
-285.659
169.372
483.486
451.913
-533.726
380.597
-522.739
64.6309
29.8307
-481.458
315.38
100.67
-185.029
327.021
-378.745
513.017
341.154
-183.654
334.06
-202.375
79.5803
164.539
467.897
285.209
503.323
-299.26
316.783
-553.413
-372.292
-566.811
223.016
51.3426
-474.841
94.8293
-240.252
411.258
28.0063
474.732
26.6312
232.274
-558.751
157.132
400.584
141.747
-527.191
-556.967
-276.114
346.3
165.968
-583.326
-236.317
-143.027
-407.977
365.702
-416.5
19.7011
112.828
-402.694
232.723
-193.988
418.474
226.324
-89.8053
252.424
426.221
320.799
183.082
-32.2134
473.602
-57.5375
460.994
-396.704
66.8502
-104.809
-9.40804
296.292
-393.558
342.025
253.704
-607.547
-47.3942
-145.001
-537.661
-475.058
364.368
80.9827
-335.327
-433.914
-160.318
-593.115
-170.107
-128.173
212.3
33.0303
265.454
464.725
-4.19345
66.7821
480.777
-42.0571
-422.491
-249.184
-521.282
244.391
-517.932
167.806
-592.285
368.97
-614.341
-546.456
447.501
-594.286
-501.826
153.306
-321.82
-285.291
-452.607
-473.248
-496.87
-84.4954
-584.592
472.758
-557.158
260.92
154.627
-493.003
-152.775
271.485
-109.956
305.006
514.57
51.1247
210.721
-72.9089
-210.231
33.4115
516.367
417.167
269.443
-22.8462
188.719
391.965
509.913
-584.415
-599.868
490.457
-85.4621
-497.619
142.006
45.6379
-540.316
308.369
398.991
-35.7941
-454.5
-5.45966
-377.302
-412.524
-147.697
-618.344
440.136
-118.465
352.345
33.6702
-372.523
-551.616
-157.241
-323.795
526.36
460.218
-152.762
-8.16907
-525.448
-30.9335
452.825
-447.093
-610.175
348.533
392.782
421.783
-438.189
-155.117
-78.5184
-556.3
-488.17
-258.224
-396.758
41.1449
458.135
-522.63
-70.2131
-109.779
-483.813
400.883
316.334
-308.859
-509.886
-276.931
-392.633
-521.677
-611.005
-324.666
59.5253
-442.001
-582.359
211.797
-538.791
248.68
361.331
178.875
275.284
-270.083
315.203
-462.546
330.779
315.939
551.807
431.231
-411.857
339.125
489.599
-228.298
-156.056
-516.571
264.011
-194.206
-78.2052
-626.105
101.95
336.443
-112.42
-71.8606
-405.798
271.635
508.674
-227.931
359.493
-218.4
270.246
177.977
-414.076
317.3
130.76
-405.104
387.758
100.371
361.767
429.952
-571.304
450.347
236.059
159.011
65.1483
-156.165
382.639
452.24
-544.033
-514.161
407.636
-498.34
293.338
-300.567
123.244
-423.975
135.77
148.772
-610.216
-446.017
-590.841
-188.637
-550.282
-544.972
-157.037
-272.384
146.008
97.7565
-168.637
367.622
-463.717
25.6781
171.85
-56.4346
-140.059
269.797
-543.692
-585.191
143.381
356.607
403.606
-356.838
400.693
-560.48
82.3306
-80.5742
-506.618
337.178
292.562
-260.702
-465.623
507.694
-83.9916
193.689
-175.717
-216.072
-85.8161
77.4019
435.82
267.496
184.607
88.9611
-15.317
-461.471
215.391
-529.437
238.101
319.574
-487.966
47.9797
481.24
375.11
-343.414
-173.416
417.902
-523.869
-322.011
19.1973
458.925
-138.752
-583.993
-243.343
-575.429
324.802
-551.058
-318.199
-197.419
26.2636
76.2855
-580.548
-213.43
-265.427
63.6779
-502.071
305.741
-181.122
-593.319
-142.918
-534.87
473.37
-595.484
-24.0034
-522.861
-252.887
414.88
229.755
-539.594
23.1729
344.626
304.788
76.9662
-526.687
99.7715
-487.353
386.901
488.66
453.574
-286.067
-573.537
-145.328
-480.505
-226.596
-392.932
47.2308
-277.735
116.967
-453.833
424.261
280.43
-538.913
-228.843
280.662
409.543
-15.6165
-558.26
511.479
-598.833
-326.981
-545.394
289.866
200.265
133.306
-620.291
-578.016
-173.933
-81.5818
178.44
-534.298
-38.9528
290.465
-596.165
147.193
-38.0679
-457.114
-522.725
-473.711
-380.842
249.606
-40.151
534.175
-264.106
443.567
14.1869
-554.298
258.265
-604.511
402.612
-444.207
234.071
-22.887
-458.584
380.406
52.9219
-434.186
319.574
-31.5326
480.423
410.319
-558.451
398.16
106.266
181.054
-425.731
-483.813
402.966
-210.408
-562.563
-557.648
-228.271
-408.113
0.530989
-548.852
422.028
199.244
-519.199
-493.493
367.091
-584.96
-544.142
-207.453
-352.005
-149.371
-45.8557
-31.4781
122.4
