-87.3092
-78.4548
124.91
-55.7947
162.315
-164.943
-65.643
-149.022
-30.5932
111.803
-10.1342
-124.864
-171.142
-201.277
173.883
66.9773
-145.078
39.5292
28.5736
101.646
-190.049
-18.9749
-31.2058
-179.906
-24.843
-141.47
177.214
-34.4962
-30.5977
-90.7039
-165.419
99.059
32.1952
-16.6377
-31.9637
4.14807
-177.291
0.744293
-185.964
-83.6422
-64.9123
171.628
112.624
92.6508
71.2978
-157.327
-70.7305
40.8635
71.8469
168.428
30.2165
-153.374
80.3655
51.7964
136.537
-127.156
-99.3676
6.93463
-118.143
165.419
-42.874
106.815
128.722
175.585
-21.5028
-175.608
-193.366
31.4191
0.204227
170.82
7.60177
-180.754
-7.46108
112.96
152.203
112.111
-163.127
-41.7439
85.2578
162.687
149.97
-106.62
-100.611
-124.006
-204.812
127.959
122.114
-82.4123
-73.2448
-21.7569
162.569
183.999
-164.475
-108.626
-66.7957
162.555
-158.121
-100.797
41.5579
159.928
-94.3936
115.216
-29.0229
162.092
166.39
176.334
147.175
36.9106
-35.3721
-129.421
-104.487
52.1686
151.94
-178.081
103.162
-52.0052
-61.9533
121.12
175.63
45.1341
45.8557
57.9686
-37.8727
38.7395
-130.737
76.3263
145.591
165.492
-99.8078
-3.78046
-51.2473
189.019
-133.542
93.6992
69.9544
-137.994
-147.579
178.78
167.638
-180.073
-8.85436
-181.154
-124.742
123.448
39.6018
121.637
89.7917
29.7717
15.3805
-90.3998
107.637
114.812
92.8732
52.4636
-192.218
64.8942
120.648
144.384
175.953
-172.749
87.7449
199.815
177.437
76.8437
-187.403
82.2716
164.552
-142.872
61.2181
110.972
106.924
-5.80911
-157.885
166.703
-138.393
-170.225
180.986
-41.5216
-176.257
154.74
-178.893
-180.94
-101.709
-102.481
23.7266
112.933
192.463
-160.935
-45.3111
75.4913
-7.30678
133.065
132.334
180.509
-136.346
-97.6794
-25.6917
156.537
-28.8913
120.689
-167.797
-154.876
96.5085
187.358
-133.215
99.5764
-177.096
-170.956
-167.316
-182.397
-69.3236
157.454
-181.712
-116.019
-43.7544
59.4481
163.49
161.738
-139.146
89.2924
157.336
105.408
49.6634
-37.7865
172.281
-28.8822
103.112
123.957
-79.2127
-21.7252
-177.114
-142.7
-69.0286
134.063
11.4957
-106.366
164.021
160.822
-128.99
-97.2845
143.835
-30.6158
-89.9414
148.2
-47.1037
-184.512
137.622
-94.0577
61.5766
-164.089
45.2249
174.764
171.392
65.0666
-109.906
150.492
147.347
1.80173
134.781
-99.3767
112.588
-145.359
39.4657
143.798
-76.5124
-78.4503
118.606
170.838
-76.4625
192.953
-173.951
-171.319
-150.969
128.976
61.2272
142.133
10.1024
130.392
-189.132
-151.917
-75.1418
75.2053
-72.9225
-70.2903
-191.338
-143.431
166.009
-2.86371
-46.4185
-87.645
-138.929
-197.546
180.899
7.50647
78.5773
-179.624
121.433
48.1113
-185.887
-6.09957
-190.734
-0.353993
173.779
75.877
11.1009
-53.1761
140.535
-121.606
-187.875
186.25
155.725
175.835
176.416
-43.0646
149.072
180.645
118.792
86.583
175.703
83.9644
-183.114
122.958
181.072
-163.522
125.931
-35.894
58.722
-191.106
111.603
145.028
171.069
57.9051
-10.7469
-40.9134
-5.02398
-4.30691
-30.7565
17.6543
-152.172
-144.03
-180.01
2.99986
5.60489
146.48
116.023
175.313
-19.0884
171.923
-169.835
179.157
86.2064
-10.8104
48.2837
7.4157
30.1212
87.4544
-91.4164
-62.153
67.5763
-29.808
169.935
-183.781
124.188
-142.804
-100.992
-106.393
184.589
26.6221
-17.1097
-105.853
-164.271
172.798
69.9635
-29.9669
-16.7511
171.16
7.81054
-168.092
-205.96
-112.783
-168.6
-68.6746
-119.926
-1.17544
162.365
-57.247
-115.974
110.75
-55.645
-0.272302
135.121
-110.741
18.3396
-160.44
-27.7567
-139.382
-165.238
-162.941
-147.615
-37.3871
-127.097
23.2682
122.704
-117.004
180.754
-122.477
56.8249
-162.297
-56.5663
100.87
-146.254
181.943
-189.518
-81.6498
175.712
175.322
-123.308
176.915
-45.2158
-60.7552
14.9812
-12.8118
38.4854
19.0203
-78.532
158.167
-158.398
-195.318
-114.898
-186.123
-183.405
74.815
-187.73
-85.0854
-124.587
-28.4147
155.925
-79.7709
-155.158
-161.843
-10.2703
-202.434
113.459
120.721
158.648
98.0606
75.7227
-201.849
-187.09
-124.401
76.88
79.5622
162.183
-197.396
70.8757
-117.026
-189.504
-187.562
106.166
-139.823
146.303
84.686
118.892
-197.732
23.0095
-114.93
-56.1351
185.592
-157.708
-130.179
-128.418
-55.9082
-28.147
-174.5
44.063
186.595
-62.4752
-146.844
-183.804
-77.4518
-171.85
161.866
-168.7
159.683
106.656
-15.8344
54.8417
-109.298
61.4813
-159.442
41.8302
32.1135
63.7823
181.68
33.8199
-162.347
164.307
-5.54589
-163.744
-123.185
45.0388
134.395
-88.8568
-170.457
154.073
90.8718
-117.235
52.3183
47.9887
-29.3814
-141.425
-194.483
27.7294
89.8234
-176.683
27.1349
-177.618
117.526
128.118
-42.6698
-59.9791
157.277
56.235
170.915
123.362
100.212
182.524
110.732
19.7238
-151.736
111.916
-131.681
127.633
4.84244
159.011
-119.368
93.0638
119.214
-106.284
-76.349
-137.286
156.751
166.776
182.338
-84.1232
79.0085
-31.6143
-180.26
129.897
-116.895
147.243
-24.0352
39.5247
105.227
-195.123
-56.2032
-153.71
-99.5401
-61.4495
139.26
-51.3335
68.6065
-164.915
48.6513
-27.8837
136.514
99.2859
-56.6298
112.366
-157.581
151.808
135.525
-135.271
90.2546
-97.3117
-82.671
-198.363
-185.529
160.699
162.81
56.185
139.891
179.148
6.27657
-199.552
107.686
-137.009
-133.496
180.727
104.119
128.082
170.929
-178.857
87.5179
105.817
122.545
-126.28
30.2392
-159.565
110.695
-166.245
17.9129
69.0332
91.8339
89.4604
135.157
75.5139
11.0101
63.3874
65.0122
-141.293
-176.352
21.2123
2.25103
-58.1864
-11.6863
-191.483
-73.6169
-159.773
-82.671
-169.871
75.2598
138.647
-133.505
13.2883
23.0912
44.6349
152.911
122.527
9.95265
66.3374
-90.5042
-151.926
28.3557
96.7717
116.523
101.346
52.0914
23.3363
67.8849
-28.3739
-139.414
-172.172
120.026
-118.188
-175.086
-136.015
-143.739
-90.6903
111.953
-19.7374
-48.4653
-45.7195
-61.74
12.0221
82.1264
-186.704
157.354
139.487
-97.1121
-169.318
-195.304
143.894
63.1741
6.24026
15.2308
-81.8904
-182.91
-26.7582
180.278
-185.624
192.604
31.2603
-38.7531
-133.61
3.43555
-163.504
-118.529
-194.011
187.303
132.625
-197.396
82.1309
89.5239
-168.841
-43.6864
29.7036
-67.7488
167.706
58.6584
-188.687
178.108
-33.5476
41.7212
-96.5266
114.253
-39.8787
95.4919
-46.5637
-80.3473
158.866
171.6
46.8451
-25.5692
-125.431
123.471
98.0969
77.3656
-157.196
-147.066
69.4552
-156.91
175.848
-189.981
-123.811
-197.378
160.422
151.917
65.4161
-16.3336
98.6506
-116.859
107.514
65.9879
-2.43257
170.193
-15.2489
-77.5199
-19.7328
-168.201
147.901
-178.898
35.4447
189.082
100.788
-106.565
-9.83919
-159.211
-140.531
-188.138
112.547
-183.999
153.51
82.7481
96.0728
-134.585
142.931
177.423
-111.798
-174.405
139.573
-128.105
31.5371
-160.994
-75.6047
19.3834
-149.208
-67.7397
-153.846
40.514
141.629
-120.866
-68.1346
141.279
-151.895
179.892
55.8083
56.6116
23.1684
-24.4482
107.768
-167.139
-73.4762
182.833
175.531
-125.813
-182.07
55.1911
-56.0353
42.6244
114.921
-92.5737
-195.99
79.6393
-72.3144
-45.8012
95.6008
189.132
161.203
146.34
-121.111
21.3394
159.079
-146.884
90.8945
-57.5783
-165.782
5.20551
93.5313
-144.956
-40.387
-4.97859
-179.642
-145.473
54.8598
-159.451
-193.766
-88.4846
74.6244
-36.897
-142.904
-153.506
-160.313
92.197
20.7494
-28.914
6.79394
-107.659
136.46
-191.987
147.674
146.24
78.9177
99.9168
-102.717
-68.2889
-163.803
164.67
186.332
-97.5659
101.11
-15.5258
-170.888
-193.38
131.645
137.172
-172.98
-92.551
-49.5136
-167.652
-171.51
17.3275
112.67
-104.927
171.569
18.8705
59.7885
-194.269
-144.098
186.654
-157.373
136.673
129.607
43.2824
-141.779
8.56844
174.972
-38.0542
3.35839
-11.5411
-199.956
26.3589
-121.415
98.0333
110.455
-62.7974
-7.8423
-53.7933
-30.1665
-86.5059
134.835
-145.096
-119.155
-87.3228
31.46
-190.779
-148.25
-17.3502
0.290456
139.982
-194.614
-182.778
-178.889
-87.4589
28.7778
-121.696
-198.481
188.034
62.7294
-15.0583
99.8442
16.5242
42.5835
-84.6633
76.6258
4.7426
141.633
20.4771
6.62148
8.12368
-190.625
-174.863
-0.957596
171.596
42.1025
159.791
106.116
117.721
74.0526
6.58064
-104.029
67.4583
174.378
154.473
-158.87
-47.7437
-186.831
-153.778
-118.869
157.985
-102.318
150.474
-58.4678
-143.767
110.269
100.738
140.581
174.954
124.174
-91.1577
153.687
-185.628
73.8711
-121.333
-185.928
-183.259
-3.2994
-159.315
-151.178
-149.871
-127.369
-132.57
168.038
-134.835
-91.6297
71.3568
-48.2565
150.393
-42.7061
-176.733
-12.3081
-32.0182
66.823
183.768
136.138
57.4422
-44.5986
93.7219
60.3966
66.0288
21.8976
-177.881
-109.361
-50.3078
62.7747
62.3391
-134.1
-172.562
-35.9031
160.894
156.855
-28.3058
128.304
93.9307
-200.151
-183.132
155.24
-61.2499
17.7859
85.63
85.6708
-183.967
169.227
-73.8801
110.382
-166.44
-61.7945
183.754
-6.19941
-175.077
77.8285
-131.613
-153.424
16.2156
-180.35
174.582
54.7327
-83.7602
-35.6897
-116.396
161.984
-176.211
-18.8887
-1.87435
-134.59
166.045
-130.469
-153.215
-47.8843
-21.6208
-175.871
81.5999
168.46
-163.059
144.243
118.243
-37.6186
-178.145
-179.892
136.333
-176.139
144.061
74.1116
132.044
92.02
-169.567
-166.064
-143.816
174.06
-62.2846
101.65
-131.363
174.573
-93.5313
-188.61
-109.683
163.617
-104.668
104.836
167.847
-196.843
-199.516
-59.8112
74.1524
137.962
-92.4466
129.988
119.917
-204.381
58.8627
38.9347
-121.937
-193.285
156.633
-68.307
-15.1355
79.5032
3.93931
174.201
-142.764
-91.3392
122.913
143.88
10.9602
-192.726
111.898
-14.5001
30.3027
175.258
155.548
-148.459
174.283
124.161
-167.534
-33.9062
51.1293
-143.993
74.3794
100.688
-6.86202
9.60319
-145.668
-123.73
-192.663
100.207
-151.464
-180.246
-162.383
-159.12
-44.7619
62.7657
6.29926
-62.8837
88.9339
-188.306
62.9971
184.68
182.978
13.1749
-136.115
17.4546
186.001
-185.284
133.868
-9.04043
32.3041
-33.0802
-148.999
40.7818
-178.313
147.116
-125.935
118.569
-167.098
47.2807
5.13744
-170.311
-88.3439
-186.94
-187.294
135.534
23.4815
17.1823
-96.69
-9.39897
168.219
-124.728
147.234
-173.234
86.2563
108.699
120.943
160.363
-179.524
-131.735
-5.67296
-76.6531
-182.833
-78.0101
174.264
124.401
-173.207
142.777
131.313
-143.798
6.34464
-171.546
155.108
181.83
153.851
-131.277
142.282
26.7582
93.7491
-106.198
-173.643
76.0132
-184.117
45.1432
-128.014
-59.6387
155.358
27.1621
-69.1466
166.304
63.7414
-140.844
-167.906
128.254
-176.806
81.2096
117.625
190.335
187.516
142.85
57.1699
-129.098
-75.5412
177.328
166.39
23.8128
138.289
140.758
-0.785138
145.169
-35.0635
-15.8026
170.248
-9.06766
-11.945
167.843
8.33245
17.8948
131.304
21.3666
-152.022
169.249
-134.127
-159.692
-191.406
56.0035
-129.516
-191.587
187.044
-146.68
113.709
-72.741
-176.697
-163.34
-13.6832
151.808
-64.3632
-24.5299
-131.291
116.3
36.7472
137.004
-62.4253
144.17
-33.3343
152.634
-66.7594
6.0678
1.78358
-33.6611
135.815
166.431
-176.465
54.8099
-171.618
-197.469
161.648
-132.148
140.721
102.717
140.499
64.2588
-98.047
53.5392
-171.473
9.32181
-127.796
133.051
-151.2
-149.807
20.8947
65.5431
-19.6421
-49.5953
-167.253
-150.715
-42.9058
-49.9538
-125.164
170.37
-9.05405
-186.264
-148.663
193.43
80.9872
33.0938
103.729
177.033
-172.381
97.938
-193.584
152.063
-35.5854
27.0578
-154.545
85.1671
-60.4965
-25.3286
-115.138
125.254
26.0049
-172.326
100.28
-31.8276
111.245
163.44
-135.643
147.865
-45.4745
-196.375
-105.172
-178.957
63.7732
-112.792
72.2009
130.201
182.865
150.161
-178.376
-145.727
-202.797
-109.801
168.06
-119.727
-102.032
-117.893
39.1525
114.821
142.06
-114.09
137.44
-135.248
-140.508
-187.988
150.157
151.985
-153.415
-142.559
-129.466
77.8331
62.7248
186.627
31.6869
-133.437
-147.247
146.145
184.916
-8.0193
36.375
165.21
178.871
60.914
55.0641
-110.228
-78.541
-11.4049
109.57
49.7587
180.092
166.563
160.477
-127.07
152.948
-73.6033
-113.754
105.422
8.6456
152.839
186.541
53.9385
-102.776
-155.117
-91.4209
144.438
136.01
-27.439
26.5949
130.505
-19.0294
-170.634
-123.725
-79.5168
-178.644
-142.282
35.6625
-102.377
99.59
175.381
-26.259
-155.04
-188.987
-1.47043
-164.289
140.785
-175.158
172.136
130.333
51.8827
-141.938
188.292
187.244
28.4737
-71.915
-177.446
181.036
42.2976
-129.802
79.6802
-100.548
-155.344
154.872
-166.499
130.728
152.843
94.9109
130.238
106.493
-80.5969
56.9475
-167.162
100.216
-193.63
-144.765
46.8995
-78.1281
-94.2075
126.788
143.966
-139.464
-155.938
134.077
151.323
-124.029
-193.38
112.983
130.16
-19.5831
165.097
-92.9867
72.7546
-60.5464
184.771
118.311
166.658
60.1016
146.617
-149.948
-72.1056
-181.235
-78.6681
164.185
14.8495
-175.535
163.69
154.522
178.281
92.2152
-181.24
-15.14
0.553681
-180.142
-178.077
34.3464
-118.937
-36.8743
-166.617
-140.948
135.824
-189.631
-103.629
137.168
164.756
94.6023
-173.13
-167.611
130.546
4.79706
128.876
-93.5222
-105.213
166.263
-22.1064
-5.56858
203.432
127.941
126.153
87.0278
23.3635
-46.9676
-48.9463
-54.0701
118.638
-46.0055
-177.645
92.8596
-68.3297
-69.9363
84.3592
-62.1167
-188.901
-68.6429
143.939
4.70175
-172.912
-117.503
131.372
129.729
-179.983
-83.5696
-109.239
156.891
191.492
-178.812
-197.406
33.6429
-17.2867
-95.6416
-194.977
163.772
85.6981
33.6021
-135.484
123.485
-141.792
42.9511
-69.9635
-178.317
117.054
116.709
187.616
53.0263
-49.8358
117.843
156.37
48.3745
-187.072
81.2278
-194.628
-165.41
-123.058
-129.162
158.335
80.6105
129.285
-29.8942
40.2962
87.0868
-129.339
-190.553
-97.9698
-68.1709
-189.563
118.265
-35.9303
-12.898
-169.658
-62.6976
24.657
68.425
-84.8494
131.218
177.087
21.5119
-78.2824
-110.85
-119.981
-67.481
125.99
-138.956
168.687
-30.3163
-109.552
-188.71
-192.427
125.527
74.6017
-164.974
7.09347
-129.443
83.1793
-164.28
118.742
-37.5868
-104.528
173.143
-92.0881
177.546
-133.024
-167.026
131.304
-20.9446
3.19047
-21.9975
-136.006
-190.966
-181.766
-98.7368
-168.26
-143.108
-31.1196
-175.93
154.241
-18.6164
-159.941
48.7875
-95.8095
136.691
-78.2642
-15.0402
111.544
105.567
-162.578
100.207
-79.1174
27.2166
139.868
-71.8106
-126.021
122.327
37.2328
-195.785
21.9249
-166.241
-166.545
169.599
48.5197
-153.415
6.54433
-72.505
76.2219
-26.3362
139.423
-199.393
-114.794
-189.686
-115.207
46.7361
-149.054
-203.219
8.92244
74.3567
136.283
-157.336
-43.7272
104.845
149.616
-192.454
-68.2344
-119.005
-126.226
15.7981
148.123
-84.9038
95.3784
-30.5568
-95.6961
-142.968
-103.915
107.36
-86.5876
-16.2156
143.154
-171.001
-139.115
-46.9131
145.75
-27.1077
179.847
-145.173
12.6893
-39.5428
-32.227
-41.9845
0.272302
124.27
-144.207
-162.564
164.52
103.992
92.8823
-114.122
-151.908
-168.383
-199.216
144.742
92.9821
-56.6616
-169.658
37.7139
72.859
-144.429
-110.01
-160.204
-188.315
174.5
17.9084
185.955
160.191
155.289
-112.347
95.6507
-96.7172
-55.772
-184.625
-15.4713
-54.7327
-20.94
-156.637
46.0282
34.9591
164.675
125.3
-33.2481
-187.752
-106.801
180.014
-88.6798
115.447
1.08013
-175.431
-97.0394
-19.5241
122.513
167.407
16.7557
-192.35
-164.348
-175.403
184.657
-157.486
169
118.338
-72.8363
112.479
-123.026
-20.6541
92.5646
-170.357
-113.06
53.3122
-173.715
49.9402
-49.7042
173.888
-151.781
8.04653
146.254
-88.9793
-176.161
17.2821
-42.9557
110.986
-192.454
172.013
113.123
64.8579
-36.9968
98.7323
149.943
170.906
-185.238
56.058
-165.496
90.7402
-39.8424
-164.18
134.649
125.223
-85.0854
-138.729
167.588
-157.613
23.2047
100.92
-200.896
145.219
114.371
-67.5718
159.374
156.692
73.5897
-117.78
-97.5659
-150.497
-191.265
69.9272
-90.2364
-143.213
-162.669
-110.441
-177.169
-145.482
96.0682
37.0286
-203.292
-41.8755
-118.265
56.1487
-125.627
-133.555
104.097
-85.8433
130.369
-71.738
135.911
-183.831
82.149
-44.9072
-152.544
51.0794
154.704
9.08582
-114.117
52.4726
77.6969
-98.8321
129.829
-84.0915
-117.812
17.0007
136.605
-92.2197
-18.8433
-142.246
164.634
-185.887
-54.4695
123.031
86.692
-191.696
161.434
122.046
141.565
-16.7194
81.6861
-150.057
109.407
120.276
-146.785
-18.3577
-46.8269
-145.441
-96.3042
8.14638
159.097
98.764
-135.97
132.675
7.629
106.579
2.32818
175.989
-133.237
-190.657
-72.9362
171.264
151.945
-138.438
22.8825
51.5423
16.792
-193.421
-125.781
-142.242
119.209
126.897
-178.748
-21.2577
-70.6942
-178.186
-98.6324
-107.573
-93.0457
-164.021
-74.3249
-12.3035
173.375
189.155
12.7664
-75.1282
79.5213
131.104
144.488
45.5335
-55.1367
34.5052
165.428
-66.5098
29.4722
-187.09
14.7043
-203.487
156.111
156.401
-142.437
44.1901
-1.01206
-97.5931
172.367
-189.132
-145.986
-192.005
155.208
156.478
93.7537
-106.225
140.227
-93.967
78.709
-175.045
149.73
-50.0083
-85.0128
57.4149
-152.516
-83.3381
-39.6563
81.2278
-133.169
-19.1655
-117.299
132.579
-17.6406
-53.5709
-154.318
-138.384
30.5251
105.989
-66.6959
-111.599
146.639
-139.146
-59.784
-123.725
42.9784
-47.494
181.281
-194.623
-9.31274
188.002
-161.947
137.063
89.2788
-141.561
-145.709
61.3769
163.036
-10.5608
40.7455
-14.6907
-39.6381
-172.867
-2.59595
-59.4209
72.5867
-189.904
-93.6402
158.462
-135.525
-176.42
75.3733
181.893
75.9587
-118.261
127.628
-136.482
167.666
-167.697
75.405
-36.6065
-14.255
-106.289
-27.1531
-10.3656
175.975
-81.9357
-184.621
97.6748
22.6283
107.396
-12.6938
-22.769
36.4023
-142.618
79.7482
131.536
-145.782
168.101
51.6875
-61.1409
-188.923
137.971
172.408
167.389
10.5018
-84.6996
-111.045
-48.488
65.6112
-152.299
-50.4803
-60.9458
3.24947
-180.886
-41.0949
7.66531
-101.119
-8.05107
34.7004
-52.0687
108.322
-200.119
-180.178
17.6633
30.3209
132.879
108.463
175.308
40.0647
187.221
62.0259
146.712
67.7443
76.9027
-127.683
70.0498
-117.281
-99.1543
109.089
176.792
79.6983
122.572
-179.238
-123.38
164.924
111.458
-25.1925
-153.728
-169.154
-143.494
-79.5713
184.993
-109.003
-52.8493
165.088
-14.7633
-200.365
106.615
163.513
-10.6561
177.832
-34.4326
26.1274
-168.737
177.773
-29.9578
144.602
82.857
62.1303
150.896
-186.178
23.0413
-188.687
-181.122
-106.62
175.195
-182.787
-34.8865
119.55
107.169
157.708
-172.426
-85.5029
156.642
-43.4322
29.9215
-2.65041
-153.088
-21.7433
-19.1065
-1.74273
94.3618
-96.5901
89.6827
79.2808
69.8319
179.311
-127.832
-21.2305
6.04057
11.7589
-36.3115
53.698
5.30536
-168.882
-110.405
44.9026
-132.003
4.89236
97.5931
39.1888
-159.261
162.61
86.3788
15.9161
152.14
130.224
-174.909
165.247
-134.445
-141.493
-37.9226
88.176
-195.527
-93.8263
137.068
-30.8972
-60.1243
189.214
31.5417
-30.7475
-158.861
-106.493
-18.5619
-175.767
-191.211
28.1561
-172.817
12.4442
66.8366
-66.233
162.692
160.413
-193.68
-133.21
165.188
-113.686
165.101
-85.0808
-55.8447
-16.5696
23.1094
-148.373
-19.928
66.1377
-175.558
140.163
74.1388
-135.212
-146.426
-48.6286
21.766
-15.7209
-44.8618
-1.4432
-16.2247
147.742
174.528
-189.681
129.008
94.979
99.0817
74.7016
181.004
141.96
-64.4721
-16.7057
-65.8381
5.27813
93.0139
175.83
-93.858
-183.831
139.124
7.27955
145.287
-190.87
169.118
44.526
180.813
22.9959
69.1784
91.0261
-182.81
-25.6327
167.057
179.883
-123.149
-18.5211
142.446
-182.347
6.72587
-36.3297
173.606
-178.367
5.90442
99.2179
-193.144
-19.397
141.311
-143.149
153.692
-132.92
137.245
-25.0927
-74.0844
178.912
-154.799
139.401
-120.993
57.4104
-17.8721
-169.508
161.97
173.066
-89.1291
89.4286
140.562
127.973
-73.8892
-185.411
62.8156
-103.842
-202.321
48.8465
-198.268
-173.189
-164.843
46.6545
117.526
-93.967
-68.3706
157.845
-122.817
185.81
-172.399
-65.0349
153.315
-12.4805
-42.5064
-86.524
-162.328
-174.092
-74.6244
82.5348
84.2821
8.56391
-172.708
-168.124
-34.7548
98.0697
71.2343
43.0828
-112.869
-128.195
92.4103
79.3126
150.946
-73.5398
-157.209
-72.1374
-118.016
-118.442
-166.313
-145.909
-104.9
162.383
7.09347
142.214
-100.756
-14.1824
-194.011
-131.458
162.9
148.11
-127.115
-137.703
-81.1778
34.8048
-103.275
-123.285
183.287
101.673
106.82
-172.667
-5.70473
84.0052
131.962
-51.7147
-177.405
10.1206
-180.387
98.6006
52.3546
-151.6
163.059
172.072
60.855
120.993
145.105
161.884
-191.056
-125.781
158.947
-174.609
-158.221
-180.264
77.8013
-103.938
154.386
108.989
-44.9253
-75.7817
-174.528
30.0032
-190.589
-99.5083
-126.661
154.423
-169.898
-75.5094
162.442
-39.856
135.638
77.6651
153.129
-24.6116
-148.35
89.1291
89.9278
-70.8394
-202.016
120.126
2.11034
-1.50674
-157.572
142.482
-99.5083
-195.586
145.196
-76.1039
-192.468
93.3452
-173.202
-142.809
108.975
28.9185
66.2148
-138.425
-34.3282
182.007
-36.9968
145.232
102.894
70.8167
-129.353
-141.629
-192.304
162.242
-174.183
-173.034
102.849
-40.7818
-197.07
96.2815
160.89
87.8129
148.359
-79.2626
-128.89
-8.62744
-97.9199
114.639
143.757
-63.8231
167.833
178.834
-6.80756
-178.499
-40.5957
-183.691
-54.7373
111.662
-157.94
-163.817
-169.908
98.283
-143.621
-137.354
-67.6308
146.027
-110.732
-153.37
123.793
-78.1054
19.5468
175.912
178.426
-97.643
-57.306
21.4574
56.3938
-76.5215
-172.994
4.79706
-176.125
161.475
-0.912212
127.855
-39.8605
46.541
52.0233
148.908
139.854
-180.323
-165.714
-109.751
173.552
114.884
161.207
131.572
-169.445
-55.704
168.283
27.8202
-91.6524
-177.078
137.449
-43.6637
84.8857
28.8141
-167.634
-188.669
-147.951
105.608
-20.9718
-114.775
-122.472
-5.24182
-165.619
80.7512
-141.974
-112.039
20.3591
-49.0008
-173.18
-165.932
-134.853
155.453
-150.461
26.5222
-49.5363
185.125
-35.4492
-162.31
-155.702
-130.551
-150.029
-186.808
94.2393
-17.1369
-129.039
-84.1732
-147.552
188.025
14.9222
-72.8681
18.5166
-136.36
131.354
-173.992
15.671
-131.767
-190.68
166.041
29.5993
166.953
-3.41739
-137.708
59.7522
30.0849
114.299
122.876
-69.4915
-150.878
108.708
34.95
22.9369
36.7699
-163.291
16.1838
-102.145
-164.861
89.8098
128.345
125.391
113.055
-32.1725
100.883
-19.7646
-93.7854
32.9667
83.0204
165.029
-161.734
31.8321
173.116
-188.51
117.88
-118.12
164.366
-13.774
-155.78
70.3175
-118.052
108.335
-73.6668
49.3412
-118.243
143.258
142.364
128.495
147.706
154.237
-16.0568
90.9399
-60.6916
-27.0714
-193.938
71.2433
-119.178
-64.7308
-191.778
-16.1838
-26.6085
-177.455
112.157
-95.8595
-171.891
131.59
-174.591
-143.39
-188.587
-54.7645
49.5908
-122.354
50.8524
-42.7015
-5.6775
-25.3423
163.449
-196.888
-24.4845
-100.933
-113.931
105.263
-117.113
167.171
-90.958
-191.392
-70.9892
-8.81352
-122
-125.05
-163.699
94.6341
109.157
89.2834
-109.366
15.4259
-185.933
124.392
129.902
-121.075
-81.0235
140.385
-32.5764
-116.291
-74.3294
-177.36
-149.821
132.743
104.274
-134.408
-4.64275
156.528
160.114
-45.5199
-187.707
-147.52
125.341
-154.273
147.697
-166.522
-55.7675
150.987
-13.0387
128.486
125.427
-47.603
-159.551
167.829
102.29
167.017
20.2003
-192.527
-175.472
139.065
-191.823
167.529
152.498
25.4421
-189.132
162.664
-167.82
-75.995
113.496
-80.6151
-19.8871
-182.683
-13.2657
102.567
11.7317
131.681
7.80146
-23.8809
-29.6446
-69.2964
118.524
-182.651
166.073
-79.7392
189.976
-171.119
-11.6636
188.052
164.221
-179.002
11.4004
106.366
-16.5877
91.6842
180.201
96.8352
6.85748
34.0469
148.182
146.444
-135.865
127.483
149.635
-84.8993
-145.496
-197.16
-189.132
-37.1103
-139.959
-42.6516
-36.9741
-42.4746
-132.861
64.4812
28.2695
-5.92257
-193.09
-152.022
-194.542
162.564
-178.748
109.27
-171.464
-65.3525
145.364
77.0978
55.5678
179.638
-92.9004
28.4057
-136.927
183.032
-136.192
153.892
160.404
-88.7115
48.8056
-181.503
159.882
67.363
177.927
124.987
189.173
-127.769
-142.782
-193.607
-145.786
179.738
-35.6398
133.923
71.9377
-122.708
167.72
-197.651
-64.0046
-162.015
169.898
153.824
-29.0592
-175.885
-169.263
-157.345
-134.027
9.44889
-97.6839
155.603
86.3425
177.945
-162.655
149.403
-58.2908
-177.364
14.01
-18.6436
181.562
96.3405
-108.689
-116.645
165.079
163.958
-33.4024
0.186073
144.007
-179.679
110.033
178.68
-118.914
7.38847
167.634
165.596
126.92
-54.8054
32.7217
-115.402
119.051
-90.1638
115.974
158.757
-7.73338
62.507
169.871
169.504
-117.948
-39.0935
179.724
140
50.4803
-94.7339
-108.431
-81.2414
-126.779
110.35
115.352
-72.741
-42.5291
-168.632
-125.291
85.7253
-141.824
-179.747
-163.127
-2.24196
-5.41428
10.3656
35.8395
34.5869
59.2575
24.775
67.6671
-165.9
-9.8528
78.3867
65.5068
-191.424
105.272
88.7524
-207.281
82.4259
153.474
-62.271
-69.1375
137.717
20.3682
-193.916
-56.4301
41.2901
-168.374
-112.13
163.082
-158.571
75.3188
-145.713
173.475
89.1654
-37.7774
8.11007
29.7218
-151.872
58.8944
68.9605
163.563
134.676
2.83648
132.166
-181.163
-154.681
-5.27813
12.7392
25.4194
-121.951
105.476
-62.5387
76.6485
-153.647
-63.2694
-187.312
77.9964
-144.229
149.244
174.7
-185.256
-157.731
-69.6595
-165.079
64.6082
147.778
40.4414
-9.54873
-197.351
14.1869
151.101
-134.386
-105.063
37.4461
173.629
-89.4921
21.2986
89.0973
-181.263
17.0325
171.392
-161.761
181.353
51.8736
-199.366
-128.649
59.7567
171.823
-53.3758
-94.1939
-189.368
-46.6272
158.947
5.99519
-177.872
6.19941
130.011
-115.828
179.983
56.7705
-124.483
-37.0513
29.2407
-107.764
-86.1882
-194.047
-58.0775
-124.996
-182.406
1.74727
4.59283
-91.2757
163.2
73.5624
-195.495
-77.8921
172.027
63.9366
-75.6501
167.688
-173.348
143.376
102.2
35.658
-92.6554
-82.0492
98.1241
-72.8681
-148.972
142.641
-52.5952
-5.67296
-107.972
-51.3063
74.3113
-136.614
120.181
141.416
-0.508298
-25.1925
74.52
174.682
111.83
-203.591
149.984
167.375
-94.7975
-40.0965
151.786
-164.893
5.43243
140.367
93.8308
-49.4229
-22.0066
31.5371
52.6814
-15.0538
156.469
-99.9576
120.067
-16.4153
165.16
-20.6904
90.2183
-53.5619
-161.906
139.7
-65.8427
-104.8
160.363
25.2152
70.6307
-50.3668
173.198
-55.3318
150.983
-101.546
-133.551
164.516
158.702
-41.8165
-129.053
141.257
-170.951
142.201
51.5559
-149.689
67.354
183.75
-195.685
177.21
71.0663
-197.555
-28.8096
152.798
-109.411
-66.5507
-177.369
-159.946
-43.6228
-163.286
-48.202
154.164
58.3362
12.8527
37.7456
-180.768
27.7113
-82.7844
-70.971
-118.238
-185.923
-177.99
-21.7933
148.273
-114.907
99.5492
-134.499
170.942
68.9968
100.198
-51.3789
-147.647
-92.2515
-5.37343
-73.567
-149.399
-127.796
-17.559
153.365
-68.3342
136.305
137.358
164.044
180.618
-104.569
-150.946
123.979
55.7493
49.9448
-184.798
64.5039
167.08
-156.488
-141.624
194.21
-103.33
64.7399
-111.462
-160.858
-150.629
-175.776
19.3198
-6.75763
-162.614
-128.005
147.27
178.44
173.27
159.959
51.1202
-90.1865
-158.825
164.176
130.315
-4.76075
180.019
-117.208
-168.355
-64.7081
-138.838
-122.15
-118.724
-115.697
-76.3127
172.499
-157.068
165.074
-72.6094
17.9039
175.018
-119.355
-37.8364
9.51242
41.0904
-21.5073
39.9014
-173.797
-198.132
-192.268
56.2077
-172.095
63.3602
-119.114
-167.847
-73.9709
159.814
-144.579
-94.2756
154.586
39.148
-24.5889
-42.9284
8.15999
-143.898
170.643
-29.1
-130.61
49.7905
55.1276
112.91
-66.4054
85.5846
-160.309
-94.2302
-167.271
167.729
176.602
-105.812
-180.859
54.7917
-49.854
132.048
-8.19176
-171.782
107.314
41.399
157.395
7.42477
126.062
-181.158
-43.0555
158.534
131.399
-51.7783
-48.2293
131.136
27.5524
133.092
-61.9941
-63.6007
178.635
134.517
151.831
-184.471
-192.059
136.319
-88.0989
81.8813
93.4178
141.874
-196.18
-162.859
-154.019
-165.31
-27.9246
-181.612
154.745
-33.7519
-79.1492
7.688
46.6681
170.184
-74.4247
145.182
102.032
-45.9011
-177.6
-110.337
-140.608
-180.464
-195.894
43.1644
-172.018
-130.174
-63.0652
-22.0156
-183.927
-163.082
45.4926
46.6272
132.802
-181.113
-192.286
16.9417
5.19643
-94.8429
1.81081
114.503
-190.53
-176.329
-194.519
127.651
-83.4425
-160.826
-197.805
184.725
-109.116
-54.1337
41.2356
69.4371
41.4126
166.899
-23.2909
148.686
147.574
-194.356
-66.4826
140.544
-91.0715
167.552
-13.1749
-163.227
46.8224
30.0349
87.645
151.509
-143.667
134.322
-3.12694
33.3888
70.7759
-38.2222
104.827
-155.634
33.3207
104.723
-57.1063
172.699
-170.656
-174.509
69.8546
-194.038
-92.0018
-177.627
163.1
-164.983
112.411
-190.938
-96.5584
185.642
-177.804
-46.777
-173.075
-57.3423
127.097
7.76969
48.5923
-161.425
-11.6545
28.6417
143.708
-173.357
-156.91
-174.146
100.026
143.821
69.7094
-133.914
-170.321
140.168
88.3485
-13.4699
97.2981
93.9579
171.541
-197.791
-146.308
-98.6188
51.0703
-67.2587
-159.742
-89.5511
9.39443
111.258
-181.004
168.142
89.0791
-3.77592
67.4493
-29.5085
-4.89236
-85.0672
-15.8616
176.642
149.462
-113.273
178.875
57.0655
-15.9342
77.5698
69.6867
-96.9623
172.794
135.806
-173.112
146.825
102.962
62.0078
-7.05263
-34.5325
-71.6473
75.4913
44.9934
164.139
-198.672
-153.583
187.131
-82.8298
181.784
-176.606
-185.043
155.285
43.2461
17.2095
45.0206
-155.893
154.391
-177.037
-37.378
-29.631
154.609
40.505
16.438
-74.2069
-126.09
173.048
185.048
-105.268
-5.22366
-105.15
158.053
-98.8185
137.985
-71.552
-74.6517
84.6542
70.6987
155.952
-158.952
118.914
150.229
-133.074
-51.3925
-168.673
-77.1115
-73.3628
49.6271
-139.836
55.536
-153.669
-155.943
54.2154
-143.186
-163.645
159.093
-174.423
94.4616
-160.785
-194.646
45.7377
-163.068
122.395
167.448
176.375
112.851
143.172
-71.7834
-7.11617
-12.6893
-2.63679
170.488
-165.75
139.805
154.904
-147.733
133.714
-164.198
-182.501
-124.991
-102.013
70.6715
42.638
46.1598
-39.4929
-56.303
-148.232
-78.5274
173.211
-92.2015
-179.03
-120.807
183.414
79.7165
-185.56
-44.1084
157.354
73.0859
186.781
65.5795
-142.5
-95.1242
144.288
-159.914
-67.1089
-142.99
-88.6117
-146.812
161.226
181.426
-168.514
-60.0517
117.716
-179.356
-156.115
-124.515
9.98442
11.8542
72.8908
-137.735
161.321
-70.9937
158.235
-61.091
82.9614
-154.727
29.5176
169.481
-154.25
46.9585
89.1427
181.045
196.384
-73.3582
66.5189
-113.35
-171.873
-52.4
-41.9618
-119.073
121.252
-71.9922
174.623
-49.6498
-108.385
-166.354
22.9278
-176.892
-134.672
-186.386
172.159
-175.894
-96.8352
70.5399
32.2088
165.074
80.8874
88.8431
112.606
-80.0614
-69.9363
43.9224
79.0176
130.878
-129.253
-170.879
-143.785
-42.9602
-10.8785
-148.11
7.85592
-191.569
-164.657
100.675
-137.467
165.269
124.873
-72.9952
162.024
-112.978
48.2247
-56.5436
26.2091
-179.597
84.5498
-104.246
-91.7023
-170.67
163.263
149.458
-28.274
-95.333
-181.744
73.4399
-57.0972
175.158
-36.2117
-32.4176
0.122536
49.8631
118.188
3.10425
-185.483
-184.38
59.2757
119.355
-91.7341
119.6
-34.2783
125.74
-146.975
-171.895
166.472
109.316
59.7522
5.53681
160.136
-165.682
-161.362
143.521
-81.9539
165.101
-168.941
175.167
46.2415
-76.4489
79.3216
144.379
174.233
-104.124
-107.941
55.5678
-195.772
134.653
-59.6569
-135.003
-171.587
-1.79719
49.4183
-67.531
60.6372
-119.981
-130.991
152.108
-125.949
137.649
177.927
113.791
118.683
-78.532
126.08
-126.602
91.0306
111.077
6.93009
68.6882
-45.5652
127.179
87.0505
178.748
116.641
-165.623
-50.8842
-43.1372
84.3184
52.8312
-198.762
-162.306
-93.9987
-121.17
32.1725
-185.683
-63.0607
58.899
185.51
-139.55
156.347
11.7907
-129.838
-139.128
-11.1054
27.3845
-129.816
122
109.897
-121.261
-59.8702
27.4526
73.0905
82.0038
43.9723
-37.3916
91.017
51.6058
91.253
-39.9921
6.31287
113.627
-50.0446
184.444
-117.598
58.1638
51.3108
73.6804
169.79
-9.14028
-184.616
37.6639
-68.8879
137.64
-151.264
17.8176
-36.4522
-157.963
78.5138
-1.16182
-152.684
118.91
195.1
143.285
131.222
-183.627
188.606
67.7624
-80.3337
-155.321
-55.4362
164.534
97.6067
-172.576
-178.349
93.2544
-184.698
43.3551
126.943
-85.9613
-138.429
-93.967
-110.759
-72.269
181.485
-47.0402
-75.7681
-110.4
-183.146
-145.795
78.2007
-45.6288
-47.426
81.8586
-142.995
-162.592
-140.848
-180.813
-196.425
154.581
-85.099
-69.5324
34.6232
97.8518
126.053
-37.6276
-105.744
88.6707
-111.83
136.333
75.3324
190.035
173.316
78.2415
-56.539
122.236
-148.84
11.6364
150.669
120.703
82.8933
-20.754
-148.491
165.101
167.52
-167.484
161.943
-66.3283
-156.447
-156.252
-158.566
-156.819
-50.1445
169.98
-103.411
28.4374
142.105
-147.57
-67.776
-1.37966
148.4
76.2083
-122.005
-176.493
180.468
75.2416
-61.7082
86.6693
-32.4993
-78.8587
89.2153
148.554
-147.47
-175.925
-18.9749
-156.792
182.896
-128.636
85.0808
-106.929
159.95
-148.868
-57.5783
-60.9004
4.19345
-70.7623
-112.742
-58.9262
157.041
47.6302
98.6914
-165.828
-89.2153
-66.0151
-38.4763
-108.939
92.9141
-149.884
-152.53
-89.1381
-153.583
-100.38
165.342
-21.5754
187.938
-71.3568
57.1925
-164.471
-171.886
181.526
175.059
-7.96938
18.1399
-189.722
17.5862
127.002
-128.44
126.67
-150.733
57.1018
-177.918
-191.701
99.6717
-170.525
-160.581
-173.139
21.521
24.5707
-132.679
-132.058
133.705
-169.127
-73.2085
-177.028
14.1643
158.861
146.394
-193.956
-34.7639
177.627
-58.84
-7.36124
-158.779
99.0046
-29.4676
-156.156
172.059
69.3463
128.141
-179.656
-4.62006
174.718
-159.487
75.2689
103.593
-180.16
-136.337
-202.606
-157.881
116.822
-155.888
-183.573
143.499
186.041
16.851
76.7302
-108.885
44.9526
17.1959
166.849
7.4157
59.6433
-0.41753
181.748
97.7066
88.5799
-143.989
-187.793
-36.965
-147.12
-113.927
165.415
121.578
53.6254
-6.08596
-3.95292
31.5916
-15.022
-163.531
150.919
160.822
-101.233
74.7243
19.1292
-115.778
135.988
154.736
-62.8837
-106.062
-133.959
13.075
-166.277
-178.235
-136.605
-38.9619
-154.926
165.578
-188.029
-184.48
54.1791
-195.872
-190.607
144.574
-77.0116
15.4758
86.3198
124.928
76.7257
61.0184
-24.2848
175.363
32.1997
25.6736
-140.054
-13.3201
-130.664
-205.457
123.385
-25.4103
180.482
28.4057
-101.514
72.7773
-143.458
-171.805
-59.0487
12.0176
-43.2779
-180.568
182.583
158.385
80.4925
88.7705
-185.588
-84.3411
-192.509
-196.094
-37.9181
-181.975
104.342
5.47327
152.503
-48.7557
-56.5889
-140.726
-112.878
-185.324
-135.607
-152.884
60.4602
114.408
-22.5466
169.417
-186.958
-92.5419
86.7555
-158.448
-91.0397
41.2311
137.998
94.1213
-179.161
-117.008
64.2316
91.7976
-155.802
-145.133
137.826
-139.097
-3.2404
160.431
114.217
127.397
128.309
-98.5598
-36.4703
168.864
76.3899
-17.5862
-70.372
-3.99377
110.532
11.0555
-188.479
-57.66
-195.372
-128.531
-72.9407
-178.462
-163.386
-185.896
167.675
97.9471
-119.277
-191.855
150.361
-122.976
42.2477
17.4364
191.637
-188.447
144.275
-99.6399
-125.767
-144.874
-74.4157
121.229
-128.976
150.225
130.546
127.329
49.5091
-150.048
185.438
57.9414
34.8774
-189.586
62.4071
-140.748
137.376
-144.937
146.344
-189.268
-135.048
-20.4317
-195.095
-122.354
-38.5943
104.614
108.363
-30.8201
173.797
-142.332
-51.9417
158.189
-191.351
-152.444
19.8554
-152.371
168.918
148.119
-160.436
-36.3977
-189.291
-131.635
157.958
143.072
-130.142
-127.66
-114.843
-160.141
112.061
166.567
148.554
-160.109
-153.728
165.351
-75.9315
-32.463
-26.6629
-202.257
-103.72
56.5073
-42.0616
50.1898
81.9947
-73.1676
-20.1141
-199.929
180.083
72.5368
95.4102
78.8088
-33.7791
162.129
-76.3082
47.1718
-156.075
26.1637
78.5047
155.004
-162.537
-204.095
-126.625
151.305
81.5727
-176.638
-179.765
45.5017
70.9937
124.959
178.403
144.234
-4.15715
-93.495
27.616
-16.6513
73.2629
109.497
-56.6661
24.3211
161.879
43.2053
35.4129
36.2071
167.543
-168.728
-140.095
-86.288
-199.693
186.654
97.6204
-168.169
-148.532
135.992
-129.752
-71.4793
-200.773
70.0634
156.719
138.407
-158.126
140.258
-49.6543
147.579
-165.233
-199.843
-120.389
-62.7702
-20.2003
-140.599
-158.852
177.627
-7.9013
79.7664
53.0989
180.772
-162.083
45.4382
-30.2119
-56.8567
82.916
-77.7922
-132.988
132.062
-86.9461
95.3557
147.22
68.1119
-85.3577
172.64
-110.028
-150.57
81.5591
131.331
120.421
-88.9702
-34.5506
-167.039
-174.16
-173.919
175.494
134.762
-183.495
161.834
56.9566
148.659
124.832
110.015
115.96
181.022
125.536
103.652
178.567
43.1327
152.022
-3.66247
63.106
43.0283
-174.219
-122.867
82.5076
-95.5327
27.1077
-186.945
56.4074
192.772
88.6344
178.721
-145.459
-157.436
115.556
-28.9866
-82.149
-57.7916
154.037
-194.583
73.5307
138.561
93.5313
-151.209
152.099
-184.653
103.448
-171.432
50.9341
167.715
-90.5405
156.869
-194.133
-198.159
-41.0859
-181.163
-25.4966
-132.044
2.99079
-10.057
94.0895
27.6387
156.946
20.6269
-103.529
140.231
-90.1003
138.534
-21.7887
10.5336
92.3695
83.4243
-84.9311
-145.65
-81.255
-40.3915
105.327
-79.004
-26.2454
-177.173
-76.2673
103.788
-170.974
137.649
-86.524
4.7426
-184.389
-182.619
4.27061
-139.119
132.675
168.328
25.3786
-129.398
-87.1367
107.627
176.842
-177.405
155.249
47.2671
156.932
-124.383
82.848
-119.405
151.241
183.486
168.832
-178.689
88.176
-175.34
-174.995
135.502
-93.7854
-95.7142
-115.706
-73.5261
130.977
-27.9972
-17.6225
122.994
-189.59
-151.622
183.632
-157.463
-5.3462
-85.2533
95.2286
-193.929
167.883
36.4703
100.906
77.7877
-73.1631
54.7101
-27.9382
-53.1398
12.299
110.931
-165.746
109.225
-178.258
97.0757
99.1725
188.433
-173.506
82.7844
-83.9735
34.3192
-137.249
79.013
27.6387
-130.75
-101.11
-192.5
182.402
-192.427
163.25
10.0253
110.423
143.512
93.318
18.3396
91.3302
180.418
-158.176
106.18
-158.68
38.2176
-184.993
160.132
-68.5839
84.7132
-167.253
33.0348
-12.8164
130.56
38.1541
57.0927
-188.538
112.511
168.455
-110.105
-54.8235
-92.5737
-45.6469
62.4661
103.13
32.8805
153.311
-72.7728
42.9058
-46.8768
-98.7096
102.277
133.814
-186.881
62.8292
-36.2616
-176.166
21.4166
62.5161
92.7779
-105.145
-180.795
59.675
132.611
170.629
-62.87
98.4645
190.453
155.217
-168.868
-22.8416
-94.1077
124.447
143.09
135.566
91.8566
172.971
4.76075
76.1947
169.19
78.119
-165.006
36.6746
-186.963
-28.8958
166.89
-64.0636
97.8019
12.6303
-82.1581
120.948
87.3954
-25.3286
-56.6525
65.6884
50.739
132.294
106.166
-137.004
-187.394
-49.146
152.911
41.1313
-181.921
-155.938
-21.3213
42.3475
154.345
92.6281
104.995
-96.4268
43.9995
-187.834
95.8095
144.951
176.797
133.469
9.09943
-177.8
-7.49285
-180.999
183.65
79.5531
-131.404
163.785
189.554
-123.911
-54.1518
-53.1625
35.9394
25.5193
116.409
-120.562
-100.003
72.2554
168.423
6.79848
-118.556
-25.424
151.441
-197.038
150.651
172.662
-167.33
-34.8774
-151.936
-45.6878
-66.5098
-45.7059
-187.743
-65.2482
138.529
76.2083
-176.257
-21.3576
89.4921
-19.8554
136.746
16.4879
98.7822
-167.829
148.672
63.6552
-126.049
-6.74402
-171.319
18.8252
26.1728
-169.227
-153.397
-126.285
-135.738
66.7367
-17.8857
-55.0822
110.441
-50.1399
152.598
-10.7605
2.25103
124.805
138.189
38.9528
-95.1742
-128.958
-20.3864
-107.319
41.0042
154.391
54.3334
-131.799
175.118
-70.7396
24.0806
4.15715
-157.754
89.8098
-156.088
106.815
-87.7222
77.4745
-133.587
-160.145
160.404
-107.051
-0.340378
-45.7241
39.915
164.212
-186.659
-178.698
76.5305
-175.236
162.701
-104.369
148.146
149.308
48.5424
174.868
105.068
184.925
180.623
154.305
6.25387
-47.5122
-138.992
-104.628
-25.4875
55.0777
-94.1803
-123.816
-134.372
-82.562
-11.3958
-180.768
-109.08
-119.423
-17.1278
112.833
-165.632
-57.3151
81.0462
-47.6937
135.175
-47.9433
24.4664
-27.4481
85.2215
-128.118
-129.825
87.6995
-158.798
-158.13
-104.342
91.194
169.563
-25.365
-2.23742
34.1422
-126.08
116.518
-167.321
-182.352
-17.4364
164.561
-175.476
-116.727
115.438
-105.299
147.361
-185.628
141.479
-163.123
14.3685
-173.393
-28.7506
-3.2404
-104.342
-185.751
-110.718
98.4146
-161.38
165.442
108.549
-157.717
-91.6705
-14.3503
80.6242
-159.165
-144.184
-20.1277
75.4867
-36.425
82.7844
120.448
-175.508
171.718
148.922
28.5872
170.248
-102.776
122.282
175.744
-19.4878
136.491
-205.584
190.657
63.4873
-37.5732
-192.618
-173.125
111.149
87.4544
-90.5042
162.583
-131.095
-120.344
-141.27
66.0242
-48.9917
-155.92
131.077
-136.564
-198.1
-121.193
-107.119
-29.0456
100.852
13.892
-166.427
169.036
147.061
-141.801
-160.445
-187.666
-160.459
-179.951
96.5085
45.1159
150.438
-198.803
-185.674
-82.621
-20.4363
-21.2804
168.718
-11.6954
19.2472
123.317
84.3728
43.3551
-47.7845
10.0525
15.1536
145.595
133.219
186.232
-34.714
-73.1177
-28.3104
89.3151
184.122
177.641
-62.4707
-175.431
155.702
-106.388
146.853
57.2515
-182.229
178.058
14.8722
12.3898
-153.156
-178.789
-180.84
-90.7084
59.5797
-89.1245
-164.452
183.559
30.9698
25.0836
-176.797
-159.292
-183.804
-29.8489
31.4191
23.4725
-65.9743
-97.407
88.9021
-154.5
145.01
134.83
46.8451
-154.586
127.324
-129.902
-152.925
-156.433
58.0594
127.374
125.994
-106.87
51.3471
26.1864
127.537
93.2681
-167.103
-110.99
72.4551
176.951
-35.7124
-38.5126
-194.387
-121.683
158.23
109.856
-174.836
-149.067
-4.93321
149.14
97.1121
141.252
-3.667
-109.574
39.9014
157.413
-25.0064
-5.35074
-96.1091
-59.2757
30.0168
68.9288
-98.587
54.9234
-122.069
43.7817
174.655
63.637
96.7671
-154.25
-182.701
170.416
142.646
-68.6519
-115.406
-144.706
89.1381
-200.06
-76.6576
-26.9534
-196.262
12.1356
-115.502
-147.089
-182.583
140.803
55.2229
85.8569
-152.952
137.245
-33.593
38.4173
-77.4064
-7.86953
147.034
-23.5587
-33.1074
-178.834
-172.349
-23.7992
156.742
-196.77
-76.4262
-170.956
140.276
54.229
-198.322
-162.819
-76.2219
-57.5602
-24.725
-180.809
-165.805
30.1348
-174.419
-36.5384
-130.26
-184.911
140.227
-3.88485
132.829
-163.694
-180.477
155.807
-10.8467
-52.1731
109.357
169.304
17.9583
-154.654
-39.3885
185.261
119.087
-31.8866
-178.344
162.378
122.232
-176.892
-90.0322
-16.9463
-169.653
126.493
-184.553
-98.5144
-133.247
-165.483
169.141
61.5085
-26.6675
176.774
-22.8053
184.362
-193.044
-62.33
120.875
149.344
190.589
-8.96782
120.471
-191.728
115.747
-12.5395
78.414
34.2102
-167.262
-100.747
-84.096
141.034
173.534
-10.7968
-17.4092
160.844
-74.5337
50.798
-165.864
51.9598
35.3448
68.2117
25.9912
-143.517
-144.965
-155.371
69.9681
-99.8895
-70.2994
86.9779
130.392
144.797
-199.897
182.583
28.1152
188.674
176.052
-124.991
-101.578
-16.5378
-149.476
3.58985
-20.1594
-185.293
153.411
-92.6871
69.9136
173.012
-49.5862
-124.814
141.574
44.8663
92.7507
76.4852
131.259
137.027
-180.382
126.639
55.527
-194.083
-103.67
-184.281
-196.525
104.178
153.243
-29.0955
-129.058
-81.4864
146.562
-13.7376
-164.511
35.2768
178.598
-79.0448
138.488
75.6864
21.6344
-23.0368
157.586
162.714
-91.4618
-71.4022
145.446
-135.479
134.132
156.574
71.0845
-190.462
97.407
-33.5159
120.934
-125.804
170.443
180.682
-151.985
-160.577
-84.0007
126.462
-55.4362
90.3
59.2484
-69.9318
-193.507
185.964
106.384
-18.8615
15.1854
-84.8857
-81.5273
-43.405
-24.5344
-32.8941
-28.9094
123.398
142.6
25.8052
148.169
76.4035
76.1629
-152.752
3.21317
183.509
-130.968
104.791
-58.1093
-93.4768
-188.805
-19.9053
109.075
-145.986
-35.4719
76.4534
-48.2565
92.9458
148.568
-43.3142
16.3064
-111.971
71.974
-72.0693
179.07
172.018
-87.6722
168.886
-89.6737
-64.2361
-177.155
-148.849
134.495
-178.748
-58.9398
-90.0821
40.8
-33.2436
-114.308
141.661
-70.1042
-96.7036
-173.842
-200.383
87.6722
57.306
22.3197
141.234
63.392
-43.9405
167.802
82.6029
-190.652
108.699
154.981
9.21289
82.6755
51.0249
169.948
104.668
187.562
115.933
-58.8944
179.692
-67.9122
-65.8608
-41.2266
38.2448
-13.5289
-108.213
-21.5936
121.801
128.422
-115.325
185.125
135.398
103.911
23.1684
178.739
102.912
-182.556
5.71835
85.6073
142.273
6.16765
-198.713
-42.402
-143.426
178.884
-161.471
66.7594
-6.91648
140.939
113.142
-65.7474
169.926
42.5745
124.56
51.7692
53.8841
-109.384
-169.771
8.43229
-192.005
28.2695
-141.615
189.659
164.983
-170.33
-115.656
-82.199
115.951
100.343
-169.98
110.927
-89.8007
-17.8267
-2.82287
-32.4811
-168.932
156.687
171.75
-170.77
-140.127
30.811
-143.966
-144.869
154.926
48.8056
-67.1407
-58.1819
-91.3665
-63.1106
-171.687
58.604
48.6105
184.467
154.069
115.733
-183.191
-149.489
-83.1112
-112.379
178.494
-19.2427
-160.018
-130.805
-142.455
-68.7064
82.3034
-163.935
140.526
161.03
179.856
140.068
31.5099
-22.2108
-147.193
-168.369
-142.459
18.2851
-178.276
-175.816
-153.224
-112.061
160.577
139.355
91.1532
-175.757
-144.384
177.183
149.993
-121.628
-109.756
181.072
-172.739
114.594
39.5247
150.256
8.35968
75.287
137.599
146.362
7.27047
-103.915
96.5266
-92.7824
86.5013
-161.943
-100.847
-177.795
49.8676
187.929
-123.081
84.4636
-102.39
124.882
26.3135
120.952
-120.939
-138.502
125.976
81.8722
-209.505
-176.688
-190.816
102.726
-53.4711
-185.746
165.333
113.437
-124.438
-168.56
65.0621
-110.4
-98.0424
-120.957
138.647
177.169
123.893
-147.47
113.173
-163.39
-133.719
39.6154
-162.592
-199.525
-188.066
-164.834
-137.635
-122.636
42.1705
-18.9522
-178.145
139.977
17.7813
39.2841
167.584
124.329
-93.613
129.148
-197.533
9.13574
164.598
-188.297
-136.396
12.1356
156.406
128.023
134.835
-62.5387
-15.9478
119.659
-150.842
-151.255
152.113
-74.8423
-168.714
51.9825
47.78
17.8086
-162.764
-169.853
37.8182
22.3606
126.725
-119.187
-138.579
146.331
-175.186
53.108
-180.432
42.2295
48.261
127.315
-78.2914
-177.137
-179.493
-102.549
29.1182
91.6433
-80.5198
-19.5377
85.9749
-119.867
-182.556
48.8102
30.3072
-96.1182
-1.37059
92.1062
-51.7647
-33.4659
160.055
26.8172
-25.188
38.4582
-135.361
-168.069
-201.858
-3.32209
171.414
-91.0443
-32.522
-111.621
-109.093
-129.23
166.458
-1.71097
96.9668
119.523
-59.6297
-154.822
170.193
5.20551
48.2565
123.997
12.7165
28.9911
146.136
166.871
-191.723
-110.582
-78.4775
-120.585
164.738
61.6401
-125.917
131.486
155.553
-109.107
48.8556
-68.1436
-53.5664
-119.232
-151.967
-188.392
-167.234
-181.076
181.444
132.13
-191.878
-177.872
170.606
123.489
-42.8195
-120.703
178.984
-91.7386
45.9964
190.657
84.922
151.804
111.921
2.66402
131.014
-56.5526
-173.384
106.801
-183.695
69.8364
-8.1963
-171.246
-23.5133
69.2011
-111.871
98.7141
152.43
171.614
196.171
39.5791
-106.929
128.109
-54.7055
-173.588
-128.164
15.2398
29.749
-3.20409
116.718
41.2084
-168.056
21.9339
-10.7151
24.1033
-140.848
125.055
66.3374
95.5463
-114.698
-184.939
22.12
-169.594
-177.573
177.473
181.117
-177.087
-3.05886
87.9854
117.385
-17.4682
141.429
64.8624
-138.625
-60.2514
-48.2701
-102.921
97.584
184.353
141.134
-73.0269
-134.318
42.0616
126.798
-172.322
27.6069
-79.122
150.043
122.214
122.345
152.771
-106.343
-190.761
-160.35
-68.5203
29.5766
77.0661
35.8395
-128.186
-44.2446
33.2799
-189.273
45.538
-105.122
144.561
-18.7026
-162.283
96.9941
34.0922
173.992
188.887
-154.958
18.3849
-40.2644
160.445
-64.109
-182.229
50.9523
117.571
-166.195
169.758
-103.13
159.637
108.376
-196.271
-30.5841
-160.182
32.4176
-40.5276
25.5601
-187.348
-81.3094
187.317
-91.6161
111.068
29.0002
-200.333
-100.729
-191.133
-110.5
6.73494
13.1567
-180.536
-168.355
78.6727
-96.4676
-93.5177
-57.2879
-2.95448
-131.34
149.848
145.232
-175.086
-167.629
-186.745
113.958
128.341
7.76515
-72.6775
-124.134
-90.7674
106.407
5.43697
124.919
-108.231
28.6144
-66.8457
-167.72
-180.368
126.965
-120.825
126.38
-178.694
-153.996
-59.9292
-172.449
-145.446
47.5803
136.796
113.473
-126.176
171.487
55.4362
-77.6561
49.9039
140.689
-136.959
-47.0947
67.3585
-188.383
-26.6992
-140.476
-134.781
6.7894
130.927
15.5938
-147.729
91.8294
4.58375
-86.4151
92.6055
-187.013
139.319
83.5287
-191.106
-103.066
-203.36
-183.305
-177.287
169.971
-129.407
56.0307
-23.4271
-184.085
153.61
-173.175
64.2043
-50.2216
-63.9456
-137.935
-108.354
59.2121
-69.3418
2.57326
116.781
-120.87
86.8871
74.2069
147.647
-196.339
-111.349
156.233
169.771
-152.848
-156.601
-115.547
128.018
-186.028
103.03
39.6427
-129.448
169.381
-182.933
152.503
-156.056
-72.8908
110.037
110.559
167.135
74.7833
116.427
-104.591
-192.3
-125.59
67.9122
-141.543
-110.641
-191.501
159.451
-84.5317
125.976
-169.808
127.905
4.97405
-155.199
-85.6481
-181.117
-128.554
-172.222
69.2964
-150.07
-49.4092
-150.855
107.936
-172.953
-43.1644
18.5756
90.2863
-180.323
28.0971
89.3242
-193.593
32.8986
117.703
-189.817
-102.744
149.78
-68.0983
11.5955
-65.4887
138.407
-166.486
-6.53525
-43.1826
87.6087
57.2515
157.073
33.6883
-186.051
162.179
71.5883
-30.2301
104.328
-90.6676
-11.4821
69.3191
77.1841
-67.4538
-132.266
18.689
116.591
-133.197
-180.26
82.5348
-157.177
148.981
121.061
-49.7542
-162.401
-24.7296
144.052
187.852
-196.616
62.7384
-120.412
109.883
-152.426
-183.341
-82.6392
-20.5997
184.389
27.3664
177.741
-150.206
-125.994
-140.54
167.72
-158.303
-180.4
89.5829
-44.349
-47.1854
-170.193
32.7353
38.5081
-85.7026
-86.9189
41.3536
69.2828
-117.253
-26.2454
156.211
-121.206
131.663
-154.913
110.682
168.814
16.0568
-8.12368
-159.392
1.13005
-133.905
133.473
-106.774
-166.776
164.775
-107.419
-141.842
-138.475
78.9813
92.6236
146.508
-148.309
-190.997
-66.3283
-197.891
-4.32053
113.305
31.2421
-159.161
-67.3948
-151.259
-161.956
-4.49299
117.875
-142.714
17.0779
94.1848
-186.568
157.354
-184.149
115.629
137.767
-52.813
-131.871
-115.905
151.436
-176.838
-85.6754
-74.8922
64.5538
-45.5743
-121.969
12.6121
-8.65013
-94.7113
33.4478
-139.455
69.0195
-29.5584
32.3177
-182.048
178.952
-8.47768
29.9896
-171.36
117.244
-133.278
-42.9012
-31.9819
-147.338
-148.977
168.496
187.466
96.3224
191.165
-143.299
-82.0628
-156.574
-167.162
168.9
-157.872
-205.048
185.569
-37.5051
50.5257
-186.178
-191.333
159.71
-91.2076
134.722
-70.0271
127.17
-12.417
-191.605
-176.252
158.344
175.481
-151.187
130.778
-117.612
-159.973
-53.9113
-37.6549
-172.876
-148.877
103.992
71.6563
-169.141
-90.5269
-143.435
-95.8095
47.6075
-57.3469
100.779
-157.808
127.088
-131.944
151.042
-197.337
-10.4564
134.849
-188.51
-194.569
-181.576
-208.03
-119.491
-178.549
170.398
-102.036
106.211
12.8754
-82.6029
43.1236
-168.596
46.4185
-113.822
-26.259
-185.969
-87.2865
171.251
153.279
-69.4461
-179.293
102.917
-151.241
-159.202
-114.471
-113.146
-106.438
-148.35
-11.2597
-162.982
117.09
-113.872
-128.332
130.197
112.27
148.627
-165.741
11.0555
145.895
-25.6781
-92.3876
-108.217
-47.4986
149.008
-42.0888
-179.434
-151.182
-176.583
-59.7386
-102.535
-87.6087
161.257
91.2802
6.09049
-188.787
-169.667
-12.8527
-167.879
166.694
-86.1837
-68.3751
191.465
-50.2715
33.5249
-181.998
-133.492
-75.9224
-99.2678
-15.3034
55.8356
-42.6335
-162.079
102.998
-67.2723
-160.509
-101.133
-102.059
-172.903
20.3637
92.0563
174.823
167.67
5.59581
-194.519
2.65949
-188.238
162.578
23.1412
-75.7681
-138.393
123.321
26.0139
-174.028
18.9295
59.2394
-54.0157
153.869
14.4547
-106.42
1.46136
170.248
-123.38
-99.9258
18.394
-87.6496
-52.6088
-38.7214
6.27657
-161.362
120.108
-168.006
-78.2687
-149.943
-32.4947
146.022
150.774
3.16778
12.4034
-80.7739
37.4779
-139.419
-55.0459
-137.39
23.8628
103.979
-187.734
-182.483
93.3316
-84.0098
-59.607
-177.196
-156.896
-157.568
148.963
38.6215
92.551
-11.3414
142.736
-93.1682
2.76841
-180.641
-18.4984
-201.771
161.271
89.0156
67.5673
-172.29
-30.3617
78.0191
127.242
-1.06652
-190.734
-160.359
-160.749
-16.4788
-196.561
-100.194
-184.571
167.743
30.4343
122.078
173.379
-177.573
-183.818
-53.3576
171.836
-46.3776
-193.48
45.1114
-167.52
-133.206
157.808
-142.323
150.229
82.9024
185.388
92.3558
60.079
123.752
-144.915
-154.731
-136.242
10.9148
-101.038
-164.611
-191.801
18.0809
83.5378
-30.9018
77.2885
150.81
-192.994
-97.9426
-120.167
103.702
-110.323
-171.487
191.161
172.857
-70.0679
-163.44
-52.6859
-162.977
-44.3671
-34.8865
1.44774
-32.876
98.056
-99.3903
-124.079
-179.679
-175.335
169.299
17.6089
44.4352
-194.133
-168.596
165.955
-189.55
-161.484
-80.1068
-154.332
174.092
97.8972
-150.116
122.522
-159.805
-154.423
73.4762
98.9637
-117.793
-164.321
-67.5128
5.49597
26.6856
9.98442
118.184
26.6629
-152.775
179.542
-29.2316
5.49143
-173.275
21.0399
128.785
109.76
141.597
-85.5846
-53.1126
110.437
-83.6195
-61.3361
-119.513
-73.6986
-121.347
-180.396
26.8853
94.8656
26.1728
-10.7151
-24.1714
-208.075
-175.344
-161.235
-157.477
-80.3882
58.4542
169.072
-153.96
-196.847
86.4605
-29.0229
150.329
146.93
145.904
6.71679
157.159
-177.496
-190.28
-86.9597
81.2096
-79.7437
-64.05
188.937
-120.721
149.921
-154.967
172.372
-72.5413
141.938
121.029
-92.1108
79.3625
173.702
-191.615
-20.2502
121.978
70.2857
-10.6062
142.046
143.122
125.391
146.762
30.8655
149.952
-128.831
-65.938
71.316
-199.539
44.113
-72.7773
78.4957
-97.4207
-56.0216
194.746
-134.449
-126.77
10.3793
84.9038
-196.661
157.972
61.6946
149.812
-180.768
158.702
96.8534
58.2273
-93.6584
-145.609
-146.744
40.042
67.0045
-162.328
168.732
-4.2343
47.6665
29.0728
-127.229
-9.2492
182.306
-9.06313
-187.367
171.21
-145.287
122.867
-37.555
-39.3159
-170.842
-183.868
76.8437
-51.2836
-17.4183
-22.7509
-3.42647
144.901
178.072
79.0766
-75.1327
-14.137
131.163
28.4011
-79.3716
-133.632
19.8644
164.847
67.127
-43.7907
101.178
144.869
157.854
151.291
160.204
147.651
-60.5827
-51.2382
113.264
148.014
-143.381
157.99
138.189
-184.757
111.217
-171.677
-151.568
-38.8757
8.3506
-178.971
102.858
111.803
-135.148
9.03136
-14.2006
38.2131
-24.7659
-136.11
100.439
32.2134
68.9605
-136.169
-161.834
-136.546
71.0527
-78.3731
147.688
-125.073
179.384
-174.913
108.022
107.16
-32.2451
116.863
-119.445
-136.11
187.494
-80.1068
150.71
40.2871
-88.4528
158.621
-115.007
-190.258
-63.6506
-191.315
115.397
96.6128
178.372
-153.193
111.703
156.451
131.227
158.466
179.188
-134.717
-29.3043
110.99
-87.9854
-111.612
-169.776
29.2316
-35.8441
124.787
85.7934
-146.367
-123.04
-107.691
85.3441
-76.9662
186.178
-128.164
-44.3535
152.398
178.172
109.475
-117.022
-56.3756
85.2215
-48.3518
-17.8812
139.696
-98.8503
83.0295
-25.7779
-14.3186
-71.8243
-105.19
-38.7804
-17.3683
-50.4848
-185.179
-77.706
-9.4035
-24.725
173.547
63.156
133.723
-110.028
174.174
144.915
168.097
-196.652
146.494
-57.5874
-193.993
-67.658
71.139
64.6309
134.694
-48.8964
99.4357
-110.523
163.168
-57.7099
56.6026
-140.848
3.6897
186.736
-28.1243
-180.958
-41.045
-120.085
-153.624
-55.114
-186.777
-36.5838
85.099
104.41
47.6166
-7.865
-186.377
138.811
148.849
19.0385
-94.9926
72.0149
6.19488
144.665
-148.836
-17.9901
-60.442
135.847
-183.228
-146.462
-74.1661
78.886
-117.83
-181.058
3.02709
-107.019
-153.928
28.7324
-103.47
24.362
191.374
99.472
130.701
-58.5677
-177.178
138.507
121.941
-29.6855
172.19
-160.935
-125
149.29
6.81663
39.2161
109.815
-49.6634
-109.72
98.4373
-196.412
-51.6784
61.1137
154.69
-82.3987
-49.6634
-3.38562
-86.7827
0.245072
87.0777
-47.553
57.6736
-38.9528
-88.4302
-181.857
-13.2747
17.627
85.9295
-112.511
42.6652
-41.2856
116.523
133.555
-53.7752
111.018
92.1471
168.069
-104.564
99.9395
-12.0403
47.9433
-110.627
-33.0711
-187.934
100.525
-171.773
27.9155
-42.0843
140.68
172.254
-17.4183
109.606
-192.118
-170.416
-11.2597
-167.992
-179.447
-89.4831
-164.298
-202.334
-187.634
102.318
-122.4
51.5831
-124.274
-90.7856
-158.149
-155.249
82.4803
-87.0006
107.927
-147.098
106.121
-57.9278
-68.9696
-12.6031
-167.044
173.248
64.6809
61.2453
86.6284
-7.91946
-89.9187
-188.842
157.45
4.86059
164.552
177.596
190.639
150.824
-103.661
-73.3582
52.0506
77.5834
11.5456
-131.277
143.381
177.065
18.8252
120.957
-62.3254
-60.7325
11.5592
109.175
-171.019
-38.0406
194.505
193.33
59.8112
10.824
-48.8646
-136.373
-175.131
125.277
105.426
6.83479
-161.625
107.764
-97.2573
174.745
137.268
54.6102
82.1581
34.8728
160.232
74.6154
174.759
-163.604
-192.994
-126.739
106.47
-42.2522
160.1
-89.6737
-182.098
-170.434
154.64
59.675
48.6695
178.281
-166.613
-185.229
127.224
-174.037
-165.396
-182.86
-195.89
132.357
156.27
-99.5265
-120.24
-76.2809
162.855
-186.763
151.554
-116.232
126.316
80.8783
-90.3862
-46.1144
-130.868
100.829
167.738
188.615
37.8727
-197.887
-150.983
-59.017
112.488
58.4814
137.612
22.5149
-195.204
-201.576
-79.004
98.0651
-131.713
130.841
-119.818
168.414
89.0837
-143.68
19.3607
-77.8921
116.822
151.523
-161.158
-85.8524
-150.737
-188.515
-66.9274
-177.6
165.12
92.0018
-64.9713
146.126
-187.171
84.4908
-161.711
2.5188
158.149
-199.416
188.474
151.359
-96.2498
-185.025
-204.699
-83.4062
165.773
-172.39
-4.94229
9.22651
-168.433
-21.1261
93.3906
-2.95902
-110.033
-62.4752
-127.138
96.5039
14.4729
-157.005
128.622
146.657
-20.8947
35.9847
65.8518
-146.98
-186.296
-78.1825
0.907674
-49.0643
8.82259
54.5512
20.1504
-194.251
163.445
-171.183
-36.307
-79.0448
70.7577
-67.4175
-113.527
-158.616
-198.05
173.261
-11.473
-121.973
-53.2986
12.4079
-61.4858
66.3101
-182.901
-123.548
153.315
38.2993
-91.0488
-140.217
-188.274
-21.7615
114.794
54.9914
116.191
-20.0778
-150.356
87.0414
3.67608
114.834
-13.6696
19.3289
-115.765
-176.543
115.915
35.3312
-125.295
100.448
122.981
14.6952
-86.8599
138.212
104.741
-71.5792
-191.782
-187.122
163.917
-100.829
-198.84
-112.438
-178.299
-33.3162
151.668
45.4699
-170.357
-13.951
180.096
9.12212
161.167
5.8545
-132.071
-169.767
176.166
-205.003
-77.6606
-76.8119
119.432
-155.816
102.613
-118.125
28.8005
-50.0265
-113.763
-195.935
168.532
-187.249
100.548
12.1946
153.392
-127.81
-164.321
-159.378
17.6497
-147.846
-41.8075
76.2991
-94.9291
166.186
-84.7541
-90.1547
156.615
-116.582
42.9012
132.666
123.271
126.416
-16.86
80.2248
-169.072
-162.283
183.473
74.688
-137.517
63.9774
110.101
-74.6108
140.676
55.9218
53.3712
-161.807
166.663
135.82
111.653
-161.126
135.452
180.663
125.209
128.59
152.285
-26.6085
-144.125
-158.253
59.6523
-135.892
34.8819
-159.22
-171.01
-145.6
-164.357
43.7862
-94.2801
18.1217
122.89
-139.891
181.766
-149.898
179.352
-26.731
-151.178
64.1363
59.6796
-47.0584
-105.835
67.8532
-31.3738
95.5962
164.838
-133.151
45.5607
-105.921
-134.454
-168.95
-115.996
-164.348
-166.762
99.2451
42.4338
-48.8556
-105.885
15.2535
35.4991
-90.6358
44.8209
143.703
91.8249
56.8431
-85.1081
114.912
130.129
-193.185
-181.244
-8.11461
-58.7674
-21.1942
-165.787
-171.864
168.042
130.8
146.558
-180.151
-15.0311
-78.6817
152.952
77.824
154.159
-143.626
177.623
153.093
82.6256
93.7264
97.8155
39.3341
94.625
-9.86642
-102.767
-67.0136
-162.46
-31.1786
-90.781
168.991
-189.164
-143.921
-136.083
183.986
-134.74
-13.1976
-89.2788
158.28
187.217
57.2833
138.062
-64.7308
-104.619
141.593
-58.1819
105.445
-2.28734
-48.2883
68.2208
186.463
-172.131
177.192
-46.0463
-185.088
169.658
145.959
-172.93
-90.418
105.004
-93.3271
152.743
-89.7372
178.58
183.219
-87.1276
159.333
171.7
75.2643
-192.018
150.334
89.0474
-10.7106
-27.8021
19.5921
-153.86
-3.6897
35.6534
-50.1717
-60.1153
-49.4002
-92.3241
66.941
155.389
144.093
76.4625
-96.218
-132.221
-48.3972
180.35
116.264
-161.997
-97.9335
163.599
-190.539
177.364
-70.5898
-165.741
99.9576
-159.065
165.31
195.463
-185.043
-167.103
-181.235
-83.9281
121.692
66.1513
52.5498
-97.3163
162.079
-154.895
-91.5571
-119.877
-176.411
179.692
-190.103
49.0552
61.9079
53.167
-40.0466
108.571
-175.304
69.8047
112.91
174.305
-169.717
97.1438
-196.693
71.0527
-116.686
110.046
80.783
72.9089
-63.6643
-65.5023
127.297
92.8687
-192.173
174.836
-75.6456
48.2792
161.035
-189.763
-52.4409
-86.515
-126.09
144.987
80.6468
-72.2736
-135.57
-158.598
6.11319
-3.95292
46.5773
29.5085
-89.0065
123.326
-100.434
-80.9146
113.527
104.8
116.754
169.658
168.659
146.612
-126.366
-160.536
32.3586
-172.608
-110.791
-160.822
-150.488
-62.9835
162.165
190.798
-152.503
-148.559
-186.731
78.3867
96.0728
156.95
67.4538
91.843
-87.2048
183.464
-71.0164
175.099
-90.427
46.1235
-194.973
-126.475
-73.5851
184.607
-189.609
117.108
-196.875
87.5724
-150.583
186.913
-202.007
-103.439
-122.913
-21.1897
-35.4991
-30.0849
-18.0809
158.616
-175.177
-187.693
41.4399
-92.3967
-23.8174
-133.551
-47.6075
-82.7753
19.6602
58.2273
-43.4322
1.27074
-11.5048
44.0676
-161.384
-153.229
181.371
-169.408
-40.9134
-39.8015
-180.854
152.14
128.872
-5.53681
-169.771
116.141
89.5874
-13.96
-170.724
-46.6953
-182.447
132.802
-3.57624
-118.792
5.95434
29.8035
-49.2413
21.9158
-16.4879
148.695
156.81
25.2878
-159.029
-27.7884
-59.0987
45.9328
-29.2226
12.9117
-118.769
-65.0712
172.354
103.842
-163.917
175.59
153.624
29.4495
75.0692
114.426
-136.106
-55.1276
-11.9314
61.7445
-123.848
-68.9469
-99.6944
122.541
-14.3776
-134.935
131.49
156.596
96.8942
-180.614
-28.8822
-96.3678
139.546
183.641
-72.977
138.538
-187.902
-1.61566
-82.0401
43.7544
-87.3954
32.8986
-170.384
164.348
-167.493
10.2658
-109.924
-32.4357
165.165
-188.896
-195.3
179.325
-186.622
-18.4984
144.493
-139.623
-48.8964
173.493
114.889
-172.944
-2.43711
3.74869
-144.887
-128.141
-62.6159
-29.0637
121.302
-135.262
-165.378
-100.257
69.3463
-33.9243
-112.266
147.075
0.213303
-100.697
-40.0375
17.6225
-183.096
84.3865
-50.0673
-164.026
-161.856
-128.114
-40.0511
46.1961
-34.2602
165.941
172.581
-27.7975
93.8717
-190.834
-134.036
-129.049
113.01
101.079
126.503
-185.71
-193.893
-3.86215
57.0791
-56.7659
-201.018
-198.953
119.813
114.821
46.4411
170.307
-57.0655
-159.46
-154.259
-120.48
-52.1368
-47.671
136.346
49.7451
-190.866
29.3859
46.7134
36.7381
167.797
-63.687
37.3871
62.1031
184.639
-143.975
173.012
-52.4636
19.1882
35.2314
169.849
-82.0447
-18.7026
-75.2462
55.4135
-123.294
-77.5834
151.858
-183.132
71.8969
-162.301
108.05
162.896
88.353
165.179
-83.0703
11.827
74.3113
-189.223
-102.744
-132.484
-116.582
186.286
26.0321
-143.331
-198.985
-21.9703
-35.0725
-20.1594
-148.79
103.016
121.978
166.685
-193.09
70.0997
135.661
-143.603
-81.3503
-154.168
-127.928
-183.922
17.4773
65.4342
-152.607
-141.588
104.855
-191.152
155.802
-119.445
79.2082
172.408
165.419
77.9511
-160.713
-6.39456
10.3066
156.773
-141.502
187.87
-12.3489
59.085
-139.151
-137.109
25.7598
178.857
25.5147
42.1206
-172.272
-2.76841
-131.753
-199.702
81.1007
-4.27515
181.489
80.1022
-112.13
163.495
-53.2396
-74.6925
-9.0359
-196.18
-33.2572
96.5221
38.3674
-77.1659
-88.4075
84.4863
-43.4322
145.85
-119.264
53.4892
-167.97
99.1589
175.258
76.703
139.736
38.7577
-84.6769
186.699
48.2383
38.0179
22.4241
176.193
157.568
48.6241
-170.466
-130.424
-181.253
-124.669
32.885
189.1
-149.308
119.641
107.174
-178.222
-55.3954
-14.7134
23.4225
151.827
91.2621
72.1419
45.6832
-175.903
-171.396
135.171
-105.363
-31.8094
193.743
-187.938
159.905
-124.238
-73.1994
-162.95
-87.1549
109.107
72.0739
97.2981
40.4868
179.143
-164.248
120.099
-94.9563
-187.049
-68.9968
151.232
120.153
-184.58
97.1801
77.2567
142.142
75.0057
-20.1549
60.4193
104.75
110.818
8.89974
-87.2593
184.716
-199.607
169.853
158.802
170.706
-10.47
-46.1416
-102.79
161.257
43.7907
-189.994
-190.752
-175.304
-189.849
145.999
-149.957
-90.3862
-141.497
-112.597
-56.4709
-33.6702
176.602
143.304
43.2824
-155.766
-190.398
-53.8115
-101.278
-114.989
-46.8314
18.7616
3.82585
-182.492
191.17
-191.746
84.0824
120.984
-20.3864
-162.932
-92.0518
-202.47
-74.4837
183.082
-179.915
23.0368
139.006
-143.027
169.839
-48.1203
-90.123
-120.507
-11.2325
96.7898
-41.6532
-112.234
126.648
-120.739
40.0829
-120.911
-90.8763
-82.739
93.7673
37.3054
-169.849
172.69
52.4318
24.2894
-24.8249
-36.2979
160.595
158.303
-0.971211
-186.377
-142.931
-140.885
160.617
-37.3508
-186.409
108.935
-117.34
100.33
43.5411
55.5451
-131.654
105.939
99.4992
45.3474
18.8388
-125.35
0.381223
-105.522
-124.111
44.6122
63.2059
20.2956
-73.7712
78.6091
171.087
-15.3851
-196.752
-184.494
-158.834
-19.9961
-1.27074
140.19
163.25
14.55
138.738
150.388
-184.249
183.241
-147.148
5.0739
103.212
10.8422
-175.553
-76.29
118.365
-178.816
-184.684
-43.2325
-175.413
11.9904
183.205
31.3964
192.413
91.6206
72.7955
-173.112
-38.6442
-34.7821
-177.936
-136.287
-182.111
180.223
125.332
102.104
0.907674
136.646
-201.753
-151.069
-47.0402
-158.357
164.793
-130.769
-24.4255
63.8866
190.466
-136.392
-119.35
2.36903
98.3646
-11.1009
-191.36
-74.5019
55.4997
-109.792
154.872
-117.026
-64.6854
-104.814
-4.59283
-175.526
143.63
18.3622
15.7663
189.663
98.1014
-143.835
149.857
141.711
142.518
-193.371
90.2637
-12.2309
-177.773
-101.528
-29.4631
151.563
150.347
-193.779
-94.0532
-180.881
-141.388
134.526
103.357
173.139
-143.603
145.509
-44.5759
74.629
-91.6206
136.614
156.683
-182.12
-119.277
-153.973
72.6684
113.06
86.043
153.401
-177.124
168.074
-177.763
127.233
-46.423
6.24934
25.7189
-62.7838
92.0699
-177.033
-36.661
-123.321
-16.742
-179.243
-141.438
-84.7132
-153.479
-180.346
-100.434
-24.0352
-158.271
-191.792
15.0946
-107.582
-27.0578
-92.2923
-27.4254
192.5
78.7543
114.444
-125.264
109.974
55.881
90.3272
-132.053
-159.02
-127.224
-154.858
-197.029
-60.9322
11.0736
48.4743
-161.049
178.113
-55.9944
94.439
-83.1883
173.91
-68.0075
9.44435
-173.942
151.241
-157.522
-85.9068
-157.4
126.008
-80.724
-172.717
-38.9392
122.636
-170.488
109.479
-39.738
188.869
49.5545
118.697
-45.1432
-102.145
-72.7319
-40.4505
25.5056
-96.2634
-48.075
178.98
-185.579
140.472
-207.571
-188.801
173.643
-151.609
-92.5828
145.782
164.421
22.4967
-148.464
59.498
-13.2248
-86.5876
-176.184
-113.323
-56.117
65.4478
-24.3665
189.082
158.925
-156.86
-176.783
109.334
176.225
177.341
-179.915
165.737
139.573
-142.931
-47.7028
169.023
-146.412
37.1057
90.0367
81.0598
-182.633
-153.12
14.2868
-129.92
153.143
14.8768
-166.463
128.654
-163.064
-8.13276
87.8946
-132.602
-39.3204
182.619
-61.5448
33.5249
-45.8557
97.8881
-90.4452
-65.4841
66.0061
-189.836
-37.0785
163.563
-157.681
170.039
165.923
82.385
-54.3198
-135.23
192.141
-42.9738
-97.5614
-136.977
127.279
-27.734
136.482
116.868
-34.5461
-135.874
132.035
-170.23
167.035
177.378
-199.203
-87.7539
-95.6053
108.617
68.602
-188.365
-202.793
184.153
187.271
185.597
85.7888
75.1781
-192.082
34.7911
6.45356
-62.33
-55.2774
178.798
122.468
-102.118
-59.1531
40.9679
19.7011
62.8292
-112.715
-108.531
-59.7658
-159.692
78.6953
163.486
-56.9566
158.516
-17.7995
50.0945
155.625
-6.17672
145.405
127.796
140.036
66.5552
-116.595
-158.022
-51.1338
67.9893
-154.522
163.186
129.443
-177.192
-177.9
-132.425
-127.546
166.917
67.6217
-190.439
-186.74
171.473
-152.412
-179.166
-69.2737
-151.259
108.989
67.186
-33.2436
-139.432
-96.6628
-11.6908
94.4526
144.238
64.1226
67.5128
124.873
-162.496
-163.74
-39.3568
65.9879
-199.87
24.0579
22.3878
15.2353
-10.8558
-6.48987
30.1802
-107.823
88.5799
55.0141
110.114
-140.385
-203.573
183.164
-111.857
102.454
12.83
73.4036
-68.7291
-184.14
54.5104
-184.004
-14.8087
-36.0619
-30.929
37.1738
185.569
-191.388
176.189
125.699
172.93
-156.047
-153.728
113.246
-72.7728
178.263
18.0219
46.2278
-69.8092
163.186
-42.0571
9.55781
67.8441
-152.748
126.439
86.3743
7.78784
-108.644
-180.278
-28.6689
101.719
-147.021
48.6105
13.0887
-33.3616
-177.727
3.98469
-171.668
15.5212
-56.5118
-7.04355
69.6595
-203.791
155.503
116.223
161.248
146.04
-77.8421
126.521
-65.3389
37.6503
154.032
78.0055
76.5941
-18.3849
11.3187
76.3535
162.251
35.5173
-190.489
103.942
159.705
25.6509
-144.211
28.3603
12.0993
102.613
62.9109
-49.4637
129.471
-49.5045
-160.781
-168.8
-25.7779
135.262
84.509
-23.2183
179.188
-74.2659
95.1197
-178.304
173.103
-71.0437
84.863
-179.633
22.7191
149.585
-195.486
-172.059
86.6193
-189.087
14.6726
141.797
-17.7042
182.851
-146.984
-112.865
131.422
164.235
37.4325
-183.79
-6.26295
95.4646
-110.214
-143.013
-169.599
-34.2874
-190.607
12.9797
-29.3814
-176.298
155.82
100.221
-164.312
184.648
-101.995
-119.264
55.3137
105.417
100.425
-131.486
33.2163
-105.994
-201.98
168.051
114.921
157.441
-61.2272
-68.7291
-96.9941
-136.546
76.3535
69.7502
-160.881
116.223
-32.2043
-28.1243
-165.818
-14.0826
-155.176
-192.3
111.394
126.117
-92.4965
-186.609
-130.596
-156.714
60.6099
179.107
172.454
41.4489
-118.647
116.768
-168.968
-56.3121
-101.655
-160.617
-48.4426
-135.076
127.26
-185.579
-5.60489
180.387
-43.2461
27.5615
99.3767
139.255
30.0032
-186.273
-180.241
-36.2253
53.6935
-52.8902
21.8749
150.629
118.697
32.8124
-135.588
-123.271
-153.279
-203.333
22.5512
158.829
15.1445
-133.396
-31.3783
-137.699
-100.198
-163.989
-55.3727
54.6011
55.2047
-197.229
-185.234
108.286
9.09489
-28.2196
161.748
81.6271
-121.274
-190.276
112.166
116.977
-151.346
177.614
117.285
-184.58
131.018
-129.062
-190.671
-170.734
-100.661
89.1472
-97.4615
118.483
58.6494
132.838
-78.5047
155.829
151.6
-126.702
-183.691
-113.101
-116.132
164.312
-14.9585
175.966
183.046
77.5018
-120.911
-152.403
98.3873
-133.932
102.013
163.586
-168.151
-44.7801
-109.67
123.267
-194.133
51.633
100.888
-35.7941
15.0265
-106.152
-76.1312
-133.791
-177.822
-163.495
-171.9
34.3782
189.277
-165.75
40.741
99.6127
-103.066
-195.018
-160.849
-155.031
169.558
-0.431145
-179.488
84.8176
97.044
-161.829
-119.554
-65.7292
163.89
0.308609
79.9207
72.4233
-141.751
3.4537
-13.0524
45.9011
1.79266
-161.33
-115.683
-181.48
-136.904
-173.366
-142.205
-93.3225
-111.145
9.65311
181.508
-124.551
-184.639
-120.698
-189.795
79.8844
-131.967
76.9163
77.8648
-167.607
-22.8507
-90.6086
59.5207
20.1413
-182.343
12.4261
149.589
33.5839
173.398
-49.2096
-21.4529
87.9037
-123.053
-78.3504
146.735
174.782
-167.425
147.483
-169.835
31.1105
-41.6123
-197.995
-162.651
130.378
-157.214
27.9836
105.081
-43.5184
94.2846
-172.249
-117.008
115.12
113.078
108.617
162.569
-39.1298
171.437
-144.928
-18.748
70.6806
-12.5577
73.7576
-114.821
-142.959
-118.17
173.275
122.509
14.01
7.96484
-61.7536
42.0208
67.658
-169.349
-106.661
-190.062
89.719
3.2767
-15.2444
-0.580911
-145.187
187.28
-90.663
-141.252
-6.68956
-105.245
-183.005
92.9504
-154.886
101.65
-159.043
-150.388
169.735
170.389
-0.599065
152.934
144.307
-111.685
-150.865
-25.8097
143.98
-73.1449
61.9488
-105.063
36.611
110.301
162.664
-29.5629
-137.553
190.879
-173.28
-193.643
138.516
-108.898
-114.122
-165.678
167.371
-119.395
188.315
-68.8834
106.974
128.304
-134.576
-173.693
9.0722
164.675
54.1155
-164.284
-93.2862
-30.6567
45.5108
-176.37
150.724
127.841
-162.269
163.912
131.536
-87.8175
-109.171
-176.13
24.1214
109.161
-10.0843
-172.449
56.5526
126.766
85.571
-162.351
142.577
-153.424
174.754
-162.415
-8.51398
7.1797
-73.7848
-85.9613
-139.759
121.551
136.033
-22.2108
159.791
75.0374
108.004
-80.3201
73.6714
11.3958
120.031
78.3958
-194.578
174.455
-199.679
-172.921
-177.564
-128.654
-115.837
-8.77267
159.27
99.1861
-171.314
135.874
-173.416
90.3408
-28.206
-124.279
-125.495
76.7847
66.5734
-100.448
174.541
73.213
-25.6373
143.022
-118.016
-2.14211
-29.4086
-188.115
-103.847
13.1114
176.706
134.912
183.4
6.27203
-37.732
20.0414
-123.829
137.699
-187.761
148.055
123.081
-176.161
37.968
-172.989
-191.678
-2.64133
-122.854
-12.0221
-135.439
-136.265
129.035
-171.514
59.498
103.783
162.714
-80.1703
119.79
-146.639
58.132
58.3271
144.506
-52.7313
7.19786
56.4755
-21.3122
85.7298
-41.7939
-158.307
-125.717
-45.1432
-147.415
-104.296
192.913
132.793
-98.5825
-32.6944
-99.5855
-56.1896
-38.3992
-113.772
-166.962
-170.756
19.1202
-185.461
176.883
139.451
-192.227
-87.5179
-131.281
21.0444
-57.2334
96.1726
-94.6205
128.341
126.548
-41.2129
142.137
93.0774
-89.5647
11.3096
136.895
153.678
-71.1435
145.618
96.0319
148.645
-132.357
-163.599
36.8062
13.96
137.544
170.643
55.3681
-87.3863
-176.838
-105.145
35.3902
135.711
-100.067
-28.2604
-192.636
-118.887
168.596
-117.19
-39.5927
-25.0064
123.571
-196.961
-155.816
-194.446
172.749
-171.496
53.3395
155.58
-167.466
102.308
114.426
122.69
98.6006
-95.7778
-188.456
81.8268
-176.543
161.53
-159.397
145.341
-74.9013
-184.73
67.1225
20.2502
-25.6327
-34.5506
166.395
45.6469
144.965
22.8053
67.6172
96.4994
32.2633
-21.3031
-167.897
-134.558
-142.305
120.376
7.38847
128.54
127.061
-187.321
106.774
164.806
27.3119
146.24
116.786
-90.5496
157.504
159.406
16.3109
-52.9582
-39.3749
139.759
-186.568
-70.4355
-121.392
-94.8565
-89.6101
119.55
-183.922
-23.2319
-100.534
-113.5
-7.17063
-168.015
-112.974
107.977
43.6047
-52.7132
-29.1227
173.593
173.724
173.588
-119.318
137.513
-166.84
42.0888
38.4218
-199.216
-97.5931
-193.094
66.3374
57.5511
-154.786
15.376
164.026
-203.401
26.0729
-91.2984
-93.2317
126.884
-9.83465
-80.5425
177.137
68.9061
-69.9908
-174.714
111.88
5.28266
52.3864
-124.633
-23.418
-86.7646
-169.063
-159.011
-38.8711
-174.5
184.684
115.62
68.6247
-170.96
195.268
-14.9222
-39.0618
89.6237
49.6089
-161.956
128.64
-42.5245
-183.11
5.93619
95.2059
185.883
-48.6286
8.8589
-149.385
-169.059
-122.699
-113.559
-193.693
-144.229
101.95
97.7383
-102.921
109.289
4.52476
148.196
-156.628
-176.484
43.051
170.711
-190.671
-178.281
-158.366
-51.4016
-200.151
-175.594
-158.267
157.268
155.417
9.04043
-103.361
-90.0095
137.263
-9.21289
32.8306
99.8169
-131.717
-57.6872
169.726
-115.824
-164.825
154.105
73.8756
113.641
-28.737
184.035
-69.4598
-116.169
-16.1384
-120.63
-57.66
-194.292
69.9771
64.4812
143.222
94.8247
175.09
-135.824
-79.3171
147.361
167.466
-175.83
156.478
-18.2851
71.3976
-35.7261
-189.364
87.3954
-67.245
-69.9862
-123.38
-187.82
165.455
-134.113
163.967
-140.109
-55.5814
-115.706
19.4515
-75.16
-44.6485
160.182
140.826
-125.717
160.881
-85.217
41.5851
-181.735
-7.40208
143.925
50.7934
-162.342
9.73027
-165.11
-69.2964
-128.454
-132.416
-178.045
-94.4526
-162.723
34.6459
31.3692
-144.411
30.3118
128.953
-161.902
88.3485
166.876
67.5627
-123.571
-11.3505
-186.786
154.264
155.294
126.448
-197.478
-31.5371
92.6009
145.831
-53.7298
89.1926
-13.075
-159.074
-134.25
-198.477
-190.117
-9.98895
-43.1871
101.473
7.00724
-86.3425
86.8644
47.6529
-3.21317
-71.0437
-56.3666
17.2503
-48.5742
-199.797
-177.732
-150.474
-6.21757
-95.9865
161.121
-191.683
-76.3672
142.514
-188.61
-68.7654
186.386
-187.648
153.274
193.77
-193.339
179.116
-112.252
58.4678
-16.3154
-163.399
-11.1462
-135.38
-80.8284
-96.3541
-151.541
176.293
175.585
-69.8092
22.4922
188.81
179.52
45.6197
-24.6161
-92.433
-85.9477
-3.73962
62.3254
76.4262
-112.388
-73.0315
-171.814
-77.9647
73.3764
102.998
142.464
80.7694
33.121
-83.0023
-119.84
-112.143
-22.061
150.206
-133.274
-144.928
-28.3557
98.4736
-133.433
166.141
21.4756
-71.443
-172.385
-160.863
89.1154
169.458
82.562
-115.347
149.308
-162.088
137.199
40.5594
146.467
144.116
-126.321
-195.168
169.749
43.7499
176.343
-198.458
-11.2189
-48.8102
-110.4
-9.76204
29.1636
63.2649
167.883
-25.4376
-102.213
-199.135
-168.873
-105.313
41.1676
58.9126
-20.6133
114.703
54.1291
-183.763
78.886
-83.2337
-81.0689
-174.224
-114.244
19.8281
120.548
57.483
135.97
-91.6887
-118.066
136.523
-192.304
-135.33
-181.458
-193.321
-152.389
-70.8349
-177.046
-48.6241
191.247
177.037
-163.958
14.4638
125.336
-155.843
149.194
-113.314
-167.566
-88.5935
-33.6792
-153.47
-28.8368
143.358
-8.24168
-24.2667
43.1145
-186.432
-3.46732
17.3774
119.464
-19.8463
-175.966
72.5958
38.2222
112.52
175.14
-146.154
-1.34336
97.9653
-188.27
-196.793
140.354
47.1446
-80.2112
-180.45
-77.7423
-194.782
-30.8745
-192.363
-183.087
-175.98
169.967
-188.147
46.659
-14.3549
130.51
161.67
135.157
-107.464
179.297
98.4554
4.52929
-83.9235
130.632
-177.981
-200.56
118.883
-93.9942
-145.618
-90.3317
-183.563
-201.377
170.316
112.547
15.2489
-48.969
64.7217
-22.3969
71.207
117.585
-200.655
-181.149
-84.7041
-155.879
-196.67
171.918
-146.875
-198.404
-105.998
-122.205
164.584
98.7731
138.084
164.402
-25.4557
-39.2388
170.352
102.454
153.919
67.2178
-188.306
38.4082
-183.382
-24.362
-200.687
-77.3338
-35.5672
54.3515
-65.8018
48.9055
166.976
54.465
-170.012
106.892
-112.42
41.163
-158.239
-73.2947
145.237
114.857
-117.848
41.7939
-188.71
-0.426607
-124.324
123.857
39.3704
-161.443
136.873
186.954
-141.075
-46.6045
-122.541
146.816
-82.1899
44.5623
-70.6897
13.7331
98.7186
-158.049
164.911
107.323
103.38
170.734
-59.9065
40.0738
-96.3088
-152.058
171.891
-43.7907
117.04
-169.1
65.8699
-12.0494
76.3944
-113.804
80.2429
-14.9222
142.786
151.273
158.112
-178.462
-134.667
112.57
89.8643
154.404
-148.777
-161.938
130.891
78.305
105.771
103.071
-147.892
8.10553
148.65
180.309
-98.2784
-180.196
-140.599
46.4956
37.3009
163.114
-8.77267
-53.7479
-40.4142
63.519
-188.941
-185.215
176.13
-143.93
148.713
123.262
27.6977
-60.2423
-156.642
21.2441
-80.9418
151.028
-176.32
-172.549
-143.059
-40.9951
-154.227
100.416
-147.052
-79.4714
-48.674
-162.76
134.849
23.4225
179.429
-189.731
-24.3983
-132.407
-120.362
-120.975
-155.385
-173.257
115.787
-5.54135
-173.665
93.4587
-72.5685
-181.222
161.344
-78.3187
-32.6173
87.1503
-98.3964
-172.463
-38.853
-39.6744
-39.03
-156.401
-101.932
-125.731
-32.4993
-55.4135
-150.751
9.67581
-147.955
169.549
51.7374
1.1119
-100.203
40.16
142.782
-124.433
92.4466
-119.327
-201.299
14.1279
-162.238
84.9946
-90.5768
164.085
-123.212
-183.881
-31.9637
-66.3237
-194.301
-32.9576
192.513
187.294
-184.734
-146.853
-0.730678
-94.8746
-120.852
76.7121
180.024
-96.6628
-11.0782
147.665
-49.0734
-51.4334
62.6068
-79.3534
-54.2835
168.8
-183.541
177.428
-92.8142
-195.572
28.442
-105.635
92.5465
29.9759
-110.028
4.78344
-154.536
173.606
-72.9906
172.34
-108.703
-164.107
-17.1323
96.6991
164.688
-182.724
-103.911
-122.89
169.549
66.7322
90.4361
-4.4476
-93.1274
145.527
72.2146
77.9374
-121.147
-97.2074
-20.4
137.699
89.9278
28.7823
147.597
55.6223
94.5796
8.30522
77.1341
31.6098
117.97
-53.8886
35.0226
111.735
164.153
114.131
-169.399
-116.609
9.82103
130.36
164.761
57.2515
53.5573
124.955
61.4586
107.682
126.902
-180.214
-130.769
23.6812
20.8765
-22.6147
-36.9832
-156.497
-36.0982
-150.374
-33.8971
-167.992
78.5955
132.652
-78.9041
-64.994
137.789
91.6206
-122.45
-30.6703
-167.879
-196.348
32.5401
-45.8375
-19.1701
-31.2785
-33.2345
161.997
-101.959
-172.385
-45.8648
-127.506
-190.711
-123.539
-162.574
-19.8463
-176.642
-129.702
59.1123
-97.9834
-174.872
106.411
191.388
-95.1878
-117.149
-130.837
-84.922
-66.9364
-46.1734
-165.523
-137.989
163.295
-191.397
-143.154
-174.582
90.545
-197.16
50.5892
133.664
8.95421
-157.935
-188.678
-184.635
180.01
177.845
1.99688
169.431
-154.704
66.4917
-75.4913
-117.839
-152.253
-58.8037
85.3304
-170.298
46.9041
-70.7577
30.87
-75.8997
179.039
-149.757
-139.087
-83.9145
172.417
143.653
124.161
-117.013
-56.7796
173.388
-89.3832
85.0536
-70.9574
41.5624
176.425
14.8586
56.7886
-160.195
49.8358
-174.696
71.6336
94.7612
-182.742
63.7233
170.597
55.6404
-196.148
-149.975
-75.5049
173.348
47.4396
-165.36
154.2
36.1118
-111.036
193.371
17.8766
36.3569
26.8445
-127.224
-18.7707
41.9663
-8.55029
-61.2998
113.518
162.015
155.153
-156.678
168.278
37.4416
181.213
116.405
31.7368
0.372146
96.6809
17.736
-185.579
-182.542
73.8801
30.7838
-30.9608
11.0328
80.0659
96.0818
48.5696
149.471
-138.507
164.353
55.114
5.17374
127.714
17.4092
-73.5035
-182.796
-181.889
-77.2158
-198.545
88.4574
-106.107
115.574
-129.947
190.525
61.7355
63.9683
-106.806
81.8041
-132.561
21.6435
-139.269
160.967
-164.716
183.464
-130.174
165.85
-152.158
145.046
7.48377
139.732
-128.472
100.38
-154.069
117.271
-139.814
105.44
160.177
-8.17361
30.6748
1.61566
-179.733
-129.049
80.6695
-40.3507
-116.287
-119.727
168.977
6.48533
106.007
-62.9835
-188.964
168.083
14.7406
109.792
-115.007
61.7491
22.2244
110.668
192.654
144.67
-138.407
-26.2817
60.6281
176.089
-192.781
-178.857
22.3288
54.2018
58.3453
-62.271
124.397
15.3034
-160.44
-24.7341
2.96809
-152.616
47.544
171.419
-6.86202
-24.8022
103.888
-171.355
124.51
-134.535
-192.572
-195.159
-39.8015
-1.52489
162.651
-116.432
76.2174
158.775
88.1896
-195.082
-191.152
114.185
-110.187
-162.887
-115.61
161.176
61.3361
187.634
-130.614
186.309
-27.4254
-61.5902
91.8793
78.2097
-133.469
-182.937
88.8749
-174.922
136.328
-61.8035
41.2084
44.0222
161.071
-91.0034
-136.328
86.9189
-106.003
154.477
-95.3648
-53.4075
-21.5346
118.533
63.283
-170.461
-54.1337
192.981
29.6356
-84.4636
61.6583
128.976
-121.928
22.4695
157.931
181.503
-96.4358
38.7305
134.563
-41.9754
-6.42633
-136.501
-91.7659
157.935
137.458
-65.2754
131.753
-193.902
-183.84
83.6195
153.597
-71.316
-88.6798
-189.472
36.6564
-176.538
179.216
-139.224
29.3859
-86.6556
-138.761
119.822
-55.173
129.266
5.83634
-130.124
-72.7909
-159.619
-95.1061
-169.086
71.9967
28.3875
-78.0101
143.948
-140.54
174.637
61.2362
-148.092
108.404
-170.92
34.8774
173.761
27.9564
134.771
144.211
-129.498
64.8352
104.682
155.181
-191.542
-43.3324
-125.981
-58.2908
-91.7295
-184.172
-167.679
-40.2281
162.487
84.7223
66.7594
-123.698
146.113
60.2786
-44.0313
176.792
-94.6023
-136.945
58.9307
135.643
51.388
-195.518
-147.579
-140.317
54.9687
-136.31
-176.842
89.6374
-173.293
180.795
-162.914
74.4384
4.67906
-154.019
-153.306
19.0838
185.706
-68.9378
-148.632
156.32
-183.981
164.838
-79.2536
171.487
-87.704
132.298
82.2534
-77.234
-183.591
-171.8
-92.1743
169.345
125.663
44.653
-187.389
113.296
81.7951
91.0488
167.557
158.789
83.27
-92.8278
79.1628
-38.1813
159.224
-30.4343
-173.42
49.0734
-71.8152
-181.244
-68.5475
-139.019
-158.82
55.4816
119.908
-141.652
-129.797
-148.287
134.535
117.054
121.07
116.11
66.4917
168.646
-136.038
35.2904
-131.431
79.8753
-52.9537
-72.7773
167.829
150.379
-72.6911
-159.864
-177.877
-132.035
-182.846
54.76
-190.648
-187.539
171.659
-179.42
-180.8
109.198
-11.1735
70.8984
130.097
-180.364
-114.276
2.47341
147.415
-158.784
-159.646
165.392
-62.4389
34.95
-130.496
-20.3954
180.586
109.892
-76.2809
177.691
-109.974
117.303
-5.66389
113.151
-169.79
-113.477
-201.254
70.0498
164.144
-168.796
-10.0389
-88.9793
59.9246
-84.6724
-169.168
-93.5222
-131.418
12.2128
-51.1474
115.474
-39.4611
3.63523
113.777
-124.674
37.4552
-45.1432
-0.930366
-160.894
-52.6088
136.042
170.375
133.918
134.622
-4.71083
-163.036
-180.686
-196.598
-39.5746
-35.245
-125.055
-79.5168
191.27
-171.945
-141.901
27.7113
-199.965
-113.432
23.4861
-141.143
-64.4086
-84.4046
0.80783
186.064
-156.56
171.264
-170.752
183.2
-91.1577
-155.212
-171.342
13.3973
9.34904
-77.8557
-79.3126
-174.723
-178.698
-116.305
-161.366
-139.75
-167.924
119.686
129.502
146.68
-70.0225
156.76
153.583
-17.0461
164.961
-173.624
-60.5419
-186.967
40.21
-37.5323
67.4447
93.0593
-59.1804
-129.325
156.692
-104.001
-143.535
-196.666
-67.1225
-89.297
-188.383
171.255
154.341
-90.9535
130.41
-180.718
-25.9413
-113.382
-93.8444
180.223
-56.7569
61.6674
-171.991
-134.826
144.874
136.083
-31.4055
-132.952
54.6647
-159.292
-82.3306
35.9938
-16.6694
-15.6438
186.604
144.869
-184.035
41.7802
-50.9296
-191.202
181.285
51.2745
158.507
179.011
148.473
-58.4179
17.2458
104.541
107.296
-173.879
147.102
1.1119
32.6082
68.2389
-23.4044
147.098
-110.409
141.529
165.832
160.386
-64.109
114.48
-53.3485
126.217
-195.309
115.052
-75.7999
-11.4912
-185.91
-149.607
-168.492
-174.047
-145.273
184.993
159.637
-22.5784
-187.389
7.71977
164.557
135.67
-48.3972
147.139
-114.989
21.4483
182.842
168.777
4.87421
161.852
112.057
-35.3766
-60.7461
-138.615
-173.779
-130.819
117.38
164.357
66.3237
-120.33
-188.002
153.306
39.8787
-157.74
-82.0129
89.7644
-156.333
-167.983
-157.976
173.23
33.593
-92.8278
-56.2713
150.588
-69.4552
-55.6767
-129.87
-40.809
-109.529
-12.2445
-149.108
-135.892
172.776
-21.117
53.5982
-125.354
163.558
99.4266
-136.124
182.946
-148.99
-86.0067
-153.814
135.289
101.719
-98.3873
-190.711
-137.844
-138.298
-75.1963
-191.22
-81.2051
119.695
137.426
151.645
-82.3351
-173.747
140.599
-153.733
13.9146
-57.9414
146.871
179.483
-116.868
33.0076
-112.37
-24.8612
30.221
-66.3555
-90.1048
-9.73934
-66.4281
80.3564
182.207
169.204
-167.366
149.085
-166.449
48.7239
30.8155
-146.013
124.878
58.0004
-43.9224
128.391
-109.234
193.362
140.367
-43.8997
126.757
-56.0398
49.7179
83.8646
176.052
115.443
190.73
-85.6844
122.727
-176.765
-115.542
-175.603
86.3334
38.7668
-147.688
63.7868
-58.9943
166.123
31.7141
182.511
37.5142
99.1725
-175.045
77.5698
163.327
69.192
-165.877
-179.547
-73.3718
139.119
74.4792
-186.577
-71.4521
-34.4281
-117.639
135.407
-124.311
28.8867
61.5222
-116.005
96.4222
-48.0568
158.167
90.2773
-2.80471
103.507
160.223
127.537
81.5364
22.9142
175.785
0.0635372
171.242
-118.633
47.2127
-20.0324
15.7935
116.868
-114.762
137.853
98.2512
-190.516
7.17063
-25.0427
-164.207
-142.21
148.895
59.8021
-93.9624
-132.82
-31.5871
-189.772
-30.0349
-17.9674
92.8914
32.0409
113.096
167.348
22.0111
48.4426
182.474
8.41868
-124.928
-68.3887
-156.755
101.673
-162.773
96.3587
-187.067
147.429
-199.797
-171.115
160.463
-191.524
-159.796
66.6505
-89.887
-77.2022
-132.666
-148.11
-157.899
-11.6001
-183.586
177.677
-180.4
107.273
73.4671
-157.858
-33.9697
111.058
-5.35528
122.046
186.409
50.0492
86.6783
-5.67296
-48.4063
32.3404
189.531
156.714
119.019
6.11772
85.8614
147.865
182.125
-184.553
-189.291
184.14
-5.49143
-157.536
81.6362
35.9938
-173.211
128.132
151.237
12.6938
-136.296
14.4592
-105.349
-126.28
-23.3545
-198.799
167.448
-15.9705
138.761
42.9103
-101.968
-172.449
-33.4932
-96.1908
192.781
171.95
-30.3345
19.043
-161.984
11.4185
168.169
-136.233
-197.483
142.85
158.239
162.192
-133.687
-31.0379
-2.17842
-177.269
-151.273
-69.4098
-110.192
34.3736
170.162
-162.483
0.104383
-10.3429
-148.94
158.208
131.454
-89.3741
-151.132
-71.3114
-117.226
-163.286
-194.551
-91.7477
44.8573
-125.872
-189.395
90.0549
-170.275
111.73
147.188
87.5179
126.239
-78.2415
127.061
-144.565
126.666
122.885
195.817
164.943
-121.406
133.029
176.016
-66.351
-30.3299
-162.165
114.834
-40.2735
-14.8632
-200.905
60.8323
129.57
-7.71069
12.5168
-121.016
102.74
182.302
-57.9641
139.668
-53.2487
109.139
78.4775
-124.324
127.81
66.764
-115.352
161.902
52.5725
143.195
162.256
-181.349
167.448
105.662
66.3646
34.9273
-31.2512
153.025
161.838
-171.945
-158.598
150.383
-149.235
128.504
-83.683
67.0136
-123.153
60.8323
70.2404
-195.073
-130.328
-191.419
-37.8682
-170.271
-171.491
-28.5146
-70.8939
74.6017
60.4375
-32.0046
140.34
-140.653
24.3484
75.4005
-0.240534
-25.5147
119.423
-177.255
-185.851
71.8878
143.562
154.055
-109.524
162.029
-173.752
49.5182
1.52943
-156.161
142.863
112.438
-66.5597
-134.876
191.097
-6.9664
84.0052
-36.1572
-51.4197
-13.184
46.8904
156.578
109.838
78.532
50.1717
14.8405
-142.473
88.6208
-160.182
105.245
133.505
-154.246
46.3549
177.491
149.117
-95.2513
-38.6397
157.758
-166.749
-91.6025
36.8062
170.974
-10.6334
-181.934
-65.8381
-182.084
138.847
-170.103
-87.9899
-42.8785
32.8442
45.6605
-187.721
-47.7391
-72.623
37.5959
-152.585
120.87
-44.1629
-193.04
-28.7733
-163.095
180.845
-190.126
16.1112
-165.909
-65.0394
162.365
106.221
-170.234
38.4808
141.452
130.814
47.9252
-154.604
56.893
-141.67
151.246
185.978
173.339
-68.6429
-184.017
-32.6763
-150.025
-60.1516
-113.432
38.6851
-78.5592
62.6204
-136.428
157.35
112.683
-167.243
-52.8039
128.649
158.525
17.7677
-177.891
187.716
-189.913
-94.1667
-175.213
124.769
96.5901
64.6264
-200.224
-183.391
-36.5747
-5.61396
78.1144
-165.959
7.0844
130.492
-191.969
83.7965
12.8209
-136.623
-165.151
-142.741
-112.37
107.641
22.179
197.587
-70.3901
167.439
29.6764
-175.158
103.979
-195.921
159.047
-138.47
102.404
9.80742
-139.11
150.184
39.6472
-130.17
119.65
5.44604
173.829
155.616
-177.169
155.503
61.6356
92.4375
-125.431
-150.933
154.15
-50.4984
-177.133
-176.034
-60.5192
-122.277
27.0714
-176.847
159.279
88.8885
-153.007
-156.483
147.434
-187.653
-168.6
-52.9673
-96.69
-32.8805
12.3534
0.172458
64.4222
