-289.457
365.92
344.217
-291.717
-366.682
186.636
-375.859
-527.749
-334.414
316.66
-198.536
497.578
23.4725
-225.112
-65.2708
-389.147
-120.385
190.013
-251.035
-74.7197
44.2491
-371.91
-487.176
364.558
-278.13
80.547
182.279
-423.484
-528.457
-206.623
496.434
-110.609
-97.5114
-31.1514
397.752
-574.558
483.091
-269.198
-592.067
-8.82259
-25.7326
-262.363
-561.215
533.413
-202.838
-315.925
-155.022
-543.406
-244.909
257.543
529.818
274.181
-538.832
486.604
342.066
-218.495
-5.71835
485.379
481.866
-558.465
-373.925
421.905
502.561
-559.418
-120.957
-505.012
-533.277
-506.128
222.226
-202.402
-576.028
-103.638
-361.971
-533.903
-160.604
-603.313
455.153
-75.0737
149.276
-543.869
502.044
-229.306
-271.567
-139.228
215.391
464.357
-547.681
363.033
-544.741
-92.7461
-404.505
-438.842
-16.1203
-276.577
-503.133
454.527
-251.144
-324.04
-30.9063
363.006
-99.4992
459.946
119.786
492.295
-160.195
444.234
540.656
268.218
360.991
480.75
447.937
-198.644
-565.79
-27.5298
-162.374
-271.376
249.075
451.613
455.698
44.3308
318.43
-391.571
450.851
-73.4671
-196.82
-317.259
378.364
-46.7815
-274.236
-481.921
-127.274
219.285
-472.009
37.5505
-139.473
191.619
429.067
192.736
-549.37
-263.834
-77.0343
-73.7939
-276.523
-42.4247
465.065
-61.4314
-548.716
534.284
247.005
-333.597
230.667
-15.8208
-389.065
-301.684
89.6419
-551.358
-263.997
301.139
-307.375
197.256
-127.22
-371.556
97.8382
315.789
-106.388
-67.422
-30.5251
397.834
56.2032
43.7317
-509.042
-11.6001
-108.24
213.104
190.639
-35.5354
122.536
484.29
30.3072
-421.96
-18.8978
-398.759
-250.464
-67.068
83.6512
232.083
-561.433
369.868
-434.676
228.679
-81.3911
-473.18
-602.224
505.284
-242.458
276.931
-396.908
236.086
204.472
328.424
-476.12
-329.785
-406.302
1.85166
264.487
96.8851
-179.175
461.334
-414.335
-126.076
307.729
235.324
-383.701
268.327
-431.082
510.104
-538.913
-420.026
-395.111
468.033
207.603
431.735
-343.319
-274.426
-500.9
458.149
-49.5862
-490.362
-489.109
512.609
448.318
-531.588
-121.583
391.625
-175.39
-206.051
-369.841
467.053
396.036
-116.191
98.2194
-208.856
-315.026
550.949
518.817
532.623
-555.851
-571.481
-582.209
-198.563
-140.154
-382.585
-587.547
-559.663
-524.672
-261.002
387.377
378.555
358.486
-49.5045
-383.783
63.5281
-40.5458
-195.649
-375.124
467.652
402.626
461.961
-531.997
-3.70331
430.428
-509.94
172.939
302.936
-609.086
415.806
-479.96
-229.387
-249.211
-334.251
386.778
-342.039
86.8916
318.076
116.328
-264.079
-173.429
-550.132
251.417
-555.633
-21.0217
369.487
-557.294
384.028
-579.759
-227.699
91.2757
-276.087
-108.458
-502.125
-560.67
310.043
-477.727
-449.517
-181.68
96.9396
-593.047
497.224
124.796
-316.933
484.752
-391.843
-250.001
30.8518
-221.082
64.8624
440.476
62.1666
492.077
296.374
-69.8455
-372.047
-406.384
-360.964
231.593
-98.056
186.282
430.673
250.11
89.3696
470.865
-313.529
-336.184
147.942
29.4903
564.864
-3.21317
-475.113
-168.582
46.2369
-206.323
-40.6547
-291.118
-247.986
407.174
-305.659
-211.797
297.654
-125.395
376.866
472.798
-427.787
-418.011
78.423
313.229
313.12
153.197
-473.833
442.028
57.4013
299.532
57.1562
-323.686
-437.535
-242.866
-436.31
-280.662
479.905
557.593
412.919
-407.827
254.358
-359.248
-75.1554
375.505
-234.507
-344.054
-446.984
-428.658
157.118
400.802
273.827
320.391
-546.511
173.729
-333.979
295.884
-87.0823
462.179
-539.894
-14.7588
375.723
508.089
322.76
439.387
366.791
-33.3298
470.538
-576.028
393.041
411.258
-255.773
149.848
-116.355
-177.514
-295.856
201.122
387.867
13.1522
350.181
55.1957
356.607
425.391
511.084
-374.443
228.053
6.97094
-189.141
-122.944
-199.298
332.209
242.567
-480.368
-494.964
-368.942
-430.02
-322.814
58.6539
358.568
103.72
398.787
139.392
412.157
-392.088
-498.694
363.033
-582.155
79.8935
-208.774
312.358
-498.259
477.809
-534.121
122.645
206.95
320.119
471.845
438.488
-535.537
-375.94
62.7384
574.748
341.63
63.637
-254.33
-290.928
23.7992
84.8766
-547.709
-320.064
-462.505
-447.774
-619.46
82.9977
448.972
34.2012
-446.494
380.951
-588.091
-112.107
362.108
-519.607
-3.67608
81.255
496.325
314.618
-144.592
-498.368
370.494
319.411
543.325
-511.03
485.297
-461.334
529.927
-2.64133
-546.892
-433.26
173.783
-283.385
-147.179
-68.5112
-185.874
302.555
-306.095
212.505
-225.139
112.978
273.909
176.751
-0.462914
40.4369
-43.5684
-236.413
514.134
-416.268
-90.7311
552.392
550.704
404.641
-198.781
440.04
182.606
-488.429
245.535
-365.511
388.711
-360.746
466.508
456.569
-463.567
-65.4342
492.431
-472.199
498.122
238.128
-36.9786
520.642
-378.691
472.472
-507.871
360.664
-96.4767
-504.031
339.37
-455.861
485.923
287.524
172.694
-475.494
-314.019
-595.879
-447.61
417.821
434.812
353.612
-110.282
521.214
-554.571
-520.016
333.434
563.802
331.501
163.79
-548.253
-209.264
-187.453
-552.038
-26.0866
455.725
-590.133
-589.262
420.571
-582.591
466.399
549.343
35.7805
-522.548
97.8654
-489.191
-575.021
-568.322
-334.85
-232.328
-476.529
-188.597
-257.435
178.004
-284.474
-410.605
329.486
-553.836
-251.335
455.807
-567.777
-491.07
399.74
-577.172
-584.47
128.445
-78.2869
399.304
266.448
-130.378
-49.2322
299.315
-576.328
263.67
261.328
-349.799
-476.611
-308.328
-565.517
-239.081
-222.607
-366.192
366.9
450.905
49.5862
-559.853
12.3898
205.697
-362.625
16.91
-553.727
503.868
360.692
238.945
-494.937
-192.273
249.32
400.666
519.988
545.476
371.066
-434.24
-499.402
-369.432
378.092
-316.197
450.633
-308.056
-240.252
99.5537
404.314
289.403
453.601
-110.173
-582.917
-265.359
-515.468
185.111
-418.229
-403.252
-270.587
346.722
-459.946
82.4259
415.234
376.104
214.71
-468.305
169.672
-161.312
524.4
487.829
250.79
-170.516
171.578
5.8545
-397.371
-351.597
-189.767
-297.163
-378.092
-539.703
-365.293
240.96
219.122
-586.757
-381.604
522.739
-518.872
-534.502
-361.318
479.987
204.091
24.8884
-230.313
-585.695
-41.6895
-190.176
-496.543
-132.339
220.156
295.693
-334.088
420.816
-352.441
406.112
-435.357
199.053
53.698
-547.001
140.345
353.421
309.145
231.266
342.257
124.034
-490.552
406.711
141.815
126.403
-227.4
280.281
-116.164
-190.285
148.377
385.389
-356.934
-168.691
486.904
-45.1749
-451.286
177.596
-494.147
532.569
351.025
261.574
179.665
519.063
336.348
-557.92
-555.17
154.314
361.645
540.738
57.6736
176.043
108.158
353.857
462.56
308.464
-218.087
-542.889
-58.3544
-562.032
465.174
394.539
290.519
-415.615
-534.802
-214.438
461.716
517.946
-475.794
-610.175
-393.204
339.588
-402.762
-465.011
87.9264
-45.0116
-431.517
-529.764
44.113
516.122
-378.936
210.299
565.436
514.651
405.812
-129.589
484.535
-531.616
275.434
264.024
532.242
-306.939
151.972
-408.018
-301.493
-352.277
-578.452
-259.804
-326.981
195.322
-424.628
427.133
362.08
485.079
-286.898
-526.387
-342.121
-186.663
446.766
13.1794
-265.331
-437.562
372.836
-365.893
481.267
-549.315
-222.117
320.581
-608.977
-283.113
-278.021
515.305
435.929
217.215
22.1109
510.376
-347.213
301.874
456.869
338.771
-219.666
13.6423
422.286
478.898
-600.971
-164.253
317.532
-56.2032
249.102
185.819
-241.423
-399.222
250.273
202.511
-141.243
-462.315
-277.013
-346.532
406.82
-353.394
-609.576
205.316
200.169
285.318
-498.504
202.212
-512.936
191.782
420.87
193.008
273.037
83.1883
409.461
306.503
-111.372
335.15
434.458
326.027
-562.821
-204.472
238.836
416.187
256.236
-132.611
40.2735
17.863
392.306
-56.6661
-466.045
-85.8569
-141.08
147.125
150.474
354.265
367.227
262.009
-378.282
-406.683
-494.855
-491.506
-257.87
484.044
-465.419
132.829
-223.56
-530.281
-543.325
-353.421
-480.423
90.5133
-32.2134
497.387
310.071
-86.5104
-212.45
78.9404
-142.904
-502.234
47.7618
347.784
495.427
-196.657
-351.215
-542.78
551.004
328.614
422.613
302.364
215.8
-499.811
-16.7466
-287.524
-554.053
96.5039
115.048
-437.808
50.8933
-588.69
288.858
-342.229
260.838
-579.459
-304.107
-235.296
144.266
373.735
-98.1377
155.457
-167.983
123.271
-368.343
-377.248
554.053
-428.331
200.278
315.38
-237.965
-19.1701
441.375
-297.055
-511.874
321.562
-466.481
-128.772
-2.66856
520.397
494.501
-591.005
-559.799
-526.714
-357.887
-57.9459
523.664
-283.766
-555.442
-482.574
-163.626
-521.54
516.911
365.784
-235.678
-123.898
-421.987
-314.945
-371.447
-509.123
-391.652
485.896
-584.17
-455.534
-584.306
-497.197
521.649
-551.085
-408.263
368.561
153.742
321.807
-359.112
-348.275
427.215
65.6793
-559.418
-567.396
-420.707
447.556
123.789
507.571
238.373
-493.711
-404.124
-227.59
-287.143
570.936
271.213
544.06
22.1654
412.974
489.409
385.852
-426.807
247.741
303.889
-7.0254
-425.254
330.357
-314.564
370.304
173.32
165.07
-448.373
460.49
-55.7675
470.865
-447.42
-102.495
452.403
4.6836
509.314
13.5062
272.166
-22.002
-584.524
309.118
-620.196
-544.822
167.33
-225.602
-180.21
471.382
157.282
363.932
-448.427
-432.525
204.662
-126.947
-485.515
7.70615
-611.482
-331.092
-432.443
-474.051
-12.9344
-270.913
-370.739
-434.458
140.726
-9.9118
-396.881
508.906
-568.431
480.668
-555.878
267.156
464.194
451.341
-209.128
-308.818
245.726
-497.115
-179.42
185.574
-594.953
347.921
156.519
-23.6903
-280.308
218.768
-149.793
510.431
439.196
-384.572
-399.93
-504.984
-100.207
-637.16
-291.608
-137.567
176.479
-139.691
-287.497
-486.25
-150.992
-248.122
-383.756
-343.89
-472.689
434.24
-154.259
488.374
344.571
-503.923
218.332
406.112
-69.1103
-437.1
-76.1629
-443.09
-404.559
472.39
-444.996
92.3105
48.9872
402.435
-53.3985
-12.063
-321.78
561.487
-89.533
171.578
-565.98
-132.176
-468.959
-520.206
353.639
-403.334
-539.158
527.695
255.392
246.624
-431.762
-63.1197
-170.951
-454.255
-56.0398
-300.377
518.763
454.609
432.116
432.634
236.848
46.3731
-556.368
-37.7956
-439.632
409.788
224.186
420.789
401.074
-330.112
-162.728
236.44
410.278
-522.848
546.157
539.948
-270.723
479.034
-117.607
-48.5787
-211.661
74.3113
255.474
206.977
265.495
-217.624
335.204
-20.6677
-491.914
377.738
318.948
309.417
211.497
-167.793
-577.989
-134.708
199.952
66.0878
-256.835
-281.424
123.816
264.024
536.898
-470.974
-267.156
249.129
479.905
385.117
202.783
-524.781
492.649
-402.898
47.3534
59.0624
-158.153
-249.946
390.59
400.393
-252.805
284.828
-8.90428
351.488
538.559
-482.029
-513.426
-393.722
-424.955
2.39626
-469.558
420.244
-424.22
-499.974
-74.2841
-619.869
168.446
332.699
-398.678
204.771
-485.814
-409.651
-523.882
-192.463
-546.565
233.554
469.585
-51.7647
213.104
482.737
317.15
-356.444
-362.788
521.595
313.42
-246.57
-542.943
193.171
405.758
310.125
-568.05
-482.002
393.994
-507.462
467.979
-416.867
26.9307
142.795
155.022
-270.532
-476.529
-513.208
-522.248
-274.099
-106.171
-448.019
263.779
-313.529
412.946
474.269
115.347
-500.165
-334.169
324.176
144.075
200.197
409.515
-501.145
-50.3215
368.861
339.343
285.291
-556.477
25.5419
-372.727
-551.085
-571.699
475.086
-69.6821
-412.375
-360.12
-257.68
505.175
-6.64417
-549.07
476.556
-438.951
248.803
-112.897
-618.044
-591.849
-109.003
438.924
115.919
164.498
226.746
-392.17
-178.494
-160.44
-437.1
282.241
434.513
89.1245
472.254
426.071
457.005
361.726
415.806
449.68
-51.3017
539.594
296.864
189.849
-459.81
-229.278
-471.546
94.8429
527.232
-560.888
378.772
-204.281
48.5515
-10.647
-346.096
344.108
-408.671
-110.146
302.174
-482.982
-375.859
-9.66673
-495.753
-485.597
110.555
-595.906
-528.239
-201.368
-43.65
440.585
-450.524
408.971
-483.99
-448.455
-491.56
-487.584
-97.5114
22.6283
-358.214
-341.549
302.501
344.544
401.074
-74.9376
-426.561
290.41
290.41
428.304
48.7966
178.086
-243.792
423.212
-265.576
-451.205
335.558
313.474
70.6897
68.1573
433.56
-560.235
-525.734
-586.321
258.633
-90.4588
481.213
425.581
-417.33
-225.031
-53.2623
303.671
362.543
-47.1355
-28.9457
-97.6748
283.821
-215.228
60.6689
-401.128
252.125
504.168
-586.975
-588.037
-294.168
-147.615
-97.6476
35.481
435.302
-507.245
303.454
448.727
-345.061
488.891
408.835
41.4716
-214.111
189.822
292.562
-329.377
-219.094
145.219
375.205
-153.66
-345.143
297.191
-189.577
0.789676
-493.194
-198.372
514.216
402.898
9.25828
-260.403
447.937
-541.419
130.651
341.63
539.948
-555.415
-145.164
79.839
-219.585
245.399
-556.586
146.145
-225.167
463.921
302.637
-480.477
-546.293
312.222
425.799
-79.1038
-146.58
-190.639
432.416
-42.2885
-57.8915
-275.897
359.521
390.726
-579.731
486.468
-222.58
-519.689
-380.052
319.329
31.8049
-577.662
312.521
480.477
38.2312
-590.133
-308.464
551.385
-530.2
-22.6828
-61.2952
-68.0756
321.78
-197.746
383.565
-478.462
-50.5938
177.759
7.07986
122.89
388.249
322.27
-520.206
500.791
381.196
-228.516
-478.816
-397.915
-273.065
164.008
29.0002
-220.32
360.664
-85.748
-32.2678
233.663
-510.893
305.169
336.157
480.886
-174.573
97.5387
492.214
91.9837
503.296
-433.832
-516.775
-336.184
-523.91
425.499
120.521
-572.325
-282.813
-570.065
-162.891
84.9583
-357.669
107.532
-225.33
-394.157
-492.867
395.737
-473.343
-20.5316
-376.267
307.729
321.126
17.9447
-540.928
-562.195
272.765
58.6539
-571.29
233.526
-544.85
280.798
-208.72
-33.7927
210.19
-557.103
439.305
-462.832
-618.153
181.789
-507.272
403.606
-311.323
-419.972
-529.546
49.2595
-286.135
-291.962
-601.134
431.163
-291.091
-594.79
402.98
-413.328
476.72
18.3532
425.99
-103.529
67.1225
351.951
396.935
-559.254
-343.428
13.016
165.369
-544.958
-414.09
-591.304
-340.813
-439.741
355.491
-13.6696
61.4042
102.495
-176.806
-46.6181
-399.195
31.1514
-46.3186
-358.431
109.112
531.126
348.057
-234.643
-218.332
-589.507
67.5037
-163.953
381.713
-29.5448
-541.228
-192.872
-505.338
328.832
385.852
26.3316
-48.2792
-122.318
-513.017
-526.333
338.69
-187.153
-440.694
-111.181
292.807
416.323
58.6539
29.5448
-300.513
87.3273
266.829
467.488
-494.419
278.075
-294.032
189.223
-477.237
-325.864
223.887
-205.071
204.445
462.995
-332.372
-170.325
-538.178
437.481
-43.2961
-38.6397
48.5243
116.11
-232.546
301.139
-557.185
-219.939
350.453
203.982
-8.08738
-614.069
192.463
282.895
-469.694
338.472
-34.1467
345.334
283.63
-42.9421
389.773
-126.185
527.722
451.096
-108.24
532.487
408.29
364.939
11.355
521.786
-528.62
508.361
-81.5818
261.301
-283.412
-139.909
-476.665
-561.46
400.856
324.23
-230.912
-313.447
-333.461
429.911
-533.413
426.834
-139.228
200.877
-619.923
421.66
-294.25
-435.493
-581.011
-557.021
-514.052
-153.197
475.167
-594.136
-483.772
244.037
-575.592
-597.649
-81.5273
440.912
147.833
512.772
482.302
517.919
341.304
-456.978
545.449
444.615
39.9467
205.806
-164.906
-535.074
34.2284
-532.977
-95.0607
-310.969
-72.2418
-524.018
536.626
535.21
-150.747
-598.902
293.814
-383.565
319.274
-6.20849
-381.931
-299.315
210.027
35.9167
-321.017
152.925
466.045
268
143.639
-376.403
-570.283
-188.379
-12.1174
289.403
-332.781
-543.57
141.543
-159.161
75.2916
388.303
389.91
484.126
-486.468
390.427
-527.586
489.872
227.073
-596.124
131.849
493.384
221.273
2.36903
220.075
-422.177
-332.998
-496.516
-566.334
429.557
-597.24
-100.071
-473.016
237.774
458.693
310.588
-47.9797
-419.863
-144.048
533.603
-81.3367
-377.166
154.123
-285.318
103.611
-470.32
-568.513
41.0632
-94.8429
-239.245
-454.99
121.311
530.962
-559.2
395.601
-19.5785
-173.13
-508.252
-529.628
-386.179
-38.1223
-611.918
249.837
-467.706
499.62
388.33
154.15
535.646
449.762
-600.263
58.9534
239.626
-35.0181
187.507
318.675
115.837
-283.603
-448.318
392.66
-343.346
411.34
-313.719
-588.009
303.317
495.073
135.824
-564.047
399.113
311.405
563.584
-560.643
58.3816
437.889
-374.77
494.474
419.155
-492.322
278.238
319.383
-557.239
-386.451
16.1475
405.485
-176.397
229.85
256.182
-24.4255
-450.878
279.763
218.032
-468.278
-479.252
345.878
-394.947
86.9461
-87.8992
406.901
461.77
-143.313
-100.915
432.334
331.664
-285.046
332.154
435.248
-240.034
-456.487
324.312
-130.623
-2.50518
-7.65169
362.761
-63.5553
-149.058
325.837
-502.016
-119.051
78.532
226.256
-47.544
271.894
358.513
304.243
-130.732
281.969
15.0583
176.888
26.6856
-69.4371
26.6584
274.372
402.136
289.239
526.306
94.7884
9.20382
-243.275
-466.236
-584.905
-585.913
-484.807
-557.267
126.621
-477.972
-141.298
-254.358
505.42
-468.986
102.168
-555.578
-64.5901
283.303
-452.948
516.312
432.28
-531.425
-554.326
-330.03
450.633
222.144
202.375
-385.798
426.289
490.961
-176.288
-433.859
-417.875
182.551
328.478
-514.433
-589.18
-261.574
449.217
506.836
203.246
-349.2
-547.191
-493.167
-293.351
-492.922
-17.5635
-474.269
-345.47
-236.658
-615.403
24.1532
-285.999
-472.88
247.359
157.69
423.702
-95.7142
57.9731
-176.37
412.483
-316.361
-601.407
505.202
221.763
439.823
-323.522
-555.633
285.128
-336.457
484.126
407.582
285.264
-104.945
394.757
-593.156
301.52
252.37
-485.433
-116.627
-423.484
-553.373
-392.006
-575.456
-494.937
-31.7777
-332.209
-499.511
-278.565
167.82
342.665
217.406
-428.549
431
-592.611
251.226
277.721
-44.7937
-289.947
-466.181
-341.167
-473.207
9.55781
398.732
-151.89
-517.592
413.573
416.132
6.78033
-516.203
19.4424
-505.965
271.948
525.462
-327.089
-499.647
-585.314
447.447
-396.036
-361.481
-389.338
286.843
-3.83946
-560.561
-407.691
474.242
377.792
488.483
422.586
-320.255
-279.328
278.048
518.79
113.604
-548.58
543.624
-515.06
-69.3554
49.6679
-372.891
-75.455
7.78784
359.439
-83.4334
-556.776
431.817
-567.968
209.074
326.136
-262.608
-558.356
-618.126
-589.589
-313.529
-32.5673
440.667
-463.785
97.5387
-549.043
55.4952
-512.01
-457.25
-159.841
505.992
385.798
366.138
164.525
399.685
-324.094
-387.35
-171.387
471.927
-491.342
-53.4257
-482.982
-569.738
-596.614
444.424
-151.264
144.701
-234.125
148.595
550.976
-35.1814
-565.327
116.627
-127.274
487.421
63.4737
-524.018
-332.399
234.997
-77.1705
-466.263
271.267
-247.768
-476.72
-438.543
148.677
332.808
-393.667
131.331
528.266
-545.149
529.601
-147.615
467.788
464.738
-458.911
461.688
-301.439
-504.059
-275.27
532.242
-332.889
-555.197
-448.999
-240.171
-30.9063
108.077
122.645
442.981
-371.093
-222.907
378.282
-540.357
-323.985
401.809
382.013
355.899
252.342
-305.06
-23.7992
-528.675
47.0266
462.887
-478.707
-430.782
-23.9354
-368.398
-563.121
452.376
-526.469
200.169
78.6137
-41.9618
65.8971
-310.642
384.763
-507.571
-265.713
283.031
374.171
-283.684
-0.653525
109.52
325.592
-422.45
-215.309
65.1075
171.714
302.746
-288.994
457.087
-306.04
197.011
187.126
-250.954
515.55
361.073
-190.366
306.667
-581.42
446.984
-344.898
241.968
-481.321
-149.385
-194.805
-147.179
244.473
-70.9892
-518.164
-587.819
-511.356
19.0612
-84.8494
61.4858
-490.825
-483.282
-576.981
414.526
221.137
382.939
405.703
-293.133
432.334
513.862
364.095
507.708
-135.334
355.872
-196.167
-531.834
-74.1207
-51.5196
-512.527
-556.504
-494.12
-216.344
-208.42
29.4359
296.047
-164.825
533.195
-313.883
194.778
-453.601
17.1823
-471.028
-255.556
110.419
-607.806
509.586
104.755
280.553
226.692
-356.144
417.521
-213.839
34.7185
-427.024
503.705
537.579
-237.856
-410.632
-326.708
469.013
-476.338
504.195
492.459
-377.111
37.9045
302.909
414.553
258.143
-136.369
169.889
-367.009
207.086
136.532
268.926
-556.313
-198.944
222.77
223.86
189.713
340.786
168.991
-141.543
94.7339
515.495
-247.686
532.623
-442.627
349.745
341.249
-321.48
-270.478
207.576
165.015
-186.091
78.777
488.755
198.427
-2.0695
17.5363
-203.873
70.0906
471.437
-586.621
-238.782
-251.58
415.452
303.399
-329.132
272.656
462.042
-579.405
488.864
-482.274
-186.255
-70.5263
-108.022
-552.311
-170.57
-414.498
17.8903
-501.445
-352.168
-228.57
-446.113
-98.5189
262.418
-104.537
-128.908
-474.35
-459.946
-8.41414
416.051
529.601
-493.82
598.221
472.281
-33.711
-461.089
272.438
-33.7655
-394.076
-70.0361
513.671
-491.397
194.56
175.88
359.766
-441.157
-501.036
61.8126
-226.61
-372.972
-406.411
168.637
-87.763
499.212
-545.149
-172.776
-482.574
-593.265
-391.326
107.151
110.146
-590.896
500.655
389.311
-183.423
-97.4025
-454.908
-1.41597
-282.759
407.473
-582.754
-513.126
-472.363
-58.191
124.306
490.198
-193.634
77.7151
-392.388
372.455
-20.2321
324.203
-323.522
347.594
-121.365
300.404
-538.314
-444.07
-6.09957
129.888
-209.101
204.799
-232.546
-587.928
-164.089
-604.484
-70.853
342.801
-65.5704
-123.108
322.161
-30.7157
31.7504
-518.191
477.155
7.78784
514.624
110.473
574.176
102.685
314.4
21.7842
-573.823
-13.3156
287.578
-229.769
472.635
-607.016
-369.759
-562.059
-486.059
-152.544
-47.0538
288.15
525.244
202.157
495.481
325.673
338.336
-381.931
-449.517
82.6437
501.118
253.241
185.193
45.0933
87.0278
535.564
-558.764
509.695
-412.211
447.91
434.676
88.7705
199.625
373.054
-401.156
-574.122
-398.732
-567.287
-625.043
25.3241
82.0447
424.084
-483.527
399.304
-516.448
389.256
-568.676
423.049
244.173
-424.029
436.854
-98.3283
532.133
23.3363
328.887
534.911
-534.72
-508.416
-491.315
487.993
33.8472
512.391
-532.079
508.307
-97.103
-431.245
-139.01
-82.0991
371.175
-291.608
65.7338
-507.081
-394.457
-496.08
396.336
14.6226
58.2182
-121.855
-355.708
-394.675
-544.414
-423.757
-430.047
-580.385
-264.16
-413.736
-122.917
-272.384
200.823
-114.666
-415.969
527.177
-248.312
-269.198
-445.759
-115.347
-427.052
-128.744
330.929
121.365
-396.173
451.423
444.479
-218.223
-336.239
-550.813
-480.232
-421.115
-589.18
-267.537
-0.326763
-579.187
-169.372
-97.6204
-211.361
326.409
261.873
-163.49
-361.345
56.3393
451.395
-296.047
-578.969
234.588
-497.033
368.016
394.947
-121.038
-217.052
-561.977
22.7372
320.091
-577.145
-623.518
-203.737
358.05
-24.5344
-299.396
370.739
324.121
-215.037
-20.1231
306.04
196.983
326.109
141.025
343.155
207.195
-275.924
-71.4793
-553.754
163.654
-437.045
183.613
-508.116
-198.808
-542.099
185.928
412.402
126.403
73.685
-8.06015
329.949
-91.9837
-427.787
54.5421
-251.444
-463.132
39.5111
-430.292
-326.654
97.1574
-370.903
-95.1424
322.079
523.338
-570.146
-578.942
438.706
-447.311
-400.312
-342.556
-488.919
-362.38
542.698
-405.24
-18.2442
42.0435
-23.0368
-208.665
344.19
-449.979
406.738
-525.244
430.156
-378.255
520.914
440.449
-360.338
-437.263
-171.768
-263.153
112.434
383.647
-95.7959
47.789
-58.0548
-68.0211
-393.232
-376.621
-530.254
-25.188
-256.046
413.927
182.742
567.995
-467.706
486.386
442.11
269.361
173.538
-247.822
445.922
-269.525
-492.132
-310.915
-573.251
530.499
383.129
-116.246
442.655
455.916
238.564
-542.317
347.104
326.79
-60.6962
-430.755
-66.0061
-552.174
127.791
15.5485
-482.737
379.943
403.252
-479.769
392.959
-257.053
-469.095
49.9947
244.555
570.555
-419.182
-226.447
411.394
-542.235
178.766
-420.19
-464.793
-134.98
415.125
-402.926
238.809
433.505
-380.896
-173.947
322.95
-2.96809
174.083
189.114
-260.212
-299.914
-515.278
310.615
-31.6688
242.403
357.86
-477.373
-590.378
-636.016
330.493
-445.786
53.6708
429.856
412.483
399.059
-470.756
478.952
194.914
-93.7264
-5.47327
-52.8266
333.461
152.271
-571.59
411.857
-190.884
-432.579
71.0709
357.152
-355.3
-159.27
404.587
-541.473
362.788
237.475
-563.448
-104.864
-263.643
-31.7232
-505.093
151.101
462.342
-545.176
-408.236
-227.699
405.131
315.353
-286.135
-619.76
111.589
-434.703
323.577
-439.224
-441.974
-198.536
321.752
-78.1507
503.841
337.137
-22.1654
-467.08
115.511
-542.29
-100.997
315.898
137.349
-18.925
471.192
-40.6547
466.944
353.04
-219.503
-394.702
203.764
452.212
-13.125
-570.038
-434.867
-555.251
473.425
422.477
443.335
119.132
261.056
-350.099
-392.605
73.4671
495.699
141.407
-108.676
198.263
-516.476
-472.036
-91.5208
412.375
201.531
206.95
343.21
-561.868
-318.376
-261.274
482.683
-216.426
-178.222
-370.576
-141.189
-410.85
-123.053
-218.768
-250.137
49.6952
203.791
-584.279
502.806
215.908
-136.124
113.958
310.098
-294.495
424.356
-20.695
-412.293
57.2379
-462.887
186.554
-126.784
-548.771
-513.535
-497.578
445.269
-138.003
-585.804
-591.168
228.924
-487.911
309.281
452.267
186.2
390.89
440.639
503.187
8.55029
93.5903
-39.1571
23.5541
284.256
102.849
108.921
-413.545
-128.772
-98.7913
304.189
208.42
451.749
380.624
-501.063
46.9994
163.735
-224.241
509.232
440.966
-600.699
402.163
523.338
336.429
-273.637
24.5344
-417.929
-579.977
-483.881
-283.058
514.57
-424.383
-344.544
442.055
-486.059
137.513
190.176
457.495
-508.279
334.823
373.708
-33.003
-592.394
58.5178
423.566
-379.589
-135.389
-177.323
-492.595
82.7799
543.651
-600.181
-524.781
-375.586
505.202
-242.649
-274.181
-549.125
-508.579
44.6848
-594.218
-15.1128
-547.709
185.792
-383.347
-145.246
256.917
-581.556
337.573
515.931
408.317
122.073
448.346
159.215
-563.965
32.5673
194.397
-536.326
-203.437
-584.116
431.817
413.082
134.79
-70.1178
521.976
484.698
358.568
347.512
461.389
465.719
66.1694
-551.112
-205.125
-213.784
-167.411
-585.831
-527.586
433.914
257.271
392.769
-573.469
-295.067
-547.464
-417.249
-110.609
193.416
-118.343
-339.207
-570.773
203.6
-487.367
5.41881
511.111
122.128
-303.535
393.395
-415.315
516.176
443.907
-272.575
-425.908
-115.647
-400.23
554.162
360.011
-493.412
-236.848
-410.55
-557.43
-190.693
236.277
-107.178
96.3678
-70.5263
-530.091
-435.493
-503.841
513.072
-337.056
418.692
546.075
-119.35
-89.0701
246.542
-37.3871
-573.387
-234.861
-445.459
446.412
-549.697
-4.32961
-563.965
-99.9077
-302.446
82.2353
400.774
-607.098
480.096
514.433
-499.92
405.839
-309.199
-341.358
-33.9561
520.125
-243.275
389.637
-351.597
-378.881
-347.294
282.486
551.303
31.2603
-417.712
-487.067
297.463
263.561
496.979
-138.765
409.624
-52.9356
378.909
-370.522
453.792
-111.181
388.793
-233.336
558.356
152.925
496.271
-593.782
-491.097
359.602
-526.115
-338.717
34.1739
-584.551
-571.099
88.2804
-548.771
-592.502
-83.025
-564.101
-192.708
78.2597
-493.521
70.1178
-19.1701
96.7762
-206.759
-312.167
211.252
-225.902
-397.044
260.266
-284.992
16.3926
-438.815
509.695
81.9357
-46.8632
-430.319
320.01
-335.858
333.461
-19.3062
296.701
364.286
-497.115
378.064
-104.51
-201.694
-145.219
-575.62
-510.812
421.061
-238.373
-497.877
-139.392
121.038
-523.801
-380.57
474.16
237.311
484.644
466.998
43.5956
422.885
378.337
-561.95
456.079
357.56
303.426
-232.546
394.076
507.163
79.3216
-218.332
400.175
352.495
-132.775
-525.026
-463.349
68.6202
-554.87
-490.689
552.528
308.11
-552.692
498.939
-193.171
-463.295
275.624
530.526
-604.457
269.389
-59.607
431.327
394.294
77.6606
-590.923
-440.857
440.285
-470.756
473.67
-295.366
-357.451
298.144
22.1382
168.664
-533.549
-541.473
379.181
173.811
499.756
59.2802
201.803
-247.904
513.262
189.577
522.276
-197.501
-427.297
238.074
310.751
441.974
-596.859
346.396
-439.904
268.054
422.422
70.1178
196.548
-479.688
483.609
-368.262
-567.995
56.3938
426.017
515.114
51.2473
-565
-304.162
479.415
491.124
-479.579
-133.755
-2.58687
-388.82
16.202
-54.052
-90.595
104.237
-214.465
120.494
-124.823
-64.699
517.647
540.711
-541.909
218.414
-204.717
63.3375
465.719
-129.97
-595.743
259.722
12.771
-110.664
-68.7019
-469.612
-326.708
471.655
-555.714
-288.314
533.331
340.242
-445.595
-350.262
-467.734
-44.0313
472.689
-517.755
-159.651
-496.652
-568.295
-78.178
79.5123
-505.692
313.91
111.671
-538.75
178.712
-541.664
482.057
-451.695
-154.041
486.631
354.156
531.697
-477.782
388.848
-595.362
477.128
252.805
-409.897
-288.831
-318.485
-113.604
-349.5
82.916
232.791
54.3788
-258.251
101.65
428.168
-75.5911
353.149
476.257
509.314
-494.637
523.664
322.76
405.921
-367.771
-245.78
-374.824
312.766
-531.098
-286.898
-339.425
-265.903
-584.497
-355.354
-117.362
-238.864
-254.14
-516.448
-479.797
74.747
524.291
-538.178
-467.053
-505.039
77.0888
500.437
-262.282
-565.354
294.223
464.466
-426.97
-392.251
316.47
15.1128
232.165
-445.868
307.647
78.0146
-93.1818
-170.597
-481.349
-430.101
456.215
-310.833
-289.376
-144.946
-405.267
212.777
-192.981
-526.551
-579.051
-515.169
354.674
499.511
305.06
-201.449
-225.984
232.737
-51.0294
498.368
-414.471
-126.076
175.281
97.7837
-297.735
416.949
200.605
217.733
382.203
-366.709
169.699
474.269
-560.425
117.09
449.326
-34.7458
-140.426
320.01
-321.126
260.702
-465.555
-609.549
-518.409
-266.012
244.609
522.984
-544.523
-398.405
-565.272
568.513
-503.759
-42.2613
100.507
-241.995
360.31
-149.712
-173.021
-435.085
-19.4151
408.535
-179.747
293.079
-340.65
-426.943
491.968
70.3357
120.14
185.084
-224.513
514.678
-491.342
503.46
-595.77
436.8
-320.581
521.105
-160.931
-427.46
-184.866
291.391
-421.905
228.462
-268.327
-565.681
-135.879
-531.398
-292.779
-64.3995
490.77
468.55
512.5
302.337
121.964
-428.468
279.981
-147.915
301.847
376.403
-251.417
-399.985
-131.658
497.66
-344.353
-227.617
-445.732
-547.818
-428.685
-100.643
-79.1583
365.157
-57.5375
-351.569
13.2067
-570.228
-282.677
-434.377
153.824
-514.188
548.335
-568.894
525.434
-155.947
198.127
446.848
166.731
493.602
-508.633
-518.055
501.744
-465.882
-540.547
409.406
291.881
-153.116
267.646
-204.526
-89.0428
101.542
-546.783
-306.122
258.088
35.7261
172.395
337.437
-304.271
-143.013
-63.3375
179.229
310.506
-179.039
261.165
399.658
351.025
463.595
402.245
432.824
517.701
-94.6523
372.918
-472.036
-331.501
151.373
561.569
-75.5366
-39.974
25.9776
365.92
396.091
-465.174
451.532
498.422
158.071
408.971
-307.375
-12.2264
-101.378
336.103
216.78
531.725
69.8183
330.847
-101.024
169.454
332.018
-110.337
89.9959
521.023
-460.327
-22.9551
7.97846
105.381
351.569
276.387
-199.598
423.866
111.344
404.287
283.385
-501.69
505.202
438.815
106.634
-580.548
-27.2847
495.209
144.075
-48.9327
-401.891
-153.987
472.254
584.551
-599.882
7.62446
-263.752
-438.434
46.8632
310.071
362.407
386.969
398.542
453.002
555.687
232.818
213.839
512.908
135.47
394.103
130.896
-553.999
373.735
-29.4631
202.375
-63.8276
215.473
-538.723
470.62
481.648
-164.825
-287.007
-33.2209
-371.42
-110.555
533.413
-52.7722
-475.113
495.263
-447.039
105.381
-347.948
411.421
426.071
-36.6247
-509.586
-167.33
560.262
198.644
-25.7326
331.773
366.492
498.395
275.216
-59.2802
-232.138
200.169
434.159
474.895
436.092
-254.112
-517.892
-485.624
-245.78
320.581
-17.4818
-555.469
-467.597
-501.281
401.619
-250.981
513.943
452.294
-550.595
-62.33
389.746
144.184
-443.036
-598.847
471.954
-162.728
338.581
318.485
77.3611
537.116
-255.964
465.446
-82.0447
496.815
-568.54
410.142
430.864
-525.026
136.015
-577.09
28.5645
452.73
83.2156
426.48
-392.823
-272.493
396.635
-418.556
-218.169
318.131
-2.0695
315.135
175.09
-490.58
459.129
30.5251
455.861
410.033
-419.291
-277.667
-27.0396
-307.674
324.012
104.401
141.788
204.39
-583.217
-348.22
-184.566
287.715
-595.089
-72.5413
-526.006
-25.1607
148.105
-564.755
-315.843
-53.5074
169.563
-21.4574
-458.094
23.9354
558.982
293.324
63.392
334.714
-564.319
459.374
-542.698
-482.656
159.841
-587.247
-458.965
45.9646
356.28
-504.658
-87.055
-242.104
-11.8724
-437.808
507.871
72.623
230.94
-236.685
41.3627
392.115
209.21
532.405
58.1365
-355.545
425.962
478.898
110.854
-369.296
-580.548
522.848
4.16622
15.9841
67.6399
-10.8649
431.218
-126.92
-585.041
433.478
-91.3846
-104.564
543.025
224.595
-485.297
475.848
-552.42
-340.895
521.54
135.661
556.096
-580.385
-417.875
321.752
331.474
-432.852
557.757
458.421
-276.55
-562.468
368.18
-444.751
-515.849
-31.2603
73.0042
-326.164
-124.006
-74.8287
-228.189
343.183
-125.858
-381.033
-210.245
234.044
441.375
338.771
-449.435
-141.352
-540.111
392.932
-121.066
183.695
-548.444
433.723
-8.38691
208.121
19.0339
-115.674
161.012
-222.607
342.175
-587.819
-83.1883
-480.804
-548.907
29.3814
-313.12
365.702
-404.723
-459.02
-109.166
-496.761
510.24
475.276
401.292
-300.758
480.722
19.7147
455.453
480.613
-245.126
-538.015
-109.956
-566.361
272.847
293.27
237.829
-77.1977
401.265
-350.153
429.856
41.3627
-477.7
19.4968
245.426
152.789
-580.848
-578.043
400.666
-50.2125
-200.442
-518.001
193.144
-302.609
-59.1985
-164.28
465.501
67.8033
272.656
316.824
222.226
88.0353
-340.568
428.086
25.1335
-535.918
369.378
-62.2211
-617.69
-324.639
-154.423
-369.95
376.512
117.607
-526.224
-476.828
-553.754
-528.076
44.2491
-512.337
-616.955
23.9626
-209.972
213.921
-155.512
448.563
-213.267
427.242
44.6576
-590.27
207.413
-595.498
-135.824
-442.491
-279.191
-44.4942
475.086
-134.218
-542.181
-469.558
-39.5927
411.313
327.008
6.58971
-589.997
231.103
-486.659
551.984
492.731
496.026
483.799
43.5684
-421.17
548.635
73.331
441.565
180.373
-169.072
-375.423
-109.738
-82.6437
293.732
-351.842
-11.9268
326.164
-389.801
-507.571
175.363
-497.169
177.977
-283.548
89.6419
-240.116
349.718
361.263
-9.39443
261.601
-446.794
-176.833
-354.946
477.972
239.789
-322.787
409.815
215.527
-222.335
436.664
-188.406
-234.752
85.2851
-555.551
320.69
-474.214
-154.423
464.085
-197.991
-493.602
533.304
405.485
-482.901
338.336
326.872
218.114
-34.6096
301.901
-605.164
79.5939
-259.967
406.602
-131.168
391.516
391.434
-48.7966
349.881
-375.94
157.854
351.079
3.45824
-352.74
370.331
-497.959
-186.908
-605.437
291.254
175.444
-158.97
-594.191
316.933
-59.4708
-160.359
509.042
-491.941
314.536
-81.0644
-356.934
346.804
233.145
-230.586
-499.375
450.415
-311.813
112.134
-605.437
-0.245072
-173.211
214.601
525.652
84.8766
-466.971
-197.746
-7.0254
346.913
155.947
455.071
-555.823
-209.754
-297.354
-576.464
-323.822
-316.606
-585.804
342.066
294.032
166.731
107.696
-490.743
0.544604
-333.543
407.827
200.224
407.609
272.656
42.3702
-284.256
-432.225
-569.221
497.768
340.269
383.701
-209.346
-483.908
-217.297
-8.63198
-491.914
-348.356
-23.9898
-255.855
-465.011
108.567
-484.807
78.5047
163.463
46.3731
-239.027
435.139
-279.328
-130.76
408.562
142.305
327.879
-319.846
421.143
-170.516
14.8677
550.323
-114.231
-192.79
458.611
128.636
-68.9742
-79.485
35.0725
313.42
530.826
500.492
-472.553
-286.299
-62.2755
288.913
12.771
-195.567
27.3391
-583.952
298.716
-625.342
543.161
199.924
-465.855
-490.852
396.418
-92.964
370.576
-534.965
354.238
-85.4757
110.527
92.9095
-592.448
-532.787
262.254
324.829
-354.837
393.259
-192.599
-439.142
-278.375
-299.015
-478.381
338.499
-328.614
323.767
485.76
-574.612
-5.90896
432.198
-501.145
-573.904
-222.498
487.367
-556.695
-419.808
107.096
-147.697
-201.095
109.738
-211.061
-437.29
-284.474
-592.067
-309.689
-481.158
182.034
-582.945
-15.14
341.44
-513.943
-486.985
292.18
236.113
-440.476
-432.253
-58.1365
-463.241
104.51
442.164
-472.581
426.371
152.734
268.245
255.474
508.524
-113.441
-6.20849
-235.759
-567.614
212.968
-8.93151
-211.606
-28.4556
-569.929
-486.005
-174.001
-155.267
507.435
-47.7074
164.362
149.712
-516.585
-394.348
-209.074
298.307
501.227
-550.268
243.329
392.66
254.712
-578.234
-372.074
375.341
-39.8378
111.644
-607.942
-220.347
-515.386
-555.633
505.692
-585.749
-545.394
-292.589
-74.747
-524.835
173.13
-490.661
521.84
-378.01
401.836
-62.7112
1.85166
181.163
-140.236
-366.056
87.5452
522.575
566.225
-179.937
-564.646
522.956
423.484
534.448
283.576
371.447
-510.022
-389.12
546.184
-275.597
516.693
206.922
477.509
-392.251
-200.823
-127.655
-192.599
-553.699
-552.311
-74.8831
267.02
339.779
514.651
470.702
315.326
-583.87
-321.317
-451.504
122.482
-460.98
-427.923
-504.467
-500.519
-370.576
-0.571835
-583.544
175.308
308.137
-440.068
-427.678
-446.412
-532.324
-35.5082
-576.573
423.73
281.996
60.6145
563.203
-492.976
217.461
-493.493
-25.1335
-558.301
-162.374
-214.247
519.525
39.7561
-531.18
-525.026
411.313
428.386
-474.35
452.566
-341.603
-220.892
-133.483
-389.692
293.596
-255.665
496.08
400.094
-439.006
-310.724
487.448
357.506
-245.072
-452.73
362.298
456.705
488.592
477.945
417.14
-488.51
320.5
139.746
-284.147
-66.823
358.622
-410.741
-567.56
385.934
118.697
-482.274
-514.597
-350.099
-551.194
429.638
96.1772
190.639
125.041
-69.2737
-542.344
-513.262
-192.763
504.876
-473.343
472.281
550.759
-580.902
-27.9382
194.914
202.62
431.899
-78.5047
174.056
206.106
-60.3149
-585.314
-515.278
-589.153
-39.2388
290.465
-153.415
-295.148
-498.83
256.155
443.036
-514.134
-385.526
-436.146
492.132
-347.049
214.901
194.642
-406.275
206.922
-371.284
-301.983
-456.297
-25.4875
250.164
-92.4194
-12.6893
524.509
358.649
-541.282
-107.777
535.101
468.959
-348.792
440.068
-439.115
269.715
-31.5871
-420.898
-207.903
-240.797
224.214
318.539
-613.905
326.599
160.005
360.964
-394.729
152.38
-329.921
-498.749
-446.739
-508.416
554.952
-140.889
94.1349
571.617
-328.968
388.575
-85.993
397.806
-375.232
-114.558
-440.857
-408.127
201.613
377.493
123.598
-373.925
-467.788
169.236
-465.8
-54.76
-222.008
-433.069
358.459
-139.283
126.866
-40.7909
-317.668
-548.553
98.6006
-518.382
117.199
4.27515
268.49
-464.847
245.154
-485.025
456.869
-196.657
503.024
-458.257
-111.998
155.702
490.661
263.343
-132.883
-531.289
-587.655
18.8978
-465.746
-526.741
-590.732
-85.7752
490.28
-533.358
-67.531
502.452
84.2503
52.9356
293.869
-545.775
-359.766
-238.264
-17.2095
-476.066
-488.783
517.211
-499.811
-417.984
-209.482
219.312
-579.105
-500.573
399.767
289.839
-506.21
-116.164
145.219
3.10425
103.257
361.917
58.191
-433.505
-507.49
-381.141
-83.5423
-185.193
97.811
-341.712
26.0049
303.426
-224.186
344.054
110.527
-49.1233
-536.735
-516.176
-526.251
-515.822
-496.952
207.14
381.741
-389.365
-459.728
473.289
377.547
339.833
525.979
536.245
362.244
532.868
-104.809
-435.085
-491.506
-465.256
92.5283
-490.58
-410.142
316.415
-270.668
192.49
-458.748
478.735
463.322
337.682
350.045
496.897
-512.173
-280.008
-140.29
417.167
-403.062
57.9459
-427.705
-95.1424
-24.9973
-607.397
466.018
-133.237
515.141
-324.366
-161.775
359.466
-51.8191
503.541
-309.989
-140.726
489.354
-465.719
211.769
255.991
465.555
133.673
386.778
172.749
-584.47
358.704
346.014
404.505
-233.826
-94.625
501.69
-103.066
-195.622
-156.193
-336.865
29.5176
28.4556
-540.711
178.167
502.507
369.596
-476.338
-532.433
77.7967
-557.593
-296.973
-420.162
192.028
-258.823
-5.90896
-632.585
167.166
29.9532
285.999
234.425
-235.296
301.003
-600.1
285.482
16.801
232.41
199.598
452.348
126.021
-610.583
136.342
-212.096
-482.819
-88.117
166.54
554.462
311.786
-208.91
-541.527
241.341
459.891
399.712
511.847
456.869
-42.7242
100.371
-158.671
294.059
381.931
-175.226
111.154
459.319
454.118
-390.264
455.425
-280.716
-409.052
-245.154
339.479
-93.8898
-404.042
-260.212
14.3776
-415.588
-605.056
-417.821
332.944
-560.616
-55.8492
75.2916
-593.701
-373.653
-237.039
-435.52
34.3918
263.425
331.147
138.193
511.819
-503.405
-16.9917
-254.984
-555.088
-502.261
-516.802
399.767
284.311
-255.147
-387.758
-286.108
-17.1006
261.492
-419.618
514.324
-522.929
-495.808
424.138
398.596
-586.866
-613.143
-250.709
-131.195
583.217
-261.682
-205.479
495.699
-137.921
34.5279
-248.53
324.965
521.35
-107.505
461.334
-185.138
-328.07
-559.99
-418.202
344.952
-479.797
-352.577
180.754
-560.643
-269.334
390.209
-376.485
454.581
414.226
383.538
489.354
-489.491
150.638
-537.334
-477.101
433.941
-597.921
466.29
-607.534
219.067
480.205
-209.918
390.427
-463.268
-531.752
-561.596
-365.647
226.038
254.848
112.651
-223.832
-53.3712
-196.384
-540.847
17.3184
-185.601
-568.812
-500.764
-166.349
-110.037
59.9882
55.822
442.464
-240.525
-94.6523
205.86
136.641
-352.659
-476.583
-560.126
-252.397
403.307
-162.891
81.9357
-554.897
306.231
-70.8258
-416.622
-7.70615
159.351
-168.092
-243.03
25.3513
-496.707
-5.96342
289.839
-191.374
456.733
297.79
-478.299
43.2144
-493.33
-17.9447
415.37
-408.753
-236.032
195.268
296.782
-518.845
532.269
-384.409
308.355
20.2048
-517.837
522.684
-514.57
450.551
-388.657
358.323
-457.005
136.941
422.15
-591.25
-6.42633
-481.866
-511.22
128.391
-366.138
94.9518
73.2221
-427.133
468.142
-15.0855
42.8604
-469.313
-399.304
545.775
197.555
-132.72
-491.179
-100.017
556.068
-117.662
-422.232
530.663
-237.339
414.144
-491.669
370.631
412.129
396.336
-252.152
510.267
-199.298
250.001
-342.529
161.965
-272.792
510.757
-326.463
418.665
-321.398
439.959
-381.686
-248.694
322.869
-569.166
-519.498
-499.375
500.083
-596.614
458.23
285.999
-291.5
-585.804
-393.204
324.584
499.756
-538.614
-210.871
382.013
47.6801
-572.515
481.73
288.967
-533.821
479.851
-386.642
-482.057
-73.8211
316.306
324.475
332.971
135.062
-569.711
329.704
-485.27
-10.1296
447.12
229.17
329.377
275.434
392.85
-493.003
235.977
-622.347
-450.333
315.19
473.152
-312.848
-514.025
-429.775
393.096
354.619
485.025
-187.289
427.106
171.578
479.415
138.547
79.4033
-165.151
200.387
182.034
481.131
-580.739
-319.819
538.777
236.304
338.09
-541.909
-34.9636
-4.9559
-23.418
-515.169
202.375
-67.1497
-184.022
-516.203
452.893
-372.646
-152.435
182.47
149.766
-460.545
-500.737
-499.239
88.9067
-388.548
-340.296
223.996
523.882
396.472
-457.822
397.507
94.5433
463.649
-636.261
-88.4982
-472.172
-538.287
83.2428
-498.368
-99.0363
-392.769
491.478
-80.7648
-463.731
-379.154
-202.566
-542.018
-368.779
480.94
-548.172
509.831
-103.557
336.783
344.952
533.004
-517.946
119.595
-252.37
502.534
209.999
-482.574
-505.91
514.134
-566.525
416.541
-421.388
570.827
-394.266
-470.021
-535.891
-544.305
-600.181
301.52
-440.966
524.917
-600.644
258.878
-527.313
63.9093
-557.866
319.628
282.786
-22.0565
-285.781
-258.959
-227.835
462.968
-530.145
-68.0756
-310.615
-439.632
299.233
-505.829
-486.495
65.7338
447.093
422.368
-604.62
156.193
-131.685
64.8624
533.113
-606.009
-132.475
251.743
403.661
505.475
-435.684
236.222
189.359
-563.284
-17.7813
-371.039
-526.551
327.879
-75.2371
-78.5592
-204.88
145.437
357.152
314.346
-77.2521
-555.551
452.294
445.214
483.936
-558.056
408.072
-484.807
49.2595
-517.293
343.428
515.386
-11.6545
53.6163
202.457
-495.236
522.276
-598.057
39.4294
-310.642
574.122
-574.122
-9.80288
315.871
-358.186
196.466
-23.2002
-190.475
-47.6801
354.265
-459.292
-92.2015
-488.374
-324.067
185.819
-267.319
-50.975
-314.727
-264.324
364.912
326.545
505.965
-550.051
-300.649
535.047
555.605
48.3064
-543.542
-422.368
51.9008
-214.683
141.379
-496.216
385.389
221.763
-510.322
-39.974
-12.2808
-581.828
224.241
376.213
-349.854
100.207
-146.39
143.476
200.714
574.285
-383.156
349.119
-596.641
-234.725
-59.0079
-557.375
339.969
-84.686
-542.671
-263.262
-275.27
321.044
89.7508
454.554
509.586
-468.06
-533.658
265.277
47.7618
511.465
510.757
-354.456
265.93
-544.741
-40.2463
48.9599
158.18
-543.842
-47.4895
-109.928
-387.976
365.947
238.292
428.93
478.871
355.245
-586.893
-533.549
-286.816
504.767
495.318
-497.578
443.635
-414.471
-449.217
-26.2499
137.54
-87.0006
426.453
-389.882
362.407
549.724
-176.751
290.792
386.479
-132.475
95.6598
461.144
-479.252
297.163
-188.488
-14.078
-459.51
-91.6297
414.58
526.17
-489.599
-97.2391
312.739
27.5298
-504.903
431.871
-610.883
441.102
458.176
-218.441
-399.222
141.298
-606.717
-549.234
434.349
-497.115
-199.543
341.848
400.121
-190.094
204.009
225.956
465.555
-6.23572
-363.687
-211.279
-22.8189
168.827
472.308
-337.655
280.09
-365.811
195.05
538.096
223.451
-563.965
191.619
474.187
-33.5749
-523.338
-8.93151
-324.911
20.2048
457.413
476.747
-314.591
95.7142
537.28
-11.8724
365.947
-212.559
453.084
-535.591
-4.0573
333.57
-154.722
-556.123
317.886
-323.141
223.315
-254.439
-409.651
-81.6634
279.11
-221.382
538.777
-329.567
-334.741
457.822
-73.9573
-541.255
335.694
-348.983
371.91
189.522
398.16
90.9489
-526.279
72.0239
-492.622
-388.33
0.136151
432.824
-124.333
-29.7354
-220.592
140.29
291.391
471.709
575.456
203.192
-132.067
-493.82
-525.08
-600.535
210.653
565.381
-230.558
475.195
340.296
-219.448
-157.282
82.1808
-595.77
9.66673
205.561
-420.38
-447.91
-444.479
-380.325
282.622
437.181
-314.754
157.554
-490.825
491.778
-567.451
-234.316
511.111
552.801
57.7553
-585.504
-155.294
-204.254
102.821
480.668
189.55
83.6512
431.871
292.017
371.556
497.905
119.84
76.7348
281.098
-565.163
140.699
377.275
-137.976
-323.931
-387.159
-623.327
85.3668
-599.283
-193.879
504.658
12.1174
422.014
-51.7374
-207.385
-502.425
-489.028
391.108
334.768
556.313
107.205
248.939
525.353
-505.638
253.731
136.668
213.049
-172.422
-362.57
272.847
479.715
464.575
-5.09205
486.359
-378.8
-522.357
341.14
540.819
52.4182
113.659
-221.817
-542.263
342.447
520.288
424.764
73.3855
-260.729
358.132
-461.226
-604.266
-104.183
479.089
544.468
470.103
222.662
-256.727
420.789
454.745
507.435
59.4436
-547.491
-519.28
-511.874
180.21
408.399
28.9185
-251.526
475.957
-37.7956
379.78
299.587
-540.057
12.7982
548.825
354.211
-409.815
11.3278
351.842
-426.752
-205.969
-253.976
-589.997
-197.637
233.118
-104.591
-306.857
299.151
95.1424
452.866
483.69
-263.589
392.224
-190.176
-292.18
-65.3525
419.1
-535.619
175.09
506.537
19.1156
-525.571
56.4755
-40.8726
420.135
-398.269
416.078
-374.307
-587.737
-547.709
-271.104
-548.989
-518.137
400.012
-265.985
180.89
338.526
502.234
-518.191
-236.195
16.4743
408.154
503.296
-128.282
-576.083
-585.749
-60.4239
-414.716
104.973
-376.158
370.876
481.921
152.217
-232.791
-338.717
355.654
428.005
500.056
-557.702
-326.273
261.982
553.89
-46.0191
-128.227
348.955
-49.3956
-13.016
-611.4
-400.066
237.42
-160.304
364.286
32.8124
171.305
245.698
-624.035
-107.832
330.221
44.8209
397.343
-55.1684
210.19
282.65
-423.621
264.487
421.469
-365.103
-87.5179
119.405
-51.928
-218.795
-52.99
322.978
445.486
-393.014
-69.0286
-20.6405
146.308
445.214
36.9786
-592.802
199.162
-430.21
-45.9918
-187.834
-113.877
554.761
-516.013
93.3997
148.677
-560.589
-599.855
-230.613
-248.639
-352.495
156.764
-370.222
-437.726
458.012
472.717
-69.5732
-350.453
512.473
-551.494
-545.04
-303.072
-316.905
15.5485
-411.612
-445.786
34.2284
-142.877
413.219
-510.403
-602.087
-96.5311
308.709
375.287
-547.981
-284.147
129.752
230.34
-256.727
274.916
405.485
-498.068
17.9719
-606.118
-388.085
470.947
348.166
-99.3086
-122.536
-491.342
-74.0117
354.674
-101.977
-497.224
-521.404
76.1085
467.652
-132.883
61.2135
205.942
-574.503
558.873
-457.304
220.02
285.945
433.423
347.376
252.805
246.434
-464.765
69.7366
238.7
484.698
-434.485
558.71
-409.978
-129.915
236.249
-150.665
-216.29
433.532
-623.572
345.252
196.929
134.408
-422.804
-530.744
151.618
-179.12
499.13
273.5
262.418
119.949
343.645
-416.786
256.808
402.435
167.956
106.198
-155.403
407.882
146.254
132.638
-419.672
-312.63
-100.316
-581.964
-320.69
-301.139
-111.481
-602.251
-101.46
-426.18
470.103
220.102
152.789
-579.595
-346.995
-195.186
-417.548
501.771
409.379
100.507
0.544604
272.384
-289.784
-578.588
-80.7104
-546.674
482.928
463.676
280.008
-275.543
-568.54
-184.376
-19.1156
481.975
-520.397
399.386
-616.111
-361.672
415.016
494.31
177.214
292.425
-56.6661
418.474
-546.647
404.478
362.924
560.997
6.45356
135.579
-288.749
-142.877
-461.607
-249.783
475.167
440.285
288.831
-593.428
-55.0051
190.312
-556.667
97.3753
-158.126
-399.467
2.69579
270.206
-200.169
-470.947
507.844
-223.832
406.275
-137.894
242.458
454.718
-497.496
-570.854
160.277
-238.101
-76.9798
143.585
330.52
572.924
264.024
-199.897
-344.68
366.001
-330.929
157.908
-396.118
-93.6175
228.598
51.5468
-352.577
-548.09
-344.108
-76.6803
259.64
-181.68
-88.7433
482.002
63.0652
-364.722
-531.616
-541.881
-276.414
-444.479
502.316
28.2105
-507.626
339.316
-422.205
-145.137
-273.201
-240.824
537.307
-556.504
420.135
-178.766
526.85
461.498
373.49
18.8433
24.0987
206.868
492.922
-586.403
-540.574
-172.966
287.224
-521.649
-17.9175
-228.979
75.3188
431.354
-434.077
410.196
-360.746
518.954
477.863
-432.77
388.249
-539.812
-545.013
274.453
-19.633
77.4155
-336.266
-343.673
-59.498
441.375
402.517
212.777
-437.29
-83.3245
-539.512
166.377
-92.7189
223.315
458.285
440.313
374.77
-292.507
314.727
-90.6222
350.562
19.279
-490.661
-453.873
-582.536
286.653
301.52
142.414
41.0087
379.099
-592.802
220.892
-1.47043
523.937
488.129
359.738
-279.545
-268.109
-218.386
390.018
84.4954
-387.867
-402.245
-395.328
92.9095
-550.813
501.69
512.391
199.244
-204.771
539.621
-348.765
-409.515
-536.762
-360.12
-375.614
38.558
-389.801
-514.107
-290.465
-209.4
454.663
-64.5629
-547.082
-274.535
154.913
527.586
-562.876
-351.079
-34.7458
25.7598
86.0747
-384.409
78.2052
183.205
108.567
-605.192
-487.802
-570.827
26.3316
210.19
-321.126
281.942
-401.836
126.539
245.072
-128.717
241.723
-309.744
444.751
112.27
-245.753
354.075
-347.594
-200.224
-391.543
-281.179
-533.358
-442.301
-508.824
426.344
321.289
-362.543
237.584
430.292
159.433
499.103
-9.55781
-536.381
427.651
-292.017
154.613
562.005
-135.47
-54.2154
468.523
-391.952
-129.262
-435.003
481.621
-601.761
151.073
3.64885
-482.628
-621.557
240.552
368.289
220.401
312.14
-153.252
-370.739
465.392
-238.482
-573.06
-164.879
470.729
-232.655
-129.507
-341.276
-29.8988
401.373
409.869
-533.195
33.357
486.359
-209.21
-347.567
39.1026
546.728
254.957
30.5251
477.373
-540.139
-408.045
-9.31274
-273.283
-134.735
427.787
-588.717
453.71
482.928
-355.872
308.872
-401.727
-503.65
-235.487
-283.63
-471.627
424.41
-141.325
480.505
543.461
442.409
-551.194
513.045
-233.771
-553.618
183.477
469.585
159.133
197.229
303.263
502.588
279.409
456.242
518.545
312.549
400.066
-507.708
459.918
184.975
502.779
-109.357
130.76
-380.025
155.702
507.299
-75.8362
537.143
378.064
-41.6078
461.443
-343.237
119.922
176.588
-84.4954
357.778
124.388
-556.096
-221.327
-233.39
-561.76
-97.348
-548.825
36.2162
-489.545
-363.714
-310.043
-240.143
-93.7809
-521.432
157.5
-557.621
218.087
115.865
346.559
389.093
-486.059
362.135
-342.747
6.31741
-198.726
365.702
219.258
-182.388
105.735
-530.472
-144.266
327.171
293.624
-566.579
35.5082
34.1739
534.039
415.343
241.287
-394.811
201.667
-442.573
298.443
-386.451
158.562
240.497
-404.913
-453.165
-254.603
-518.654
-568.676
-516.394
469.204
208.829
72.5958
-298.797
342.829
358.649
440.449
427.76
211.715
-107.314
-255.447
-251.362
-195.84
-183.668
-5.2282
493.793
-370.848
117.58
-597.84
454.935
185.901
-533.304
189.713
-153.524
-502.643
443.335
282.051
333.951
436.582
359.684
-557.784
-517.892
-270.668
-573.605
-582.999
-435.656
-137.839
-595.253
-564.619
-265.876
-530.853
-532.841
-249.892
-467.271
-567.423
60.6145
200.714
-113.686
-255.964
-611.21
-446.113
395.219
430.238
-584.333
37.5505
-555.333
263.316
-609.875
-52.0097
-35.8077
-364.041
52.2276
189.931
-532.433
493.793
-93.1546
-354.919
-242.022
40.4913
53.1534
-464.738
-522.82
319.574
223.615
456.106
-519.09
-497.033
177.133
417.113
-392.742
-383.728
-529.873
-449.734
445.65
-559.554
-383.674
239.435
-202.075
-158.916
460.136
-20.6133
73.9028
-530.663
-364.422
445.323
11.0282
-383.374
280.825
394.729
433.097
518.436
166.404
-380.134
-307.211
422.94
-553.128
-549.125
-486.141
-312.249
-576.328
-443.58
-86.7283
169.263
-445.486
-585.395
-464.112
72.6775
205.452
283.385
232.709
433.723
207.304
488.919
-534.012
-449.762
319.329
42.2885
316.851
-561.76
513.862
-462.478
303.372
-258.497
-587.247
-222.008
-397.18
-293.651
297.762
-14.8677
-425.908
-277.149
432.525
247.223
340.432
-558.846
-413.927
98.6823
-408.099
260.049
-277.313
-263.589
-554.952
-587.819
-204.118
-339.18
-349.99
-594.272
-360.964
-583.135
-432.797
9.06766
-415.887
-381.877
463.894
-367.445
532.678
445.459
-111.535
-432.579
-230.313
-48.143
458.775
497.333
-443.117
-50.6482
-602.932
508.334
-580.848
-159.406
-312.167
315.952
86.5104
-435.629
531.697
-599.991
457.413
-549.805
-280.689
-140.971
154.804
161.938
122.1
-395.328
182.225
-552.528
403.634
-264.351
-201.34
488.211
-325.319
-59.2802
-58.1638
-55.468
203.165
209.754
-308.491
-511.057
-304.407
-349.01
-532.487
389.038
-520.615
126.294
-506.782
439.278
186.364
116.137
-373.599
175.635
-303.372
116.164
510.893
509.913
-427.515
-509.968
-282.241
551.684
-583.081
-502.016
279.899
85.9658
67.2587
442.9
127.165
-322.297
386.479
525.598
426.316
-412.783
371.584
-85.6663
441.947
-609.249
391.135
217.297
-342.338
284.937
-471.11
387.023
162.728
132.693
450.361
-539.894
-24.8067
218.087
539.05
-124.742
548.144
-440.013
55.6041
-52.2276
72.5141
-155.784
12.0358
-19.279
220.293
-597.377
-562.222
-218.032
550.813
-32.2678
-191.864
121.882
-573.469
-174.655
-368.997
-489.191
75.5366
-537.634
-158.97
-332.998
-390.563
-341.603
-256.781
-131.767
176.043
-547.654
-66.2784
364.095
172.912
471.382
354.973
-574.694
308.273
-529.192
55.0051
20.586
267.156
308.355
-345.906
-129.643
-316.116
-163.354
468.169
-609.276
-387.295
-540.928
-591.468
-328.859
442.655
-157.363
75.9996
474.214
-499.484
-405.267
431.98
-477.618
-342.066
59.1168
523.365
-51.3562
-136.097
-429.584
-162.646
87.2729
297.517
490.906
6.07234
-568.758
404.478
-451.695
418.529
-380.243
-41.4989
158.289
-274.617
-80.8193
131.059
-71.8878
426.779
353.612
233.635
548.035
206.078
523.229
-515.169
-367.554
157.255
-547.845
266.257
534.747
513.453
-296.374
206.214
-250.981
-14.4048
514.079
-477.074
511.275
349.936
-563.802
-351.27
-163.599
-68.2662
-562.685
-123.081
198.1
412.647
-425.391
-67.9394
343.945
473.888
-174.246
328.179
-375.042
434.458
227.863
-184.185
-268.953
320.146
-313.529
187.997
-426.153
276.251
-42.8604
-72.269
-443.363
31.0425
-536.109
414.281
56.2576
-234.044
418.011
307.62
-526.442
469.585
316.034
-549.261
-538.995
-404.233
-362.598
-462.75
-157.963
219.176
-155.076
-167.085
-538.069
-37.496
-432.198
-612.108
434.676
436.746
-581.474
123.952
307.102
157.091
178.167
-193.716
-343.564
23.7448
-577.635
381.25
514.406
-1.98781
141.57
126.348
-465.855
109.602
428.114
-77.0615
-209.101
21.3213
-376.376
-69.4643
187.78
343.264
-332.073
208.42
262.663
-337.056
-323.522
496.815
-558.764
-482.411
-258.987
343.673
189.958
332.917
-617.772
-449.816
74.5836
307.62
-499.457
-289.893
-312.167
345.96
123.271
221.708
-588.663
-241.205
88.825
-507.571
-232.328
-80.7376
320.663
540.52
439.033
-356.362
-256.781
519.58
471.519
423.239
50.8661
-69.192
-415.479
-341.794
-355.082
-507.599
46.7271
519.117
-39.8378
-572.761
-590.215
317.041
-442.627
479.96
181.925
-295.475
183.45
53.9431
121.801
326.027
-149.467
433.151
-417.113
-247.25
-588.69
-186.418
-230.34
363.088
-8.35968
-436.255
442.763
-274.181
236.386
-169.318
-547.11
-322.052
-40.8726
-221.028
-379.671
-493.439
154.45
416.976
496.952
-584.47
79.24
-378.391
-310.479
-422.504
-127.301
466.508
245.208
453.029
290.873
-28.4828
-435.411
-7.57
304.979
-236.413
248.884
-473.043
473.125
157.091
25.6236
-218.631
228.244
-595.634
-525.162
-598.548
39.3477
-374.579
-295.829
399.413
402.653
-203.219
136.587
231.239
131.059
21.5936
-118.833
161.148
358.785
-440.013
247.849
-311.759
368.071
-182.225
-233.281
191.292
-488.456
-571.644
-81.6907
286.544
-209.264
-41.281
-519.444
331.038
-160.903
350.399
-311.677
-359.167
454.146
-359.766
-452.457
515.032
398.16
-508.661
-21.3485
532.514
539.894
222.961
369.051
-514.542
192.518
445.922
-139.473
325.81
-2.83194
-273.609
-356.852
286.979
454.935
425.282
436.664
-411.122
33.7655
-194.342
-129.207
500.41
159.487
-554.789
410.005
446.412
196.548
566.988
444.751
509.151
494.092
211.334
275.189
35.6444
459.782
-244.119
-594.191
478.871
-488.946
485.869
462.859
-26.4133
233.281
-488.701
-276.06
429.747
-293.324
-79.5939
-492.785
-422.041
477.428
-427.351
182.497
-548.253
-540.357
-285.318
-538.859
-480.613
-564.537
-423.566
330.847
-573.823
-465.691
256.1
-506.4
-401.646
-26.141
482.819
348.629
234.044
401.183
253.568
-310.67
-429.284
76.9254
0.871367
69.1103
-475.14
22.2743
433.886
423.457
228.353
381.659
-420.299
-270.423
-554.38
479.47
260.266
-207.249
493.003
-439.469
4.49299
-138.929
-486.114
193.335
397.044
436.909
-61.1046
-73.1676
343.918
-438.025
180.237
-444.561
416.296
-80.7104
-300.24
-319.057
-18.1353
-306.694
75.6728
487.584
-488.783
483.908
-293.95
340.378
250.382
470.32
-319.411
-467.57
489.191
-448.019
457.441
171.714
-473.806
-320.554
-132.611
-378.854
108.022
-172.367
435.983
325.129
-424.356
127.873
14.6499
-406.738
-387.949
425.881
389.91
95.9593
-137.295
-422.286
424.791
-325.864
190.884
246.624
548.498
-295.829
-138.684
-488.429
382.394
-350.644
-394.566
-182.197
268.953
299.941
224.486
-412.919
-104.673
198.536
102.603
471.056
-45.6651
-267.619
545.83
476.529
379.725
-564.809
35.9984
451.314
258.823
-188.406
395.682
-497.551
-495.018
491.342
487.04
-242.431
-294.849
-580.412
-362.979
-244.282
-66.2239
349.609
-380.896
-306.04
118.152
-151.482
-431.272
559.39
65.1619
123.053
453.247
-524.917
-214.302
248.721
157.609
342.366
-514.134
379.943
409.052
593.918
-562.685
-570.8
406.193
-553.318
-192.872
-39.6472
96.6673
-103.094
-529.519
282.16
215.01
-206.214
150.338
-82.4259
197.528
163.245
-162.564
134.762
-352.958
-344.244
-20.0414
-464.384
-592.53
18.5982
51.9553
-57.7281
389.773
149.113
298.171
492.241
522.739
-408.862
451.477
-288.913
-535.972
181.217
-313.093
509.559
-343.7
132.693
-229.741
-591.713
-529.056
34.773
126.593
506.564
-105.218
189.305
458.366
-572.189
-564.374
337.628
-106.661
21.403
-472.39
121.665
-89.2062
-251.172
-579.731
11.7635
-382.149
-593.646
-342.366
-221.109
-87.4635
283.14
-65.9244
390.454
523.855
-155.702
402.463
-569.275
384.654
-415.996
64.0727
293.596
208.856
328.56
278.021
-465.746
452.267
-235.787
-498.313
269.062
549.424
-34.419
-296.537
361.971
-596.206
-415.016
379.48
205.289
419.999
21.4302
-325.265
339.479
-352.822
-490.58
433.369
75.2371
-157.309
-262.173
500.138
456.569
309.499
151.591
-579.023
435.112
-209.591
238.809
423.621
-570.473
162.02
-580.821
37.85
497.387
459.129
-413.845
-276.305
191.183
146.308
-459.129
-181.326
-503.514
-193.798
-422.559
572.57
46.128
-264.95
-532.296
85.5301
-531.452
425.554
-128.254
332.753
-356.444
569.466
-510.73
525.707
516.639
-504.304
92.8006
-205.915
475.875
-567.805
-331.337
189.631
169.181
-45.6923
374.579
365.62
-530.281
452.784
-244.228
63.2013
274.562
-593.047
159.678
389.556
458.857
-133.945
-232.873
-102.331
-90.2954
-450.933
239.354
-204.581
488.837
-200.932
249.647
455.807
-29.8716
136.859
-560.861
-561.787
442.791
141.434
-426.943
-600.1
-419.618
-40.3824
-57.483
-121.692
-386.724
196.439
465.174
614.641
-487.639
401.836
65.5704
27.5025
263.235
-591.631
410.114
-3.18594
-125.15
-186.2
382.966
-504.222
478.762
-256.345
-54.8144
276.85
-579.35
-524.1
435.602
-29.6265
201.476
-527.558
500.982
466.399
-41.0632
565.436
-395.601
512.064
-1.25259
-360.365
-476.828
-83.5423
497.523
-202.266
-559.254
327.58
-569.166
309.962
270.015
448.618
-619.515
-540.819
205.915
10.9465
-351.352
296.891
413.382
416.268
274.916
-9.33997
278.13
-488.075
-184.566
-502.125
-122.427
-509.369
-586.294
557.321
-588.609
416.731
-561.16
-579.377
477.727
-149.494
-526.387
273.391
-389.501
-298.961
184.403
-504.385
411.149
-157.963
-539.594
495.481
-80.0841
335.667
-549.86
492.322
-574.476
-563.257
-58.7356
547.436
-247.632
224.023
-567.668
-250.845
-505.148
518.001
486.631
428.195
-232.955
194.887
-290.029
257.734
244.364
-294.304
-501.799
154.178
-338.935
-477.673
-617.718
62.7112
430.782
-296.455
-120.821
512.201
-540.629
48.2792
260.049
487.176
-556.096
89.3424
425.499
34.7458
-543.189
233.254
-580.521
-297
-468.904
471.6
-586.239
353.312
-212.968
536.299
102.985
445.786
-306.776
480.668
-502.398
266.747
80.1113
375.369
330.221
-600.917
339.289
249.293
253.813
-555.687
397.915
-313.665
-442.736
465.664
522.221
329.404
-251.498
437.1
-547.6
-39.1298
320.99
161.72
316.579
518.545
168.936
-120.494
524.754
-288.041
-63.392
-100.616
-571.835
249.946
-58.0276
-432.008
-425.554
386.642
334.305
-603.122
356.661
-570.609
-46.482
-448.046
462.968
-120.848
-301.738
-150.229
-35.127
-291.445
-522.248
183.94
91.8203
101.514
-556.804
-542.698
528.076
-500.301
-218.849
351.025
-159.133
509.015
-294.849
-293.705
440.531
481.213
436.609
-458.639
-394.511
-545.83
200.06
508.007
52.1459
448.346
-425.499
-53.3985
-421.17
-518.654
304.57
-394.321
-612.163
411.612
243.084
-400.257
-561.868
-241.151
-503.378
-263.861
-560.97
-28.1288
-514.896
182.824
62.6023
-585.504
-330.793
-554.271
-134.136
-207.413
-9.99349
-354.674
-396.254
264.297
-267.537
152.489
-393.45
-363.006
413.654
-477.155
-387.949
-26.0049
-492.268
492.731
-157.418
266.856
197.691
118.016
-240.279
-84.686
518.654
-444.642
331.828
577.308
4.32961
508.47
190.612
-481.267
387.813
446.276
-346.396
349.936
471.981
-23.6631
-46.0463
-344.925
339.561
303.699
214.792
-156.928
188.379
-312.821
-396.118
-239.218
389.61
-101.215
502.207
-454.772
-33.1392
187.317
216.535
-388.194
228.08
-1.66104
475.93
-380.815
-581.964
14.4048
-515.986
-459.837
-590.242
-42.8604
445.16
331.882
-266.148
-569.193
291.826
451.096
95.0335
266.421
-301.575
319.138
454.2
-279.083
-290.165
-241.069
0.326763
242.676
-462.233
418.828
-193.362
-54.8417
-593.837
213.594
-327.008
126.757
-606.798
-76.5442
-366.764
61.2408
-596.179
-605.137
529.11
-16.6104
-328.206
352.904
221.082
-448.672
110.037
350.344
-499.13
-339.588
-197.61
-94.3527
195.322
-96.5584
172.095
-481.349
-386.587
-335.449
498.967
-281.261
420.271
-299.669
-233.88
-42.4791
-424.546
146.962
-571.535
-241.151
-302.119
-283.548
390.427
163.572
254.875
428.277
463.812
579.296
-478.952
582.373
-575.919
-351.352
-45.3111
110.773
432.906
8.44137
107.641
227.263
-304.162
297.027
185.302
-584.742
271.295
185.247
-324.23
-553.4
145.164
-408.971
206.623
-433.315
-453.628
-168.119
371.175
-271.594
-39.5383
-129.398
374.116
34.0105
-209.019
372.155
458.366
-286.653
-530.554
-507.081
462.832
-20.0414
209.836
-135.797
323.032
253.595
-270.696
-476.447
-342.583
-316.579
464.248
346.45
-554.026
377.819
564.101
-511.52
262.962
-173.239
-119.323
-211.279
-456.215
-279.791
330.03
-587.955
-138.765
-416.16
130.923
-73.0315
-210.272
-477.7
24.4255
453.029
373.68
-609.44
206.596
-458.285
203.519
-239.98
-306.531
36.6791
-2.6141
395.002
-415.424
-410.278
542.589
-400.094
-545.721
379.671
452.811
-244.255
497.496
-294.822
278.293
439.959
-343.754
-201.939
-566.852
-402.817
-421.742
62.9018
117.063
149.657
-24.4255
490.444
464.112
-506.155
-54.7327
45.0116
468.823
-492.486
-123.571
308.273
495.399
167.275
-197.773
86.0475
-12.9888
493.466
-571.072
-108.73
-506.373
-470.184
461.307
362.952
-296.238
215.691
-595.471
-256.59
230.422
-336.674
332.699
-212.178
-85.6935
99.4175
73.8211
-234.888
64.6446
504.168
-333.679
360.419
-117.008
-204.771
180.89
315.244
354.156
-565.871
239.517
-562.141
-208.23
-413.981
-417.249
-86.7827
-237.747
-193.171
503.133
-548.88
24.0715
-268.653
-249.973
-126.757
419.237
466.508
-288.286
30.9608
-461.226
-356.035
201.749
433.777
-266.339
342.638
412.837
437.835
260.648
150.855
39.2388
265.713
-383.674
-498.476
500.682
-534.584
-452.185
-370.631
113.496
113.087
-16.9917
71.2887
453.492
-480.967
-33.1664
-177.187
286.843
-503.46
-448.346
-390.372
-35.7261
486.114
-531.861
77.1432
37.0603
-263.97
-554.135
-276.114
-530.091
82.2353
252.261
-356.226
387.187
-518.055
-519.063
24.9429
406.792
-561.487
346.042
-429.72
105.354
239.844
-548.308
-394.103
378.772
-536.871
-212.26
417.303
-502.425
361.808
450.007
313.692
372.21
227.372
441.919
304.407
-137.268
428.849
-552.338
-354.401
-337.736
-578.915
345.334
-433.042
209.782
-1.60658
13.7513
-92.6917
84.4682
-19.2518
-225.657
-232.247
-479.007
5.5822
543.161
543.461
408.317
98.165
-603.395
-265.74
-265.631
-541.119
-571.154
-302.991
-494.392
344.408
-503.242
116.682
19.1428
-470.62
471.845
-472.063
-599.473
-457.849
516.448
154.804
-513.78
14.5409
40.5458
304.625
133.728
-188.923
-383.783
531.126
110.691
263.534
279.791
-578.561
-56.1215
395.737
297.98
273.473
-516.802
110.963
-106.634
219.258
481.131
-129.616
495.726
524.209
-541.201
80.901
436.065
421.061
-177.95
17.7269
19.279
550.731
-206.051
-125.885
-539.458
-571.644
4.92867
-568.567
-105.109
272.03
-354.619
-439.251
-573.033
304.597
455.099
190.53
308.655
555.878
-422.804
-384.981
510.539
-117.063
455.017
-524.645
178.467
-449.435
-31.9138
347.267
-463.077
-226.065
129.344
-265.767
312.467
-232.628
-490.389
-393.259
296.347
56.9929
-499.702
-105.163
-274.317
164.307
-333.843
197.583
-435.656
-429.611
-578.315
242.703
328.451
-506.836
374.661
-160.223
551.303
508.633
-467.979
9.44889
-456.896
507.844
-566.225
146.281
532.433
-64.3995
-563.393
-245.29
-400.257
-190.366
386.587
195.622
-28.2377
281.669
212.369
-587.492
279.518
485.842
124.551
205.915
-307.565
-306.231
-126.049
-410.496
-572.842
-178.358
-224.513
516.83
-392.714
-570.146
434.513
254.112
42.697
-244.936
492.894
-230.831
-550.976
-265.522
228.543
-616.438
474.841
390.835
-429.747
-207.767
-157.717
436.909
143.803
-569.139
38.9665
190.666
-280.063
450.933
-220.701
433.042
46.836
-506.7
-210.844
-457.059
453.601
-331.719
182.497
-141.298
271.404
554.652
-96.0138
-472.308
-154.831
165.342
-498.095
-47.6529
-407.555
-402.517
432.552
-417.821
-51.683
-128.99
-575.184
-540.465
1.52489
523.202
-117.335
17.9992
-552.066
262.336
-277.313
523.664
-158.18
-546.837
-358.894
-356.008
443.716
-528.157
-589.289
73.331
465.337
54.7872
-146.553
-566.797
-485.542
159.814
-290.274
260.62
137.485
-486.849
-440.585
110.337
-402.163
168.065
-474.895
-585.967
-481.975
468.251
544.85
46.3458
-545.558
65.6793
-66.7413
43.051
-123.053
-85.1489
334.169
-414.798
149.685
-81.0644
-300.894
-297.926
500.873
-30.1166
302.609
-549.07
-247.087
-19.8236
-558.737
-284.501
277.176
565.136
-544.169
40.1373
-443.853
416.432
-299.369
-489.518
343.727
-265.059
138.139
468.333
-389.283
-468.142
133.292
-297.926
-586.43
538.205
495.944
79.6484
135.334
475.984
-553.917
-247.713
-309.254
-151.972
188.488
-147.533
190.557
500.437
292.67
485.27
470.62
408.018
-233.635
26.4133
-213.185
-151.536
-124.17
-278.402
-194.233
-256.618
-501.799
419.427
473.261
101.678
340.786
-208.447
421.851
-398.051
-316.769
25.6781
-503.895
-179.229
326
-155.485
-16.202
209.183
-62.9018
144.974
461.525
-523.365
-429.53
31.0152
-543.352
528.784
-499.239
-22.7917
232.737
64.7535
-419.645
276.414
539.839
537.388
-552.283
-360.201
455.671
-587.247
420.734
428.74
360.746
-10.6742
-569.82
394.212
-367.771
-327.117
146.934
416.759
474.841
345.361
-334.687
484.044
-293.76
-231.62
496.707
-507.653
-81.2278
-552.583
-464.33
-468.523
-570.337
43.1054
-340.432
-250.219
-395.682
31.9138
169.209
-67.2859
-458.748
-583.707
-240.879
-526.987
147.179
-166.186
-419.618
297.735
-429.584
48.0886
-85.4212
240.497
-334.496
0.844137
-618.807
-497.605
-314.155
368.861
-482.656
-284.719
-520.125
517.864
470.674
326.409
498.095
105.272
-451.041
527.667
-487.067
-421.034
11.1372
-2.28734
-67.7216
317.341
402.408
246.488
359.276
-218.114
-563.883
68.6474
-176.125
335.449
-452.185
-135.688
-242.54
198.018
354.973
-583.408
285.427
294.141
310.425
-470.538
255.937
527.722
70.5535
164.307
417.821
-544.332
466.917
-438.243
-352.005
-203.655
305.115
-67.4493
496.761
367.88
-477.863
-501.88
500.709
-322.814
-551.004
-439.632
-140.508
-302.119
-356.09
-446.576
-332.045
121.256
-220.347
-154.559
-4.38407
365.185
-478.272
-438.162
-460.545
-377.602
79.5667
44.2763
-95.8232
-559.363
-147.67
-325.238
-37.6866
-204.009
-240.062
-596.097
-167.548
-11.8724
-541.446
57.6464
233.499
316.524
420.571
410.387
356.743
299.56
-173.538
511.302
-47.6801
-113.359
65.9516
-569.493
-165.778
221.627
-462.342
17.5907
-539.376
-417.793
489.79
-97.2119
-476.774
-605.11
-146.635
-477.482
528.648
-216.698
354.238
-556.041
-459.673
110.773
9.23105
443.009
-150.665
543.352
483.636
563.121
252.07
258.987
508.851
-235.296
-535.537
-275.434
-485.134
245.453
418.501
-378.01
340.895
536.109
-451.668
299.805
-436.01
8.55029
315.108
-46.5365
454.718
-279.464
-267.755
-227.182
431.545
564.809
-507.108
-283.222
389.474
-232.546
-346.532
429.039
376.077
333.026
245.48
-243.711
-573.659
401.21
529.628
466.073
-401.809
-360.038
-214.111
539.757
-406.384
8.03292
559.826
232.11
-11.9813
-390.1
-500.628
396.145
-353.013
-473.615
-201.313
-399.277
-236.086
-437.399
308.246
25.4875
323.604
-208.093
-534.665
160.304
-81.9357
473.888
-253.541
55.4135
-413.328
-220.755
-567.478
-370.794
-385.199
498.558
409.379
-343.101
520.941
-268.436
117.771
-459.673
-301.793
233.744
-302.637
486.876
350.29
-482.574
-398.433
-588.5
-38.7214
-183.94
-113.604
63.0924
-426.071
534.502
-508.116
-131.985
-336.266
-513.317
-570.827
-455.208
33.9016
136.315
-274.045
349.091
-60.8051
-388.711
-529.955
-429.557
529.383
181.517
6.53525
418.147
-507.081
-510.921
427.133
-350.916
444.806
-55.0867
6.6714
-374.47
-443.989
-499.892
466.318
-165.641
-356.879
-448.509
-557.239
266.175
-582.863
210.408
-338.635
-188.842
-449.979
464.112
484.398
-50.5665
-42.343
-91.5208
-219.966
181.789
525.516
479.497
-224.214
321.507
-325.129
-96.8579
428.195
-135.089
-41.635
-295.775
-115.075
100.343
-553.1
-5.52774
323.359
39.5927
-587.356
-564.973
-324.53
103.175
-79.4033
-402.49
443.063
-381.849
-467.026
-643.042
-255.937
-442.791
-144.456
-472.989
467.026
34.5824
-165.369
465.991
343.101
-166.05
-444.969
-348.029
344.19
-546.892
251.58
-338.09
-85.1761
-553.808
461.307
192.055
512.555
-513.045
-91.3302
516.367
-560.398
-426.888
433.042
481.866
-281.86
-532.16
556.068
303.726
-596.015
405.512
56.8839
381.495
-238.727
-46.6998
449.653
-51.4379
325.211
-96.6673
-238.346
400.339
205.915
-60.7779
-422.613
-215.827
-337.056
34.3373
117.389
16.2837
-321.153
-294.168
223.478
-493.058
67.422
249.619
-116.464
278.102
-317.15
-193.444
-626.976
107.151
496.87
207.44
-338.88
182.089
-492.05
158.126
515.468
-149.222
-336.674
-291.99
-475.603
-586.593
452.784
247.496
294.223
-375.777
-549.097
-202.947
-602.959
-520.615
430.319
-587.247
-524.672
28.1016
-344.19
-195.186
-129.915
-86.81
-371.42
70.608
-606.281
427.732
71.7789
110.963
-327.716
330.711
92.6645
-444.778
109.493
394.375
-176.343
520.86
135.198
76.5442
149.031
85.7752
-23.0912
-23.064
392.878
-309.717
436.038
40.7909
112.869
-509.232
100.643
-515.822
442.437
358.813
187.317
-389.365
-89.533
9.28551
91.2485
514.107
132.666
-503.351
37.6322
549.206
-603.803
-4.62914
-388.439
-246.542
-348.247
-370.739
227.726
-76.9526
-496.107
452.73
139.718
239.762
-7.51554
408.535
-156.928
-529.219
342.475
-176.942
-515.577
440.122
-72.3507
463.349
-184.675
-330.303
130.814
-256.754
-491.206
-435.33
-439.686
274.453
-407.065
-470.783
-454.745
413.872
-130.896
492.377
-0.680756
245.29
-12.063
-469.286
333.271
-606.063
303.835
431
-530.499
-58.191
29.1091
313.556
-421.606
421.714
-468.169
-578.234
-216.508
-462.614
-301.575
264.841
-592.584
247.523
273.963
115.592
139.827
141.761
-401.945
-519.09
369.65
212.831
296.701
-477.509
-62.3572
-220.401
489.491
-147.343
-31.8594
-387.404
349.5
-75.2916
51.7102
426.834
-239.871
-370.658
-458.802
295.639
-376.948
-325.51
-339.697
-261.301
428.195
79.1038
-123.925
-267.482
-561.678
-363.142
389.174
497.414
-426.534
439.224
-541.936
-409.379
241.859
260.021
407.854
393.014
-435.085
328.805
82.916
-363.306
260.239
492.704
135.28
-395.846
-155.947
504.712
-7.46108
-271.05
-261.682
-501.091
-48.2792
281.37
161.53
304.298
-564.837
242.349
-592.748
373.081
-526.333
-487.394
-426.752
-442.164
-611.073
181.135
578.642
-452.757
-602.36
77.3611
-463.159
-513.399
-536
259.776
317.886
-518.055
-430.864
0.599065
-31.1786
-605.927
-92.3649
-142.768
-170.652
-159.624
-16.8827
118.697
-20.5588
-563.284
434.377
-193.144
-224.432
533.195
-554.843
533.712
295.094
-585.314
367.744
453.274
29.6537
469.885
145.845
428.195
463.05
-169.998
515.74
-46.0463
-567.723
-549.097
-419.128
128.254
-368.588
183.314
435.003
137.322
-583.516
-221.572
536.299
-570.391
403.47
-504.848
-494.583
505.012
302.31
-422.368
222.634
-25.1335
274.453
-563.666
320.963
176.18
400.121
60.7506
515.332
282.514
384.79
-334.115
419.591
498.667
-424.111
470.293
84.8766
509.205
165.614
-348.057
-347.594
246.188
36.1617
-475.304
-492.595
-409.488
502.289
-530.145
-359.902
-583.326
21.2668
463.077
288.531
-297.436
-312.576
251.662
279.791
-476.366
-337.301
-556.259
-609.685
261.192
-430.129
-132.611
78.2869
11.0827
530.254
13.6968
-338.989
231.157
297.191
504.767
-81.3911
-489.218
24.3983
-97.5114
86.456
-463.84
277.558
59.3347
-448.645
-383.211
442.518
26.7128
-420.68
-396.799
-13.9691
460.708
320.418
51.6013
105.081
-199.434
-549.969
21.7025
-418.147
172.721
-336.647
-547.981
-592.884
-427.977
416.895
-430.946
223.424
-576.137
-62.1938
435.003
336.892
321.589
-481.43
397.371
513.017
350.78
-486.25
273.963
-283.793
-548.607
175.744
404.097
136.097
-25.0246
-246.325
551.575
-548.444
216.045
60.8051
-236.522
-445.84
95.6053
-228.652
-493.875
-59.3891
-599.909
-556.014
-202.511
-507.136
-192.627
-170.761
-588.69
391.897
430.183
-398.405
-250.954
-113.142
-549.179
-495.645
532.623
-235.405
-305.904
223.642
482.601
180.291
-532.95
-160.958
-510.022
-184.893
-471.301
-200.469
-231.212
-577.553
-84.7405
10.9193
-37.7139
352.005
315.898
-601.162
361.454
-400.693
2.15119
408.426
106.034
72.0784
114.857
-131.168
-499.647
-54.1609
-165.887
-450.742
-134.49
-107.26
306.04
-323.713
406.602
-150.011
-497.905
-456.841
482.737
519.117
-397.888
308.818
-178.766
-591.413
551.112
341.603
-576.083
-241.478
-95.5781
97.2664
516.585
-522.14
-47.0538
432.47
-213.594
-600.78
306.34
-611.291
-158.044
253.949
-254.603
-173.402
337.954
326.273
60.1516
-551.657
-52.2003
-362.108
-189.631
-494.855
-503.46
-549.315
9.77565
-0.245072
432.035
-127.301
-166.567
192.926
358.431
390.182
-405.322
-92.7734
25.7326
113.659
380.842
-549.07
156.274
-91.1396
270.369
-406.438
-92.0654
-450.524
-472.798
177.568
418.91
199.679
528.539
-136.423
531.616
191.565
339.398
-573.06
-67.1225
-213.567
333.271
411.939
-426.807
-406.711
-199.461
-413.464
454.663
-528.239
-86.5649
-344.707
-512.527
-398.16
261.192
188.488
71.5338
402.762
474.623
-425.69
-157.963
341.113
-273.092
-168.855
-416.677
306.422
475.276
-358.486
101.024
503.269
-44.9299
-56.5844
-453.302
-207.93
-524.263
-575.266
-594.055
-521.132
-291.854
-192.028
216.725
325.401
-110.473
-175.118
457.631
532.541
-32.2134
267.047
493.139
77.2249
8.79536
351.188
-392.442
24.7795
-55.9036
-231.375
519.171
-545.095
-511.683
193.171
-164.498
-536.544
195.513
456.896
-597.594
453.547
194.478
-558.764
-498.449
514.787
-176.67
421.96
-559.336
498.912
-583.217
356.498
476.583
-205.016
-329.785
-568.458
-419.046
265.005
-589.807
-442.546
-166.077
-118.669
-61.2952
-529.982
7.89676
419.836
-334.251
417.194
-489.79
507.136
434.159
260.675
526.769
-474.078
496.761
512.173
465.964
-336.674
-493.875
-449.353
-531.316
391.108
-261.328
270.451
-571.372
514.079
43.1871
-109.438
-247.877
96.9124
-141.761
-504.004
-18.1081
-201.476
141.107
-324.448
295.312
-188.379
328.179
207.876
303.808
-450.824
-5.41881
-96.2588
-114.04
-182.279
-493.412
459.047
-575.81
-504.903
-69.1648
86.6738
3.40378
-284.229
229.251
-516.612
432.634
139.255
-387.622
338.363
-307.62
-17.6452
-407.391
564.591
58.8445
-339.752
-602.36
-335.15
309.58
44.6576
450.987
229.115
-132.883
-606.009
-449.625
-258.469
69.2192
4.46576
542.508
-114.884
-488.701
-562.141
-113.114
-309.717
-200.169
-372.673
97.9743
-70.4174
-504.93
-235.923
4.81975
-244.337
-461.226
157.336
91.3029
482.138
-514.515
219.993
-87.5996
441.102
83.8146
-191.592
112.134
-258.878
-178.004
-189.795
-364.912
-545.612
-482.166
425.799
117.253
-531.861
-399.985
-205.153
-276.033
-396.091
-356.798
-590.052
-309.662
264.977
-153.224
-296.51
243.574
61.5948
-595.825
-513.753
255.583
18.2442
-441.783
11.0555
395.192
-304.788
-370.658
-119.268
71.316
-347.322
-512.908
350.126
-359.194
-275.134
-199.87
146.281
-404.233
412.865
-463.268
-190.366
-389.637
-391.08
304.271
-397.316
525.543
-117.226
-480.505
234.507
233.853
410.741
190.938
447.011
505.202
-598.548
-392.388
444.234
-150.12
-469.013
69.0558
352.359
435.248
-533.004
412.293
-485.079
-562.495
-609.222
-539.24
157.472
-79.1855
346.722
-461.334
-222.389
-50.8116
-143.558
290.274
-486.631
-452.975
-264.297
387.35
-198.753
507.108
-540.111
105.626
13.6968
-215.636
42.0979
-530.336
-392.605
-502.452
560.779
-461.961
-32.8396
175.853
377.438
432.116
-590.133
-258.469
60.914
-565.327
266.094
-562.059
-543.189
486.223
-613.225
450.361
107.342
297.545
-15.5757
-378.691
529.955
-139.963
-477.346
-521.023
102.603
-369.814
-543.434
-199.843
-217.352
26.6856
-16.5287
40.0012
89.8053
398.378
-60.7506
-229.115
531.153
122.618
171.006
38.5035
-61.622
-191.156
-299.669
-429.448
-589.099
-26.6584
-308.818
-310.071
-569.302
52.5271
-80.4381
115.266
-272.738
347.076
-506.292
-79.6212
413.518
553.509
16.7466
206.405
113.142
-249.946
389.937
31.8049
145.736
-26.1682
454.527
-364.504
374.497
313.964
172.994
389.365
-488.646
-282.622
-487.666
-12.1719
-280.063
-257.244
-404.668
290.084
515.986
76.0812
499.266
490.117
60.8323
-33.4387
-82.5348
-547.818
-410.359
-281.615
-410.523
-578.778
181.626
-212.831
-511.629
-238.346
-317.858
129.943
-499.92
506.21
402.49
-469.204
257.108
373.735
-475.984
462.26
243.22
15.0039
499.484
-211.47
37.0603
478.925
-4.9559
333.652
-504.794
-213.812
265.195
411.748
-233.254
-583.516
-483.391
-554.789
-498.776
-117.09
360.011
397.235
-426.235
508.089
323.223
391.217
-32.2134
234.97
-540.738
494.909
-319.329
-186.445
183.232
167.33
220.32
229.197
-300.867
-580.657
-451.423
-368.507
-475.331
-428.522
210.98
529.219
-293.351
360.474
-66.6596
-436.746
-195.023
-226.964
103.23
-562.958
403.28
81.3911
-493.085
96.9668
389.038
-396.581
342.012
-150.311
-197.882
-9.14936
214.874
-238.618
-370.494
-124.469
-618.262
164.443
-508.797
-537.742
-534.039
-285.209
-171.251
-612.108
474.078
287.034
-325.673
-145.954
-584.415
294.685
413.219
-374.007
458.503
526.36
-409.161
326.545
178.331
456.896
379.589
466.889
-342.012
-34.1195
121.256
414.226
452.648
268.354
8.95874
464.411
-65.3798
486.032
386.451
-520.887
-183.368
-617.391
-572.325
-434.349
454.255
279.682
317.504
-566.361
-555.823
-589.534
232.41
524.046
-551.439
410.577
-383.674
292.126
60.3694
-341.195
-268.98
154.532
141.379
286.271
128.391
-544.659
177.35
264.705
-533.876
-73.7394
258.769
100.561
-488.292
120.657
-96.9124
133.945
-271.894
-135.607
51.1928
-545.231
-92.0109
-448.318
60.5872
323.577
426.807
479.688
-462.778
-64.5629
148.023
-369.95
-476.638
77.5517
-7.62446
-544.387
-187.017
-517.156
-526.605
442.001
440.231
21.8386
-404.614
-550.65
-243.983
-468.496
-293.814
294.903
483.99
-414.444
-603.83
104.074
423.975
497.605
-374.906
-464.112
-93.2635
114.53
-149.685
186.364
-173.13
-301.194
190.911
384.572
-355.654
-233.989
509.723
112.543
-492.431
565.79
445.65
464.03
-367.635
-461.552
-468.768
268.436
520.724
-151.182
526.959
-304.706
472.853
-498.15
-129.398
-180.7
306.286
90.7311
471.627
433.968
147.343
-193.335
529.437
255.447
-518.709
-371.066
-405.267
276.169
-144.102
-477.7
509.668
413.736
-365.539
-530.826
415.533
493.167
198.236
-131.331
303.644
105.898
78.8315
-485.869
352.032
484.48
-121.665
414.771
486.822
548.063
357.642
-110.065
547.137
-393.667
-232.573
-595.852
364.504
-490.77
-596.669
-102.141
-424.111
-93.1001
517.755
535.673
-260.076
48.4698
-358.704
-403.28
-85.8297
-111.971
-304.815
-561.324
-61.0774
-66.9864
10.8376
505.91
-367.39
-545.803
-523.12
136.015
-182.579
-384.627
-560.071
434.594
-179.393
295.067
115.157
-384.872
-9.66673
-568.622
-444.915
-470.266
-263.943
-515.332
-122.073
-222.144
189.795
-591.359
456.923
-93.9443
-205.153
-268.544
-460
-298.416
-460.136
305.768
-297.354
-105.926
-475.821
-286.462
-194.369
-515.877
-189.767
116.763
-460.436
-604.674
318.24
114.149
-201.15
-283.167
464.466
-235.051
-607.18
189.604
466.917
-299.07
172.885
21.7025
-431.3
68.0756
370.658
-546.946
-498.449
-534.829
-520.478
274.263
-45.8285
-372.346
-532.841
-440.013
54.9234
-163.681
298.116
-64.0727
146.117
545.04
249.946
-425.853
-415.452
-425.064
-261.056
493.194
457.931
-244.745
-592.557
-521.377
-73.8756
-87.1639
494.937
250.273
-235.405
456.787
355.845
-65.7065
184.512
328.342
395.682
-458.176
-547.382
242.512
304.107
-485.869
428.93
265.522
-164.879
-361.345
264.405
-2.75025
-56.0943
-32.7852
19.1156
-541.255
13.5062
43.65
-448.754
-494.583
326.627
-264.024
-44.358
-306.857
558.002
111.726
-458.829
85.6663
-204.608
-456.215
-163.463
-352.141
-236.386
-522.194
145.546
407.854
522.711
191.646
-610.311
-141.761
-121.855
368.18
-65.8427
537.988
362.679
149.113
-206.214
452.839
238.401
-542.344
-448.972
541.8
500.873
143.449
-275.515
73.3855
293.787
126.049
-54.7327
-302.691
-577.853
576.573
500.9
-172.64
276.931
-577.471
-469.34
-532.923
-217.079
-115.02
-313.719
-109.765
-561.133
-311.677
437.045
-35.2359
-84.6043
291.772
-619.324
155.348
103.393
126.893
-353.421
339.016
121.256
-510.512
-286.38
-547.654
-48.2792
-456.052
282.595
-558.764
450.034
-551.712
-384.436
-449.163
-50.5121
-589.48
470.838
336.538
-570.963
349.718
175.88
444.179
30.0894
-508.661
-521.731
134.054
487.258
502.18
-116.954
-502.752
21.4302
290.465
-253.84
463.268
-605.546
-490.307
2.64133
-45.8012
433.342
-76.5986
184.512
-299.56
-467.407
12.2808
-134.545
481.24
-56.5299
65.053
-507.163
-533.876
521.241
-477.863
151.972
51.7919
410.359
78.5864
-173.429
40.5186
-85.5301
-17.8903
-159.651
464.411
-314.509
-573.006
531.343
-375.423
94.4344
-39.266
-594.871
169.998
-145.083
-363.36
-119.976
391.843
175.308
-406.711
-471.001
-428.658
-251.09
-284.964
483.936
-323.359
336.62
159.923
353.421
439.332
-260.62
467.842
215.255
-470.293
350.78
-24.2349
-580.358
231.838
-68.7019
304.216
-446.385
160.522
416.486
-504.739
-239.572
488.81
159.569
-545.231
-109.738
-71.3432
-255.283
-537.007
351.624
299.315
-502.588
36.0256
439.959
-85.9658
483.745
-478.626
-50.621
-61.2135
-607.152
444.887
482.601
-218.114
-532.977
-254.249
192
-82.9977
-286.734
-74.7742
184.866
-522.984
-395.601
-22.7372
553.236
88.7161
-579.459
439.877
-278.538
-406.302
-299.669
-250.954
-625.533
-348.275
-226.093
511.847
280.281
-472.335
450.579
-361.345
-182.524
0.490144
-142.659
48.6332
425.608
15.7935
459.483
270.587
-505.093
233.363
-514.379
63.2013
-51.574
-128.118
232.519
-236.93
-1.96058
-378.718
-554.326
-532.106
507.354
-340.541
-89.1518
-486.795
-245.916
-130.242
-45.7468
-222.798
-343.673
-223.696
-427.678
-448.373
-423.675
-518.463
-540.03
-127.791
467.842
-475.14
-538.614
529.437
-534.883
-394.511
-331.501
183.695
323.495
285.672
-454.364
-507.953
509.042
411.122
168.555
-575.32
-477.373
349.908
-60.4511
-408.862
-409.815
153.551
255.12
363.85
357.261
141.379
-181.68
-455.071
416.405
5.11928
357.696
392.333
-502.997
294.903
-446.086
66.5234
-497.877
-573.033
283.875
141.733
-438.461
-468.523
-491.26
424.574
-556.749
296.156
-411.367
279.028
-531.234
-27.1485
-246.161
-600.29
-9.80288
214.574
-479.905
427.623
33.4659
354.265
-429.366
-488.864
-581.937
-222.444
425.745
520.56
137.567
-291.391
-262.581
-496.244
-352.904
140.862
-353.312
-523.964
422.804
-451.967
-176.343
-484.671
-541.881
473.888
-397.561
25.9232
159.406
-312.358
-268.381
-179.338
-88.0081
228.489
-370.603
-534.883
-35.835
-141.407
-578.724
214.329
-482.166
204.281
129.97
117.825
-118.86
54.052
-529.492
-508.77
334.333
-325.51
-450.252
-570.963
-301.194
1.33428
502.915
-431.381
-568.73
-212.995
-101.188
-210.544
140.78
-240.198
-105.081
108.785
69.0014
-557.484
-156.002
-603.422
-374.524
-209.346
520.478
453.138
-301.085
-329.567
281.207
185.22
467.352
232.192
-444.152
-446.303
-233.336
-547.6
-38.7758
-103.339
15.4395
-448.073
332.944
-395.819
127.083
237.366
-29.0819
-384.627
-580.249
190.829
9.96626
-519.226
-303.78
179.202
146.608
250.164
-24.6161
-7.40662
-442.001
258.687
250.709
-462.642
-353.122
-337.764
430.319
-245.453
-606.145
253.568
-568.077
446.113
-232.601
-203.029
326.436
-469.694
329.758
-155.866
412.62
23.7175
-290.465
-320.2
156.002
-302.963
-222.525
-286.544
-523.202
-269.852
206.487
-564.183
-125.422
-548.852
377.275
-484.126
-426.752
302.991
-382.694
511.629
177.16
-243.629
-535.864
-35.2904
-383.02
-58.1365
-336.947
253.65
422.232
-198.536
386.261
-294.359
142.85
511.738
-568.622
518.164
-353.476
437.944
273.664
90.2137
506.945
190.258
451.559
28.1561
-500.165
-276.06
440.966
-168.092
563.965
108.322
476.556
-562.168
435.112
-508.47
351.297
-336.566
554.298
59.5253
452.621
-168.174
436.773
-295.475
434.785
182.878
493.439
-479.551
-371.012
482.411
340.813
-560.507
-529.737
529.41
80.8465
487.993
-119.432
396.281
324.775
-528.648
229.578
-377.956
-398.405
354.538
-370.685
-30.4162
-271.05
343.537
196.03
-251.226
-302.528
-482.383
340.922
280.308
-197.011
502.398
344.544
-593.837
-110.092
475.222
-360.038
312.903
-333.325
-414.226
-335.64
-548.743
187.262
-116.001
288.205
467.761
-551.33
506.264
-411.421
-344.462
-273.255
-535.537
-556.205
-285.019
-390.1
-213.349
134.299
345.66
-72.7592
529.301
-476.393
-159.351
50.0219
-229.306
-565.545
-136.124
79.0766
-522.956
115.048
512.418
544.822
-557.92
536.218
450.497
-574.639
-129.371
-588.99
-341.331
-353.53
152.925
-567.995
-558.574
-236.059
457.413
-505.42
-162.238
178.93
-400.883
-20.9945
370.848
317.123
369.133
-313.747
118.016
512.663
-275.706
239.19
-292.698
-58.2182
-409.815
-237.475
-594.599
153.742
252.043
178.086
135.416
407.119
-588.118
-204.009
525.108
453.329
285.7
-122.59
-9.6395
516.367
454.364
430.129
-203.873
369.269
-544.278
-387.949
224.513
-28.265
-598.956
-206.95
-586.457
110.446
394.511
-205.915
-402.98
-383.81
-354.102
-222.798
-600.998
-546.538
443.036
519.417
20.8856
-528.375
471.328
-40.219
-517.892
32.8124
269.688
-518.627
-190.639
-608.977
376.24
367.771
333.026
-207.276
-194.887
-608.65
-470.892
-96.9396
562.958
-473.969
-274.29
565.926
-32.8124
-349.091
-307.947
148.786
-533.331
-345.715
381.604
-510.948
-500.056
-493.521
-548.063
-165.07
553.373
20.4499
407.582
501.635
276.577
350.671
240.143
394.729
-148.269
-523.12
-25.8687
-79.7573
70.5263
-91.2212
123.053
-384.818
-385.689
521.813
-421.469
-115.511
-120.004
-47.0538
-143.912
-565.79
373.653
-128.935
255.719
-30.6068
517.211
-354.755
-38.2857
-483.718
-459.646
-423.457
-549.261
126.593
-496.08
-479.061
328.26
-264.324
428.767
69.4915
-582.1
184.267
194.478
331.337
-167.874
313.284
-446.494
281.915
-53.2079
133.02
-442.736
494.719
496.815
-172.912
-98.3283
-525.925
291.037
484.889
-482.274
-551.194
-562.685
-526.633
480.45
-123.244
86.9733
-565.79
-398.868
266.121
-40.4913
-550.051
-336.865
-151.4
113.795
-583.843
47.435
-335.885
-202.266
174.845
-127.955
337.682
328.805
