-93.6175
517.538
489.382
146.771
-50.5393
-372.727
-252.097
124.388
419.237
-197.31
-220.293
-305.305
-119.051
-394.13
-282.214
-316.633
-605.764
-323.495
506.591
-254.984
222.471
-494.392
-264.188
-140.617
-415.588
-329.486
-181.299
-90.4043
69.9272
36.7063
-295.993
-216.371
-195.513
-507.844
452.403
424.356
-62.7929
-455.834
-254.167
334.714
118.397
623.572
266.421
248.612
475.058
585.777
-34.6368
320.609
35.4538
305.959
-530.826
48.851
-184.022
405.894
47.544
-350.29
-138.438
-328.614
-572.216
-583.816
-475.222
235.868
269.906
12.7437
483.718
119.976
-342.611
-383.728
128.853
-500.11
117.526
266.366
192.844
-147.533
-33.4932
-277.585
334.551
182.66
-544.114
208.093
-610.992
-540.084
-421.034
-6.42633
-278.783
302.582
-153.742
312.766
333.298
103.42
-125.531
379.045
-192.79
-199.87
370.059
-22.2199
186.091
77.6606
151.836
198.29
-160.549
-524.509
-36.543
142.087
-296.483
386.342
474.187
48.6332
542.426
-569.711
517.647
-235.051
567.914
-510.294
-424.791
-439.768
-251.389
250.191
-157.717
278.565
54.8417
156.846
-525.543
-26.2499
-208.257
-278.075
-597.812
-152.598
-583.544
279.654
457.849
3.10425
-529.083
5.2282
190.666
320.881
476.529
-278.674
-298.933
-32.7307
-3.37655
394.076
-169.263
441.075
-21.9476
40.7364
520.043
-475.875
-73.0315
-55.713
-349.473
47.9252
513.181
-344.571
478.707
18.9522
254.33
258.578
-432.797
206.623
421.578
-178.63
24.6706
-500.165
287.932
13.5062
-63.5553
340.596
137.404
-68.7835
210.272
26.5222
436.773
289.621
-29.8988
526.415
-268.926
-301.983
-109.847
-391.026
514.76
-71.7789
221.763
222.308
194.859
483.173
563.448
-480.341
-586.975
-571.944
27.0668
157.772
535.183
466.018
365.593
-314.509
-304.325
322.896
-211.96
-97.3753
284.338
-35.835
125.586
-600.263
178.521
-530.935
238.264
-89.1518
-571.399
-420.326
488.674
-296.646
-477.945
-581.638
79.7846
236.086
-497.006
-280.744
130.106
189.468
-69.7094
485.842
452.131
505.502
-113.332
518.409
512.418
-266.039
410.414
44.3308
566.661
65.2436
538.178
222.743
486.332
-54.5694
-479.797
-291.309
21.1307
47.2717
-426.643
-428.876
-582.237
-359.276
-526.524
289.566
-86.6466
-287.279
-458.72
-280.199
-553.699
-146.117
-155.049
-284.12
-306.231
105.544
-568.022
-530.772
431.272
-400.557
57.7281
-353.884
106.47
-374.524
-486.495
466.127
-106.252
-62.4661
-107.668
365.865
-474.459
495.59
-158.371
-530.663
-361.236
185.057
242.512
-29.7899
485.569
538.886
431.545
298.933
357.478
-563.393
492.486
-199.543
-136.696
346.314
-124.388
-498.64
-451.259
-254.004
322.896
-388.793
458.176
148.949
568.349
-13.724
-381.278
-243.819
-66.9864
-471.627
-570.963
74.5019
433.342
31.5871
404.151
-99.1725
-536.817
-181.408
187.725
184.24
-330.139
212.668
157.227
-373.326
-590.46
-502.997
-544.387
65.8427
-255.419
-465.147
274.208
532.514
249.919
-300.458
-418.637
447.229
66.3873
-336.511
-380.679
486.767
495.481
-566.116
-222.09
-356.171
-586.267
-505.829
554.081
-502.016
126.457
541.391
381.278
-180.101
403.879
406.166
-277.476
370.331
492.867
-321.698
-455.997
-462.696
284.011
-436.991
-422.504
27.2847
124.497
122.1
-581.801
323.223
-375.886
-307.266
269.252
423.376
-66.7685
524.944
-570.963
-294.74
363.142
-165.451
-236.249
-193.335
-225.412
521.35
-601.516
-384.11
-217.461
-475.984
-242.785
-450.551
24.2894
391.135
349.963
-32.295
221.926
-605.328
-570.745
-246.924
425.445
155.866
-427.623
-94.3255
-312.603
-7.07986
28.4828
-554.68
50.4848
8.22353
-114.367
-541.609
-190.23
-187.671
-551.739
-366.628
240.334
-577.226
477.673
-13.5607
326.218
-26.1955
-452.839
-234.561
-583.598
498.095
-400.829
243.438
396.527
341.304
-340.051
469.939
-493.139
500.709
-584.306
-396.69
-370.44
-194.642
-568.948
-531.861
118.506
-553.264
-390.917
-59.5253
532.133
537.579
-107.45
-573.523
-205.207
-102.44
402.789
464.275
-580.984
192.79
-412.429
493.629
74.5019
208.475
-202.321
404.587
-293.487
-292.398
486.985
318.049
-136.26
206.133
-541.936
1.68827
315.163
537.307
488.238
-142.36
-331.828
-339.071
313.474
-569.166
-553.536
-370.603
190.394
-481.158
-233.417
-551.194
215.663
-452.675
-204.608
-484.262
-365.756
-276.931
451.64
-177.269
-85.5029
-144.865
114.966
468.305
-398.433
-315.272
403.007
260.375
145.9
-472.717
-24.126
530.554
485.678
-451.477
-175.254
-443.471
-557.621
-10.2386
312.549
-205.588
463.077
-588.772
-507.19
-575.484
-470.484
-502.452
1.90612
260.321
-552.229
-186.581
-344.844
-470.756
-23.3635
-184.022
-73.5216
-581.638
-88.0625
320.119
-314.509
385.634
-577.444
-266.039
-8.11461
475.331
-33.3298
39.1571
366.846
454.146
-548.09
519.934
-473.37
-81.2005
-492.758
-553.917
-182.606
-263.098
147.86
-277.149
174.382
226.174
-403.443
-78.423
-560.561
-287.442
275.679
-267.02
-556.531
-488.129
-502.125
-496.026
465.31
126.784
286.299
-423.158
41.4989
-480.123
401.21
284.992
65.1347
491.451
146.39
-260.539
-497.115
235.051
-169.699
586.975
-396.091
-35.0181
-337.001
471.845
241.314
216.045
-523.419
232.219
261.791
32.9486
145.028
-581.256
-351.27
387.268
266.366
208.856
-371.311
-523.147
525.816
-334.714
-488.51
-533.549
-277.095
170.897
306.558
-225.248
488.02
464.275
-534.039
390.754
248.775
-309.226
-369.242
-231.294
-181.408
-482.138
143.122
385.417
458.176
-158.97
-517.32
-419.727
-619.433
143.285
546.511
483.336
-178.195
554.135
246.542
-533.44
452.948
-158.044
-501.69
132.938
343.591
404.587
-389.773
279.545
-412.701
425.935
518.137
-542.644
-489.109
-588.5
-541.391
306.994
408.236
152.326
471.028
-395.274
39.4838
-8.71367
530.118
427.46
-509.205
421.306
-52.0097
-564.918
31.8049
-216.589
-409.107
-80.7104
41.4444
-15.848
416.786
188.869
308.301
-282.486
97.0485
146.063
-529.029
220.619
358.785
-505.012
-9.09489
195.567
-31.3148
-324.094
-73.5761
-385.743
-134.899
315.544
198.617
519.716
66.7685
-444.778
-570.745
437.154
380.679
163.763
293.977
-109.411
-394.675
509.913
73.2493
-466.726
-377.302
389.937
48.0886
447.447
-63.7187
280.744
-93.3997
-221.055
311.024
70.7986
-609.685
-102.168
386.615
-121.392
430.074
-523.964
-353.884
-483.881
252.479
124.606
390.917
-406.602
-191.374
-579.35
244.037
515.414
-550.813
228.244
-380.243
297.844
358.731
401.646
233.581
372.128
437.916
461.171
86.3743
-261.628
-345.878
3.75777
285.591
-253.241
-360.909
315.925
529.846
-454.091
27.7204
-585.613
245.126
277.258
-549.996
275.352
-484.589
-522.494
-490.689
-259.068
-594.708
-40.3007
-435.52
-125.531
-254.167
422.722
-255.637
346.532
483.554
-592.965
532.187
-539.757
-287.878
254.548
268.926
-419.237
327.906
-281.506
271.867
188.814
-555.769
-397.343
-267.728
-411.558
263.425
-87.6269
-582.672
-210.653
-369.242
-183.641
87.1912
432.089
554.026
-165.832
-271.05
501.199
-447.937
96.3405
-276.768
-259.286
-77.6061
244.527
259.45
-530.608
447.12
-10.8376
-592.421
405.785
-545.694
-101.024
271.594
485.678
498.967
-529.41
440.258
-375.559
67.8577
98.3011
-299.75
349.908
-530.281
210.707
552.991
417.712
45.5289
-85.0128
-209.564
-55.6041
515.25
-529.846
-521.132
-529.464
-208.202
-323.931
177.051
30.3345
-314.618
-250.845
-408.835
-461.498
-437.753
335.095
-269.035
566.389
428.277
-66.823
-529.682
-52.6633
-246.542
338.69
-31.2603
96.6673
-149.331
428.822
-504.086
-521.731
42.3158
155.811
-88.7705
-188.869
144.701
-282.268
572.597
76.1357
-426.044
356.28
32.8396
-464.166
528.048
369.732
307.32
-300.513
60.1243
554.026
-368.588
-101.732
-571.181
400.666
-456.596
-466.563
-604.402
459.592
-33.2209
133.809
-427.242
-207.004
-401.755
538.614
17.7541
284.501
-475.93
-155.321
189.032
494.011
-456.215
570.201
-132.121
162.782
191.211
-497.442
444.724
-61.5403
-303.671
46.128
429.039
295.012
-589.807
-355.463
367.445
202.811
-463.513
-382.802
-562.522
450.225
-210.272
524.4
-31.3692
-479.633
338.09
326.109
409.379
-365.593
475.712
-20.1504
96.7762
-220.347
-506.809
496.734
-318.539
158.371
-363.85
172.966
-544.005
-28.2105
501.145
-235.541
7.13432
-315.326
-220.51
-219.203
519.498
163.381
-246.379
460.082
-196.602
428.495
299.805
-563.72
-531.534
-363.142
15.0311
-606.58
-411.939
-205.86
-466.889
-579.786
-544.332
-549.942
-517.701
-144.756
-182.17
483.554
-171.169
-52.0097
427.242
-344.136
-454.963
-528.103
-390.209
-609.903
-139.909
121.828
264.569
302.419
300.567
490.634
360.637
-566.171
-449.517
326.872
-188.052
-417.167
413.845
39.6472
-570.092
530.39
412.157
-163
550.432
-148.514
-561.487
416.023
130.542
-583.598
-86.2109
-439.006
-215.5
406.438
-388.412
-553.427
348.656
522.058
488.51
358.84
-478.435
-100.153
-567.696
176.779
-370.44
-618.344
-549.234
-482.247
11.4367
-422.286
-485.188
-111.971
550.486
-324.911
99.6082
521.295
556.313
331.773
90.9489
402.463
-26.1955
-597.649
179.338
294.032
293.215
501.472
219.312
-484.535
-30.6068
226.664
-249.483
-266.312
91.9292
-524.999
181.027
349.418
326.273
-106.47
-340.759
229.551
273.228
-395.165
-405.349
86.3743
-123.026
89.6964
483.718
208.366
-340.596
504.522
455.344
515.958
-533.876
-251.498
5.11928
-529.356
213.539
360.365
-75.9723
-365.811
-179.12
395.219
-268.218
-411.34
4.90144
-286.19
496.843
527.885
-559.363
-108.158
132.775
559.036
-532.732
-186.636
115.892
398.051
420.217
144.592
-3.81223
-392.388
121.392
501.363
-421.252
-81.7996
-482.029
176.343
-351.76
-550.377
-445.595
-273.283
546.674
-20.3682
405.458
-42.2613
-367.445
-103.311
398.868
-463.894
41.7167
-507.68
-435.629
194.043
534.203
-511.22
-289.73
-554.244
-443.145
-478.489
393.586
81.3639
491.832
-521.622
-3.64885
9.47612
194.424
223.941
-437.535
-418.529
187.072
246.488
-309.553
387.976
-419.073
-599.664
561.487
418.365
377.901
150.311
-227.372
53.4257
166.595
-234.289
-511.002
-538.614
523.91
-550.268
-376.104
357.369
481.539
-474.459
414.662
212.287
-422.504
-458.775
-323.713
-18.3532
-559.2
272.411
28.3739
184.349
393.749
-166.703
358.622
85.5574
88.5527
-362.38
-543.352
-522.058
43.9496
346.151
-557.729
256.727
-81.4728
-17.264
-408.617
478.326
-378.609
99.8805
-108.431
589.208
-32.295
-26.4133
534.311
197.147
475.276
404.423
495.372
-220.728
439.224
-57.7281
-379.971
237.883
125.858
255.093
412.919
-430.619
602.169
-503.215
-552.174
590.732
-418.42
427.95
56.3666
202.811
-574.721
219.53
195.676
-430.129
531.861
458.448
474.459
-437.426
187.616
411.993
220.238
306.667
308.518
-484.317
412.974
476.91
444.179
85.8841
54.2971
-516.176
466.181
363.905
42.9693
-275.461
-530.172
-472.281
492.813
-432.144
-246.27
-201.286
427.133
81.8541
361.4
27.9382
-540.193
6.48079
-306.994
392.823
-561.052
472.172
-12.5804
201.068
71.8878
84.3048
-322.896
-537.143
225.739
-371.475
-326.327
36.8697
-491.124
449.898
-558.601
483.5
546.02
229.496
473.261
457.577
256.345
-169.481
505.066
-231.838
177.759
-278.674
-459.265
257.162
257.271
302.8
266.475
-544.387
-371.693
-476.039
-398.378
-98.8457
101.841
184.675
318.648
60.7779
397.888
458.557
123.462
-410.904
-511.057
-51.7374
484.262
-190.993
100.697
-113.55
-266.094
401.755
57.6192
-567.369
-50.6482
-461.934
397.017
-244.8
318.376
-578.697
-539.431
-24.9973
-480.886
203.192
453.22
441.947
363.088
276.714
-291.254
-562.25
-351.869
403.28
-325.946
-398.868
420.544
47.5984
-340.105
-460.735
-503.596
227.372
305.578
-279.001
123.081
-224.922
447.61
-471.682
305.251
227.754
-515.359
-51.7374
-507.735
-436.991
-227.808
-90.4588
513.508
324.094
361.726
-550.65
169.1
-311.405
473.588
-125.967
-82.2897
411.34
-562.74
397.126
33.5476
35.5627
363.796
-566.443
-289.784
-37.0876
-491.451
-275.515
346.205
562.903
563.502
-563.502
-574.612
-552.828
443.526
142.741
377.52
-34.7458
210.49
-483.119
-468.305
-513.616
282.432
-407.854
239.898
-503.378
366.355
-285.155
-472.227
469.885
-3.97561
-169.154
-575.157
486.876
-51.9553
294.631
56.9112
-281.996
543.624
-533.549
-36.2162
234.616
17.5907
93.4541
-525.87
-532.079
-209.999
338.962
-115.184
272.084
-532.079
249.647
-295.448
20.1504
-195.949
146.716
-249.483
-416.677
447.665
-596.669
195.077
126.294
470.266
-462.206
-263.97
306.503
179.175
-176.234
222.144
24.9429
513.181
-470.429
-579.949
85.0672
-456.106
-399.903
23.6903
441.511
107.614
510.73
-541.119
316.034
-158.208
-191.32
-286.571
247.087
99.4992
466.508
-1.30705
551.793
-164.198
-531.643
549.942
-382.203
442.382
-91.1123
11.2189
-454.472
522.82
-463.622
496.353
408.998
403.334
489.981
444.833
513.072
-452.403
-15.2489
-386.941
223.124
-521.949
-554.625
374.579
498.368
-233.036
500.001
-300.513
256.345
329.704
-268.653
-560.561
251.771
309.335
-574.122
500.873
70.7441
432.743
14.3776
-119.704
-136.587
26.6856
-568.894
-105
-107.941
-519.553
482.683
-562.468
474.623
11.9813
-180.918
349.473
241.369
131.195
294.304
488.075
-92.5828
-163.98
462.914
146.662
235.106
-139.854
522.167
-597.812
309.934
395.71
472.281
523.583
-158.861
222.525
277.639
446.249
-550.976
-549.56
-351.27
-195.622
443.417
-354.919
-585.504
-343.155
-540.03
-75.6456
385.798
-529.519
-582.618
-456.651
99.4992
-122.808
508.552
52.9356
406.003
530.281
16.2292
-535.183
266.529
-468.632
564.374
-288.913
383.674
-287.823
-39.1026
-38.0134
430.782
39.8106
-523.692
1.03475
441.511
95.8504
-413.409
-423.267
386.941
-228.407
513.453
474.895
144.484
580.167
-198.018
-106.851
-101.188
65.6248
-528.048
-23.1457
-265.059
44.8209
-451.314
-37.2509
-377.629
-548.09
180.645
-363.85
207.494
-440.313
347.948
-456.978
-606.907
481.267
-518.845
-281.452
508.116
-541.718
514.488
51.3017
-94.4889
-528.974
-581.311
332.917
-262.935
-486.931
111.372
-42.0435
-592.53
481.485
482.138
332.917
182.442
-558.111
-562.576
347.893
467.162
298.879
-551.194
507.136
419.672
133.864
237.448
-341.957
-90.4588
207.767
97.811
28.3194
416.514
413.79
375.124
-162.183
-193.008
391.516
-345.007
-329.704
466.563
420.761
120.249
82.8343
-563.611
-483.881
-354.265
-301.711
518.191
-551.575
96.2316
515.74
-154.069
-231.675
-251.825
317.178
-207.93
395.601
439.441
211.579
-38.7214
113.496
115.728
-234.125
537.525
-511.002
-158.643
141.597
469.286
-192.681
259.613
-542.372
152.162
363.415
-413.028
303.726
-566.28
492.649
-262.717
161.53
417.439
-261.791
89.4785
241.695
212.995
469.994
-522.167
-544.931
305.578
-483.718
114.639
448.863
14.5409
8.93151
402.517
-574.394
207.821
-448.536
-582.836
283.412
-266.421
54.406
330.412
71.5066
145.954
-397.126
96.395
302.963
562.141
-242.458
-318.212
523.093
231.893
-530.499
-572.053
-539.757
516.503
531.97
546.728
-497.387
-302.746
-571.29
461.77
-323.55
-328.887
-354.32
-74.1207
-566.225
-295.285
108.213
-616.166
-76.2446
-376.975
-587.41
-161.584
414.117
241.478
347.076
-517.102
491.669
-165.723
33.0575
477.618
-399.794
225.847
-0.544604
102.549
-369.242
94.1077
89.1518
475.004
-317.069
522.711
-206.133
117.526
431.871
38.6125
-475.658
495.372
-438.025
529.247
-214.411
-385.253
-303.835
-496.244
181.843
-248.993
-410.686
-133.047
114.04
-108.921
-145.573
542.916
-599.501
-120.521
449.408
-446.086
-552.556
557.239
-268.381
-283.14
161.639
204.445
-385.798
-141.379
-496.026
-530.118
429.312
438.352
107.995
-50.5938
-67.0953
-525.707
-580.058
506.264
-504.794
-405.621
-375.886
-477.509
497.714
-348.492
-371.529
-598.902
-228.952
-40.7364
-156.029
171.006
83.1611
197.201
45.6379
173.402
-155.321
-460.899
297.136
-496.734
-415.479
478.98
505.447
426.316
528.103
-544.659
485.025
435.302
225.684
319.465
-205.86
-534.475
-531.697
443.744
177.269
-419.4
501.799
-445.868
-495.318
216.644
420.435
428.604
-565.681
-43.5139
-152.653
-436.827
316.579
-91.0579
-236.304
372.509
-461.77
-77.4428
-514.542
-375.341
105.98
-81.963
473.479
359.875
-454.854
-71.7244
155.702
-379.48
15.7935
-138.057
139.637
-500.709
-412.429
480.232
-499.184
-138.929
385.526
162.401
-599.174
75.2099
-466.944
447.338
-372.292
-277.966
-172.041
-0.435684
587.247
-324.421
1.63381
107.614
49.3956
295.121
505.066
-19.2245
-356.607
-178.358
-411.503
393.313
176.452
-122.972
-239.844
471.301
186.2
-603.204
-22.4377
76.1902
473.588
95.6325
319.302
-343.264
-91.0034
-247.904
-82.7254
494.501
-589.698
144.865
-84.1959
333.951
-303.018
257.326
-205.207
-78.5864
385.308
-367.118
229.278
-220.129
-139.31
440.04
105.98
496.734
345.334
97.6476
-197.365
342.121
-287.497
343.7
-542.263
3.64885
-13.2339
-260.103
405.131
67.9666
-583.816
-128.962
194.043
296.101
-476.039
553.917
108.322
321.208
-374.034
-378.228
282.323
164.961
198.182
-335.694
-351.597
-485.515
586.866
253.404
-300.676
414.825
172.803
44.5486
-288.041
-423.811
541.065
-108.158
-533.222
-318.975
189.631
-22.8189
-304.543
525.652
102.277
-502.507
347.294
336.348
403.552
274.971
358.677
332.263
-334.551
502.18
-24.3983
533.331
414.825
205.37
148.459
-312.93
298.389
428.876
166.867
79.131
362.652
-34.8002
476.91
-206.95
-515.087
260.648
296.101
508.77
-46.5637
321.262
-497.333
-279.328
-266.039
513.017
-16.2837
411.884
-407.201
-188.869
-121.066
-288.15
67.0408
127.274
-165.124
-11.3822
-30.5523
110.446
-427.678
0.217842
457.195
314.182
460.844
-499.947
-227.481
-509.205
413.736
-21.7297
240.933
104.673
-220.674
386.996
522.602
-564.918
562.685
324.639
540.847
-36.1073
306.994
-342.284
-183.368
135.443
545.857
-550.541
-94.4344
327.416
-255.637
-384.872
-587.356
-538.668
-92.2015
-390.1
-578.424
156.138
-2.77748
-543.515
-3.04979
298.552
-29.9532
-451.368
-546.184
-482.901
539.921
-366.464
147.86
-531.098
-547.491
-446.848
-240.225
-569.057
-45.9102
55.713
-295.393
277.857
-508.661
-377.248
529.628
134.735
378.5
-569.221
438.243
182.388
217.515
251.063
-237.72
-65.7882
-481.594
-217.461
-490.743
404.696
-231.239
-608.65
-516.285
-85.0672
5.88173
126.893
-313.529
-445.105
97.2664
-352.904
-524.835
-583.489
420.652
82.0719
-523.964
79.5667
209.128
-351.814
414.444
-171.55
-537.579
300.023
-218.713
-395.982
257.707
315.38
-21.7842
-227.808
3.59439
-501.417
-110.99
138.82
535.346
-581.365
-175.58
-176.888
-468.414
-409.924
-194.859
-100.97
496.788
496.189
-305.632
388.739
410.468
142.686
-189.904
-560.18
-581.202
-571.944
21.3485
-402.19
3.81223
129.834
476.638
-521.241
-76.7892
505.883
487.149
-605.872
-533.985
-249.973
329.595
-228.026
409.434
305.523
457.141
397.67
-453.547
-360.8
120.467
-72.0512
366.083
-442.382
428.876
312.385
-55.8764
13.7785
-82.1808
68.13
-41.4989
-164.307
21.294
-175.58
369.187
-282.432
569.547
-45.1477
370.277
-375.668
555.769
-416.405
-448.536
-108.267
-23.8537
-468.251
-6.04511
-203.519
276.223
-119.976
-33.3298
-383.619
491.07
-306.612
148.241
-491.015
480.995
457.686
-144.865
-530.717
-489.491
282.65
-189.359
-309.825
-254.984
-130.16
-86.81
-557.621
314.128
-517.265
-116.436
125.205
-463.241
57.7825
119.323
-375.94
324.258
-51.7374
92.964
-437.753
544.169
-229.551
319.465
-502.18
399.467
-103.965
-603.476
216.426
243.493
-624.117
-547.164
419.345
-46.128
-580.113
322.787
-531.098
-316.252
-73.5216
176.343
425.554
-143.177
257.053
346.477
-421.469
-128.744
-427.787
539.703
307.702
-589.153
162.564
-189.305
-87.6813
-525.652
-530.009
-264.841
-463.894
-149.222
-362.598
-54.2971
-236.685
101.405
-534.311
-539.866
319.193
-526.197
353.721
-283.358
-536.98
175.962
94.38
-549.234
345.061
-519.389
155.158
-516.34
453.438
260.539
9.69396
530.445
-298.443
-277.258
414.335
-154.94
209.291
230.749
-43.1871
-167.52
143.013
579.731
-431.327
295.23
171.441
452.294
-50.5393
89.8597
486.059
-65.8971
244.636
-312.93
-290.492
-37.3054
66.115
-20.1504
-139.473
78.4775
214.465
-515.74
-473.37
-184.403
486.386
449.571
-216.426
456.705
-273.664
-532.95
-106.361
-77.1705
-284.61
-507.408
-284.937
380.243
-91.3302
172.749
-66.823
-191.646
500.383
-314.999
193.552
-597.703
438.733
-574.503
-102.985
331.12
-11.9268
564.646
451.368
-241.968
-87.6813
392.714
-193.77
477.237
303.072
211.47
-164.961
391.244
-121.501
430.564
-165.941
-42.3702
-312.113
421.96
103.584
361.617
-235.051
-480.505
526.469
354.211
-265.713
-16.2837
-124.442
-218.005
-394.62
-197.583
560.616
482.955
163.599
-116.763
-134.953
416.023
-313.747
-282.704
-500.11
424.465
337.6
412.538
186.2
112.08
-369.405
547.001
-94.3255
-552.174
-390.645
-247.033
276.441
490.144
506.373
311.841
-9.20382
259.177
208.475
222.634
62.4117
191.973
117.852
349.963
100.207
-598.302
-358.568
416.568
-396.853
335.531
-557.675
217.134
526.415
-338.526
-424.192
499.838
-550.813
-271.867
285.482
229.932
-489.382
25.0518
-342.883
485.842
103.965
-528.43
448.7
49.1778
391.516
521.786
-84.8494
-553.318
-434.431
-82.7799
-444.179
359.276
-499.239
81.255
-161.748
-519.988
242.295
343.863
472.553
-295.775
-362.053
-595.906
534.856
-285.808
187.126
62.0849
-572.652
-508.007
210.871
-443.254
83.4334
-350.399
-459.047
508.062
-573.686
534.311
546.075
-428.005
-295.067
512.418
477.346
489.599
154.014
-529.301
297.082
429.203
486.168
611.482
-2.77748
538.178
-210.599
87.0823
-438.189
224.976
-232.437
221.926
263.425
40.1918
50.975
518.082
519.498
201.395
-305.305
387.704
247.958
-582.727
-306.83
-325.728
259.722
201.613
296.428
-477.782
-455.453
351.488
-24.0171
-589.044
-354.592
-374.307
-127.383
-18.2987
-341.903
317.94
-413.409
-94.271
-208.638
28.973
474.405
380.787
527.449
103.094
0.599065
-209.019
-191.047
537.143
366.083
-318.43
-520.097
431.545
556.259
541.555
520.805
-485.787
-186.255
-238.809
-573.795
408.562
-549.288
-260.266
-582.563
287.17
284.774
-541.173
-533.767
-600.644
-503.215
-215.391
525.217
-568.839
173.075
-415.479
410.359
420.925
487.802
-420.326
45.2566
212.123
-50.5938
-583.435
61.4314
488.565
449.571
-469.122
567.805
447.992
571.562
-290.111
-318.212
-462.478
-432.253
498.912
-112.624
146.499
-155.975
-77.2794
-291.037
-183.695
-503.541
523.202
-54.0248
-293.106
501.69
-478.707
273.664
-344.027
457.25
264.841
387.867
235.269
575.538
-526.796
292.725
54.7327
-454.908
41.0087
348.874
318.049
261.465
491.941
369.296
553.754
-272.847
-444.561
-560.725
372.455
283.793
-608.051
-106.579
-349.636
322.787
100.97
252.914
504.031
555.987
-272.847
-119.377
-514.433
-490.198
-236.304
-51.9008
90.4588
163.545
-270.233
402.19
-239.354
269.361
81.255
-454.2
-191.755
-67.6943
544.713
-331.936
195.023
137.948
-471.301
-411.067
-232.492
-342.121
415.588
500.818
-49.7768
-189.958
311.024
156.247
-98.9002
-110.664
-501.799
-308.41
502.67
-184.784
439.55
243.057
-284.556
489.382
-215.827
325.074
535.782
-415.642
30.1711
214.465
160.658
-319.247
-110.609
-486.55
-464.82
-386.342
-221.981
160.114
180.427
-286.789
-291.146
-434.213
-484.208
533.549
370.168
587.628
-285.373
133.047
241.968
164.253
-484.698
-103.366
-247.577
-411.394
241.968
286.734
-255.692
-358.023
-527.341
94.4889
20.0414
403.715
286.952
-4.24791
-532.678
-569.057
-157.282
531.044
-205.806
552.882
-285.373
-404.151
565.79
433.505
336.348
404.097
562.576
-487.639
365.048
-63.7187
166.213
-495.808
289.893
-84.1959
-550.486
-468.142
-541.173
-498.476
-370.549
-200.197
-397.452
485.243
-223.778
79.8935
-267.401
-70.5263
-194.696
280.744
198.508
462.478
59.1985
196.711
250.355
-164.362
243.275
551.358
185.383
448.209
-124.061
-26.9579
-123.19
86.3198
-384.709
177.868
476.039
-581.692
-132.176
-124.769
-502.561
211.579
-342.883
434.431
-287.497
10.293
255.365
434.159
222.416
527.232
-487.639
311.133
-216.48
-275.243
140.562
-560.017
-551.521
-502.833
-263.534
464.384
388.684
-624.77
-528.702
536.599
-180.754
-4.03007
15.3034
-553.209
193.77
350.998
-225.194
-400.666
-190.121
-539.05
-594.163
-610.229
375.015
191.483
373.326
-143.34
-440.313
552.719
-582.454
354.919
78.0418
476.692
-249.919
486.822
-132.502
-522.003
461.552
-189.468
-541.065
197.691
243.602
-64.699
-193.934
-459.21
220.347
383.51
-254.929
57.6192
-364.286
-21.7842
257.489
-331.882
-12.7437
191.211
521.731
249.538
-119.105
250.082
495.481
-245.998
-98.41
-548.852
588.118
-197.637
-229.878
543.842
175.798
-573.087
-381.114
255.038
-214.846
-59.4708
104.673
-154.286
202.212
115.892
58.1638
388.14
-130.542
356.062
194.968
-508.552
-600.917
269.416
-336.075
-21.2396
56.5844
455.235
508.17
-242.621
378.827
-546.02
575.157
-52.6088
-183.532
-269.852
-519.553
-522.82
273.283
376.594
269.089
-382.04
-259.45
-147.261
-163.49
509.151
-152.38
85.7752
469.994
441.293
-158.643
-340.487
-434.758
494.664
-241.968
-613.715
362.543
-225.575
-575.375
536.599
269.634
400.829
-283.303
-609.031
-582.454
-421.306
-129.289
250.518
-344.952
-466.127
104.292
46.2914
89.533
-521.132
320.5
256.944
-366.138
-492.54
-544.332
183.75
538.668
-510.458
556.477
-250.954
-501.69
-98.5734
520.969
-379.589
114.367
-388.575
235.977
-22.2743
311.241
492.922
-486.822
545.421
111.263
257.326
-276.605
303.399
-106.198
363.905
70.3084
-413.518
2.0695
185.166
252.86
583.707
-78.8043
443.962
454.364
409.052
-17.5363
-61.6492
-96.6673
-82.1264
-102.331
-554.19
-305.36
376.703
228.625
253.132
-242.403
500.001
80.8193
-77.0071
443.036
-543.951
-407.636
549.833
489.436
-519.008
-230.15
-245.726
205.969
-276.768
156.247
97.1574
517.647
314.618
495.699
524.127
-567.75
189.849
524.236
270.56
560.017
-110.119
-247.305
-352.414
350.943
257.652
-308.627
-337.491
-217.406
-378.881
71.5066
-370.059
321.426
-503.16
-408.508
515.25
-265.658
-195.84
49.6679
-341.685
206.024
-322.46
-8.98597
277.422
-476.42
303.889
-542.045
30.3889
379.971
447.338
556.858
-256.944
-322.896
-128.309
-95.3058
159.787
-43.7317
-172.422
52.3365
-188.161
311.841
-273.555
-364.831
315.38
477.564
-532.787
387.704
-543.515
386.669
-134.463
-578.261
-250.736
296.21
-5.82727
-103.42
106.307
-71.1798
-177.541
66.9864
-594.599
269.96
-278.13
344.789
-198.345
-556.695
118.887
-208.311
-362.434
386.506
-603.313
-218.386
-265.168
380.896
-219.203
214.574
-547.872
366.9
176.779
397.67
410.741
478.598
274.753
508.007
244.364
-436.119
-591.658
537.034
-526.415
-116.11
-530.717
408.617
32.2406
-588.99
-567.914
98.0833
-592.802
-289.512
200.251
-69.8183
431.98
-106.252
72.5958
-559.036
-146.335
379.971
498.64
387.159
-445.541
-472.989
82.2353
-318.376
-571.671
461.825
452.131
6.48079
487.312
-298.062
-177.65
-67.4765
-506.646
-587.247
-62.5751
-356.934
448.046
-501.69
-527.504
-393.259
-22.2743
102.222
-583.108
-431.871
-499.675
-395.437
30.7157
37.7411
505.556
67.9122
-253.731
63.8821
-601.516
58.3271
-73.685
-506.046
-139.582
-369.786
-579.84
-454.418
287.715
417.221
-586.103
-476.965
237.665
567.151
414.989
-255.692
-322.46
-427.732
-114.149
-546.728
-59.253
-63.392
-331.61
135.552
-356.171
-595.307
132.121
570.255
-501.69
563.067
202.266
-26.9035
-386.233
-297.136
192.736
-434.05
247.414
19.279
-144.266
150.692
423.648
391.68
419.727
-187.671
134.681
439.55
-221.817
144.538
254.385
307.865
224.268
11.9813
327.797
16.9372
-219.421
392.66
361.999
96.1227
-166.159
250.464
469.612
-383.075
-20.2593
476.039
-113.496
525.598
-394.348
235.378
-439.332
-121.501
-78.5864
-560.943
-359.493
21.294
-554.244
-448.754
-525.543
565.299
-236.358
-525.598
327.689
-441.511
-412.865
411.449
440.204
-446.794
238.373
-64.9169
-551.358
265.495
13.5607
534.366
-110.609
-396.145
294.359
-239.572
304.379
527.286
-579.677
-472.608
-343.264
492.976
-530.717
333.679
429.965
327.906
-30.5523
510.131
-473.643
-463.132
139.963
-476.202
-38.6125
353.394
465.31
150.801
-65.7338
239.19
392.551
579.568
94.0532
110.936
373.708
-566.715
33.7655
433.832
498.64
-386.125
-271.812
-187.997
-445.595
31.7504
-474.187
-367.336
-397.398
-198.345
483.391
76.8437
262.173
44.9843
41.7167
115.238
-314.128
331.555
-414.172
438.461
355.845
-0.435684
499.348
421.796
-29.4631
266.475
-337.328
-501.853
-536.272
504.086
421.851
530.935
518.518
-389.556
56.421
426.534
-269.035
459.047
-373.544
-452.512
-271.159
-51.4107
417.603
-199.761
393.259
-324.421
10.7832
-288.913
-268.054
42.0435
474.732
-532.787
485.678
-572.379
-316.96
-510.131
-17.264
-433.178
554.298
-469.286
443.962
-515.577
-88.4982
445.323
559.962
-477.945
273.119
-479.524
-597.159
-525.162
-441.783
362.761
553.427
-559.2
112.406
576.137
-539.104
465.038
501.308
450.878
-353.721
-415.043
-182.551
-492.54
-422.776
499.729
-447.284
514.324
-433.015
313.692
-126.348
-218.659
28.7007
-346.804
171.877
-246.107
397.398
-26.6312
-261.301
485.569
425.554
-542.317
-378.391
37.0876
99.4448
-54.0248
376.431
-579.514
-591.658
484.752
442.709
-173.457
-589.534
-518.736
273.5
-442.382
-153.143
-81.5273
-337.11
-545.421
533.821
-258.197
-196.003
463.731
-195.785
506.046
-503.432
54.8417
-172.204
-517.701
-437.154
-341.358
-177.051
449.571
140.889
371.257
-66.3873
-410.577
481.376
420.217
-330.248
-258.905
560.126
-233.417
137.839
-491.887
272.792
-389.937
-54.6783
-380.57
455.235
494.283
-526.578
82.3442
-411.394
-277.966
215.337
-150.529
310.207
-336.457
-162.891
341.576
-63.8276
194.533
470.865
-293.923
33.8744
87.3546
302.909
-45.0388
-187.289
-148.241
429.366
-162.238
17.7541
6.64417
218.277
99.7715
585.559
-598.139
474.623
259.123
-288.314
429.911
540.574
274.154
337.328
170.026
-190.829
185.111
-559.581
306.122
-555.224
-74.3385
-542.535
-349.691
404.423
403.007
223.778
248.231
-210.217
-453.274
-206.351
-479.633
595.362
-171.986
-211.47
-95.687
87.5179
-524.672
453.056
-622.919
-547.654
545.312
451.368
500.655
-197.855
269.797
550.813
-18.2987
201.122
532.405
-244.146
-369.95
-377.956
8.98597
-70.5263
-320.173
25.433
139.691
-347.294
-406.711
149.494
-575.538
-510.785
540.084
209.019
388.63
35.835
55.0595
509.913
243.111
132.012
-582.509
315.707
-210.762
-511.057
-317.613
-434.703
-489.817
-25.3786
-417.603
110.827
-117.907
155.92
-398.977
-399.685
-551.358
197.691
256.672
334.768
-383.783
429.747
-303.236
525.598
35.3993
-295.993
-50.1036
-370.222
20.8039
364.831
-539.757
-499.947
-525.217
-82.2897
-473.043
-241.913
-21.5663
272.52
-315.544
204.445
-551.848
-578.806
-400.774
-383.946
-490.144
54.406
-506.101
-496.244
9.80288
-199.761
-272.683
33.3843
204.281
17.264
147.424
219.203
-130.16
-457.087
-453.547
-427.841
98.3556
27.1213
123.407
453.22
-572.815
-333.897
200.36
267.183
-423.103
511.438
335.095
-365.811
-65.2981
-190.829
224.813
320.826
-419.182
-534.911
422.504
389.174
498.095
337.764
335.749
570.419
-285.536
-371.801
418.91
-57.6736
179.937
566.988
291.472
-467.488
170.026
181.353
286.68
-139.31
-514.324
-349.473
-105.218
-51.0294
337.328
-307.974
262.118
-181.626
386.724
51.4107
-530.118
242.839
-368.153
-443.036
-563.775
41.7167
534.911
204.608
-554.026
-256.182
168.882
273.01
-129.344
96.0138
-224.105
-35.2359
-526.033
451.858
356.226
323.441
445.378
300.676
-22.0565
242.948
-550.759
-71.561
258.251
-488.292
-387.867
-515.577
-414.281
118.996
-538.832
47.3261
253.513
270.451
-419.509
166.649
-510.185
-384.491
280.635
472.553
-556.422
513.072
227.59
-345.606
579.296
-503.215
356.988
499.675
577.662
166.322
413.682
591.332
-517.538
-366.519
-424.301
-389.392
429.747
505.012
-468.523
419.999
-412.483
-49.9402
118.016
-362.38
-342.066
-459.755
348.329
439.006
-573.36
-53.8069
575.157
-1.14367
-603.204
15.4123
348.438
-511.384
-557.403
-185.492
-401.7
-582.836
-71.8333
-242.349
-5.60943
-41.5533
252.261
166.159
436.01
-284.12
-119.214
166.213
-422.014
-563.393
501.581
43.5139
-87.1367
239.789
327.035
-521.404
165.832
-586.702
-571.345
-78.8043
-598.248
-307.157
-433.124
391.462
395.002
-611.264
-408.617
-463.513
-176.833
559.254
501.581
-576.9
512.691
361.999
-132.557
159.46
469.34
-261.791
428.549
-504.848
298.77
69.2737
442.927
270.56
532.787
121.066
406.112
-250.573
-209.727
-568.948
547.001
438.842
26.5222
481.485
-182.715
291.146
-562.032
-483.336
-558.982
-24.126
561.596
-583.435
-200.088
200.523
-281.343
187.725
-603.585
444.887
-118.724
64.7535
-334.768
215.99
111.372
319.302
98.6279
277.912
-322.025
284.828
-251.335
552.991
-7.35216
412.974
118.397
-132.012
493.793
-23.1457
-428.114
-117.144
26.141
235.868
182.007
6.37187
-263.425
446.358
523.365
-522.494
-40.8453
437.372
-404.587
205.588
-366.682
300.676
-71.3976
107.668
-526.741
-477.727
-249.538
27.7748
-542.099
475.875
-221.327
-442.055
-575.865
-440.639
463.349
-447.12
160.44
491.778
-123.298
-512.146
-138.057
-536.49
499.076
-34.2012
396.799
447.066
309.662
-70.7441
-194.424
216.589
-275.189
34.9636
-588.609
89.533
101.405
-257.38
-70.4174
274.263
44.004
185.166
126.566
46.128
372.618
-191.265
376.812
-338.907
-518.137
8.16907
472.662
-431.49
515.032
-496.952
82.9433
47.5984
-334.115
503.596
-369.841
419.945
-166.758
460.572
-484.262
413.355
519.063
-247.577
339.016
-110.119
-251.281
-465.8
183.096
31.4781
381.441
-525.108
383.129
112.624
-101.732
428.549
-566.498
-542.589
327.307
-271.594
385.852
364.939
-400.829
-332.971
-457.359
-568.676
465.637
-507.789
143.667
-563.938
231.566
234.234
-375.069
-500.437
566.933
297.681
231.294
-446.303
-8.93151
-551.412
-448.373
-298.988
-534.965
-521.078
-220.51
-507.462
191.32
-299.696
-446.848
-556.586
468.959
491.179
76.2991
455.779
-67.2042
-453.383
502.833
-585.45
-413.518
433.069
-220.401
-126.512
286.462
-214.247
14.7043
-321.48
12.7982
4.73806
134.191
215.282
-466.399
390.972
86.4287
-311.677
-138.438
243.493
-386.615
-479.361
-50.9205
-205.425
253.622
102.495
482.302
-408.236
136.478
319.792
-490.307
282.541
101.623
200.632
371.801
-131.903
196.548
-534.475
-201.939
-173.783
-155.158
-417.494
-577.553
240.933
-359.82
317.559
-240.661
343.863
-93.8354
514.324
-298.225
-115.946
-66.9319
98.8457
-287.769
-213.921
-206.078
31.4781
500.11
-506.319
-35.2359
131.794
210.435
166.812
330.684
8.65921
-483.391
299.097
110.337
-12.0358
320.718
-493.466
-311.187
-194.097
-203.791
397.997
-365.702
502.615
-358.459
-472.118
-519.879
28.8096
-228.026
545.476
-229.006
-512.255
487.693
-209.074
-538.777
-33.003
395.819
444.561
27.2302
-520.642
-488.075
-83.5423
469.449
-307.211
-503.814
-262.826
393.422
559.418
-520.805
40.9543
127.601
-161.748
-534.965
243.819
311.133
-590.079
-603.803
450.715
251.498
485.787
566.552
-506.373
120.63
-419.836
340.378
-6.80756
348.765
406.493
-115.783
200.578
-120.739
367.717
523.91
-580.058
-528.756
569.493
43.0782
447.992
399.467
22.9278
225.956
-541.391
-402.681
493.248
-573.469
-61.976
590.242
89.8053
-14.5409
-358.677
25.2152
426.861
-169.808
426.807
-20.7494
523.692
17.863
81.2005
494.937
-99.6082
-462.097
-228.298
-283.194
370.004
-597.649
-546.728
430.129
-299.75
206.568
-374.47
-533.222
18.2442
358.295
405.785
246.924
239.789
-345.933
11.6545
-24.725
-406.384
448.591
-479.252
-498.422
367.063
-96.9396
483.827
-524.617
-100.588
251.444
54.2426
237.665
457.903
-498.967
-552.61
98.5734
-58.8173
485.025
-465.092
256.999
-590.242
-442.11
414.825
-79.7301
80.1113
403.007
148.514
-349.2
250.681
365.974
-529.41
309.717
-529.791
-552.12
-154.178
-520.043
-1.85166
-402.517
-485.243
346.968
-508.77
171.55
523.583
501.417
-557.076
402.245
526.687
459.428
-149.385
-538.668
-544.604
-488.129
445.65
-352.74
-524.617
-550.65
-193.226
496.244
13.7785
458.067
376.866
301.602
135.661
-475.167
558.601
282.595
-523.419
-630.271
-498.694
212.123
-103.039
-414.444
554.353
476.91
-601.679
-509.695
-116.491
-549.451
562.576
-62.6295
-551.684
31.2603
-322.242
520.261
-289.348
363.36
58.7084
510.785
130.542
-451.259
411.394
-121.556
439.224
280.253
383.728
-542.208
-495.753
188.978
-495.154
121.229
354.919
71.2343
-503.814
-157.663
274.753
-583.816
-64.3722
124.442
-533.495
84.2503
-541.119
-577.716
533.277
-31.5326
8.60475
505.611
524.182
-612.898
405.077
233.091
153.96
322.025
-186.636
560.235
-444.016
-200.033
-290.819
-482.683
-532.678
201.558
-169.209
469.994
367.771
-62.5751
-458.829
-416.078
412.429
-357.805
570.637
556.422
-408.78
-222.471
441.62
-136.532
307.266
269.852
-281.397
-58.3271
-212.886
516.285
-112.788
-142.741
-567.206
-189.196
-65.2981
392.878
-50.9205
162.074
293.106
-419.4
416.568
-369.187
371.856
35.6716
-139.746
-231.893
434.104
-439.768
354.973
-342.937
-261.356
-433.287
-267.02
-247.849
527.068
-534.203
132.992
230.259
318.049
199.162
387.486
-500.001
105.327
-510.893
603.912
-145.246
42.5336
-379.535
-190.829
-70.3084
-15.6301
-570.092
-514.542
304.488
516.993
-115.293
-80.3836
-167.248
437.481
-125.368
-573.577
448.318
448.591
73.3582
232.437
472.063
-257.761
-470.266
-28.1016
-410.795
334.823
244.582
41.2266
-250.191
-300.458
-453.438
-428.658
317.613
-570.201
403.552
-277.476
39.4838
-427.678
281.397
74.5019
176.561
-223.724
260.103
428.44
218.985
-214.52
76.6258
-118.234
-126.729
-74.5564
-188.215
-86.102
-312.004
416.132
10.6742
-27.1758
-198.182
-556.804
191.537
-421.034
-133.101
76.2446
-430.455
-198.399
-548.471
275.897
-317.668
393.477
-503.215
547.001
-408.835
-119.159
21.1851
107.941
162.51
44.2219
-360.092
81.6362
360.31
-523.91
-426.97
-515.468
62.9563
-330.194
338.581
-487.149
-491.124
-207.113
156.846
-274.045
-544.604
-59.0351
-564.374
-588.99
562.413
245.726
-572.325
529.9
-544.332
-494.937
284.229
43.3505
9.9118
-492.649
414.498
-554.789
-274.535
-166.159
513.29
-224.595
524.127
-297.409
5.39158
-356.661
-341.413
142.251
163.49
-599.501
207.004
-579.514
-49.8313
399.685
-599.065
366.083
-36.8153
141.543
-371.91
92.5828
-258.251
-309.934
539.866
520.424
-540.52
58.0548
356.934
-53.9158
47.435
-417.821
-233.363
-572.053
411.939
178.467
-503.323
-499.62
-104.619
343.101
-93.3452
-148.023
-131.794
350.181
430.292
-193.716
-406.438
549.942
509.151
80.9282
-95.4147
-181.135
326.926
226.937
3.81223
-380.57
-504.195
205.425
-9.31274
-557.512
-269.525
343.972
-349.691
535.564
-428.059
464.548
39.266
-546.674
-453.22
524.4
491.778
402.626
265.713
-413.409
434.649
-81.5818
-578.315
-329.54
322.188
-125.041
-101.895
-265.876
415.642
-171.496
494.446
488.401
14.2142
319.138
-303.072
506.046
516.775
175.254
-179.611
505.829
480.831
471.028
-559.472
485.46
-538.342
-255.419
-280.907
211.851
-165.342
518.845
224.649
-460.79
437.862
-231.239
393.368
319.356
389.011
-473.152
-58.5994
7.95123
256.073
-583.598
-565.626
356.117
545.149
-302.582
-450.715
503.051
359.929
-376.322
232.873
-165.778
-147.37
490.362
160.876
-26.6312
467.325
197.365
-463.077
-470.429
-73.0859
479.089
-62.2483
102.495
-27.1213
274.59
309.281
78.9676
-461.879
503.705
-399.358
-110.5
203.192
-612.299
-536.871
-214.411
535.237
-549.669
-564.101
536.218
373.49
414.226
-29.2453
-104.51
-548.635
-441.021
463.622
-579.568
513.29
-359.984
-530.772
-312.821
-378.228
-566.498
-568.839
-215.554
232.383
19.8236
-468.578
-275.298
378.446
443.363
-16.6104
-210.925
484.807
-581.855
410.033
483.01
-566.77
-446.576
205.207
-430.619
439.931
446.576
178.304
76.7892
104.945
-514.161
-188.27
454.854
520.642
510.73
-290.111
-549.07
-462.533
580.548
-46.7815
303.944
393.586
-0.217842
-532.95
542.698
60.0154
490.416
499.838
339.398
539.649
449.081
168.228
-1.03475
-155.648
-604.239
260.049
452.784
-571.835
-134.626
-457.304
-151.019
158.371
28.5373
445.868
-570.528
523.964
-144.266
-185.274
-351.814
-368.861
-321.534
34.8002
-523.855
371.584
-539.649
-493.357
-506.373
179.12
398.487
369.732
-442.11
437.808
422.395
-404.151
314.073
120.031
489.327
-588.118
85.7207
-393.368
-355.463
-400.121
37.3599
469.776
528.92
415.37
506.809
245.889
528.92
-582.999
-544.822
447.12
586.43
395.056
-23.5814
303.181
123.19
-399.358
530.227
330.793
-588.881
-548.689
202.375
-326.436
331.337
-55.3863
155.049
-553.209
566.389
488.51
-74.8287
397.126
409.597
585.504
-234.18
132.448
488.292
-548.526
-563.775
-399.467
-421.96
425.391
541.228
365.702
-208.638
-288.15
-471.627
-466.726
-305.36
-377.574
173.021
113.713
-405.567
-399.685
-423.484
112.461
-349.418
-367.063
-528.157
-477.782
-262.499
-546.293
143.285
-233.309
-555.224
-220.674
-423.702
530.336
-415.043
518.681
26.3044
-132.557
182.17
106.089
586.975
-332.045
475.222
277.748
386.506
149.875
390.155
507.462
14.8132
-496.516
-309.499
-408.671
489.817
-438.516
479.851
60.2333
22.0565
427.188
-563.012
78.4775
-588.445
512.092
425.009
329.213
50.0492
375.015
229.115
81.5273
458.23
-502.289
-180.863
-61.1591
-309.009
-74.4474
206.732
214.52
75.5366
-309.226
-156.465
-518.463
-121.991
-59.852
320.119
-343.428
-556.586
-103.475
-236.413
48.3609
-289.457
327.035
-524.944
21.7842
325.02
292.616
190.394
-262.772
-552.229
-333.352
-456.161
486.114
-173.729
-453.329
80.547
350.78
242.948
-571.562
141.597
358.513
529.628
-96.9396
13.2883
-44.712
-528.92
-218.005
-147.043
-124.279
441.456
-250.355
542.263
-582.563
134.517
-493.085
477.128
517.102
-185.057
211.742
-43.0782
22.4377
393.368
-523.474
-464.112
-438.57
319.519
555.006
-341.739
-148.623
456.869
-528.484
450.824
87.0278
530.935
529.029
123.353
536
538.995
-271.431
-309.553
506.319
232.546
285.1
349.037
272.575
492.976
290.111
-201.83
-577.063
-561.76
-365.484
-448.536
160.059
-247.033
130.651
-146.281
-146.771
-319.737
-216.262
268.327
-417.221
303.78
192.463
-403.334
550.541
-229.006
-611.754
474.024
555.878
-591.495
503.596
193.825
513.508
528.157
-587.846
-126.021
158.752
-88.3348
539.05
273.446
-7.35216
-466.399
322.842
-273.119
-7.67892
145.682
-320.554
486.059
-248.939
-36.9786
79.4033
170.679
195.84
-212.668
-348.547
422.286
113.713
299.914
-473.043
552.447
16.8283
430.782
-356.716
-555.333
310.915
381.931
-27.0668
159.678
146.499
150.692
-520.478
121.338
-318.594
559.309
171.768
24.7795
360.038
457.468
-168.991
143.449
271.758
-282.65
-597.812
550.541
-610.011
-452.076
304.924
447.175
-457.903
-231.947
478.707
-357.097
-369.133
505.938
-289.621
-271.267
353.83
89.5874
194.968
-496.244
-272.792
399.576
356.661
-248.449
-292.289
395.056
-253.677
502.724
-146.172
-11.1099
537.96
426.371
-167.902
-59.7976
480.341
-345.007
-129.561
137.622
-273.991
-128.636
-566.498
379.045
-531.643
-166.703
320.99
-551.466
389.719
-306.34
98.9002
500.709
-48.0886
-161.965
520.097
547.164
85.6118
260.648
-135.552
66.6596
-506.482
502.833
-580.385
-286.516
53.2623
-55.4952
-301.82
500.873
280.199
-538.941
262.009
474.895
-174.001
-587.084
42.3158
-87.409
-528.266
-13.6696
443.798
74.393
356.008
-441.838
-457.577
-542.099
517.538
312.657
148.84
27.6659
-375.396
-271.322
10.0752
388.357
-18.7889
-545.312
324.258
479.415
-409.924
144.157
-254.058
-283.412
193.552
-443.254
-218.386
-367.118
-382.966
-144.919
-267.128
-77.8784
-525.87
-598.085
449.462
302.855
-265.876
221.109
391.952
-221.817
162.782
184.403
78.6953
-168.065
-566.389
-217.787
-583.762
266.802
342.829
535.183
-477.782
-300.513
302.092
-18.0264
287.007
138.438
-554.298
414.172
-366.464
207.004
13.7785
-539.213
-590.079
-172.313
318.158
120.14
-527.395
535.727
-10.4019
299.805
-280.853
524.944
504.576
-389.665
131.794
-583.326
396.69
-80.6015
478.707
74.8831
-490.471
90.5677
340.977
-453.982
243.493
-377.847
109.465
394.076
494.283
250.028
516.939
385.308
164.307
531.752
-569.656
-539.649
128.037
-127.056
-553.754
455.671
-500.274
92.3105
259.45
-524.999
-275.461
138.057
-534.311
-593.673
526.796
-62.9018
-539.975
-173.13
555.769
-183.096
400.557
-71.7244
233.254
-179.393
-459.592
88.1715
416.187
113.496
-76.1902
-315.816
86.5921
129.289
-506.101
-177.487
305.904
-398.868
-543.951
309.662
244.909
123.244
325.292
519.662
-433.069
309.444
418.474
-363.632
31.1514
545.149
542.263
-314.945
-110.664
267.564
408.29
-521.241
339.398
255.855
-461.607
482.628
-287.66
353.83
427.95
441.62
-273.119
-251.553
469.34
-141.706
32.6218
-277.585
14.1597
173.075
-361.781
-425.881
360.038
-88.3893
-550.051
-470.266
-480.178
-421.36
-221.327
414.063
-172.857
548.362
-496.08
570.31
-291.363
372.455
438.624
-239.136
-385.58
327.362
-524.944
-257.543
-405.404
-552.61
42.3702
-250.518
-516.884
129.834
37.5232
-211.143
-232.492
557.729
-59.3074
279.11
-251.117
-443.58
-547.327
-28.4828
-246.706
-552.556
-419.672
93.0729
117.961
-275.679
81.6362
-358.241
426.915
-587.465
344.027
-483.936
328.832
-78.9676
-529.301
343.591
-411.503
-314.999
149.766
72.6502
-308.41
-134.899
510.185
-494.555
-18.8433
-141.815
377.792
537.525
-74.6653
-96.4495
-267.292
-270.287
292.997
11.2733
251.662
-594.708
-408.453
-241.587
-152.87
-569.602
-180.21
-424.029
-147.806
-433.777
-607.888
-537.252
-403.715
-109.465
-118.451
209.836
8.11461
394.838
-467.053
22.8189
-185.928
-87.9536
-567.151
-308.301
221
-229.823
338.145
218.441
-336.021
-136.206
407.037
293.378
-107.995
109.084
522.657
207.385
270.668
-225.248
236.631
452.457
377.792
-198.563
-150.42
-522.003
-595.961
566.389
427.188
487.584
-193.117
553.645
-141.815
-204.336
-323.223
216.317
472.281
430.891
-99.2814
515.686
-522.82
-163.49
-173.511
-479.197
-520.86
507.299
195.295
-178.739
-9.31274
-186.473
-535.128
386.07
376.594
517.429
59.4708
-398.65
-215.228
-147.969
451.041
407.909
412.865
410.959
4.73806
-111.099
-94.9246
-7.18878
-123.625
-276.877
487.53
9.96626
123.789
-202.484
-570.31
-258.251
-551.031
596.832
-580.657
-614.042
-174.927
517.102
-292.943
335.803
-78.1507
192.518
-218.332
-67.8033
-140.78
-140.835
-551.793
-320.5
-461.77
-519.771
25.9232
-314.945
476.039
193.607
217.896
-206.568
341.521
-114.312
284.229
-588.282
251.607
189.686
-556.477
-450.606
-427.787
-524.018
-530.39
-566.171
-129.888
420.38
43.0782
426.807
-527.286
-584.47
-187.671
-463.949
-458.23
-398.269
22.3288
442.981
361.127
182.769
121.229
581.311
456.651
-252.805
-431.98
-38.6669
-0.544604
194.206
298.008
-388.14
-229.66
-311.568
-529.029
-51.9008
-268.327
22.3288
532.678
278.402
148.84
-318.049
-442.6
544.387
363.687
492.05
529.737
97.2119
-143.885
15.1945
17.9175
-75.9179
502.071
347.076
-293.487
164.906
-498.041
-633.865
-549.942
-505.447
84.7949
-376.376
576.028
503.051
307.048
-538.941
-507.462
-563.611
119.486
100.316
-55.4407
120.957
27.9927
-332.699
275.243
-398.324
-212.723
352.141
332.263
282.976
39.1571
300.186
251.988
-44.6031
291.636
-553.318
564.537
-331.337
-511.765
219.639
547.927
169.753
-8.11461
-404.26
-69.0558
-501.363
415.261
548.035
-323.658
-172.531
-103.203
-195.622
-579.405
397.071
-485.733
-547.327
82.2897
-164.035
167.03
419.237
-508.933
265.876
58.2182
192.681
348.22
492.486
442.927
-33.3298
416.078
22.8189
-352.305
404.532
-369.841
-464.166
-372.074
-305.632
-444.996
-172.912
117.526
-560.398
-503.596
-167.629
419.4
-42.9148
491.614
2.8864
-192.681
-492.758
-107.941
-147.969
-512.854
-151.836
21.5119
-68.3479
485.188
392.987
37.1965
281.996
-247.632
-493.738
183.042
318.267
350.235
30.4979
-358.622
-430.619
87.0278
-511.601
-241.968
500.764
360.038
-56.0943
420.925
569.874
-200.469
-444.778
116.654
236.957
-185.547
502.125
329.486
14.8132
528.43
-454.636
-236.467
-525.271
581.093
273.5
185.111
379.698
-118.778
-549.125
-518.355
-351.052
361.835
471.083
228.189
32.8941
-258.742
-425.717
498.912
-497.823
-43.1871
-70.0361
212.232
25.4875
126.893
134.299
-284.556
-447.774
434.594
99.9349
-319.247
-464.112
-125.967
-448.209
363.687
453.601
-123.135
453.002
-7.2977
-324.857
425.227
-509.586
-488.456
195.35
-398.65
234.779
184.349
-362.325
560.507
47.5984
199.652
-120.739
12.1447
228.462
-205.534
-339.942
183.259
-238.918
274.372
556.695
-11.8179
403.661
-521.404
310.098
461.552
-220.456
363.469
-231.893
-540.193
550.976
-464.657
337.165
-392.115
351.651
-204.063
-145.192
-338.308
418.038
-207.876
40.9543
7.13432
-385.144
-135.824
554.298
-147.588
-154.45
-378.609
387.377
200.469
-354.919
-229.769
388.63
-403.116
-378.555
357.097
-82.4531
-516.721
444.778
-410.686
-88.4438
-135.607
174.001
547.327
310.043
432.525
-119.214
251.281
-209.509
246.27
141.597
286.843
-173.075
-335.041
-296.21
237.774
-51.6285
-111.099
-71.6155
465.909
-238.319
-492.105
558.383
-367.499
-431.436
345.933
-417.712
74.7742
-193.226
-369.786
480.45
-183.205
332.154
451.695
-270.614
518.246
352.849
473.37
-521.949
516.231
314.128
-248.013
548.852
131.576
62.2483
-110.119
271.921
365.974
396.254
-491.778
337.056
-169.644
-361.781
354.864
67.2587
283.085
-486.386
-309.063
375.94
525.925
-293.27
-474.786
-536.218
148.623
517.374
498.095
-201.776
1.96058
389.501
-182.442
-443.689
85.2851
-546.02
-518.137
466.073
289.076
2.01504
-583.598
352.74
-186.963
480.995
-511.874
-408.399
-272.411
365.593
13.7785
-424.683
-472.935
-527.068
423.92
381.768
-595.416
145.409
515.74
-497.333
-389.12
-480.45
-421.143
51.3017
-473.969
-319.955
-497.169
-359.984
395.655
-397.997
447.338
-143.285
-488.129
437.263
-174.001
-347.621
-175.526
-110.99
207.93
-585.45
-481.812
-75.8634
-588.554
3.53993
102.658
221.763
356.117
510.294
289.893
-478.762
199.216
201.721
-540.956
547.763
-193.661
-501.526
-460.79
-538.777
406.493
-351.814
-3.26763
-247.087
-450.116
-571.127
-239.081
-297.082
-138.929
-462.642
-464.657
491.941
10.5109
273.228
296.047
456.596
558.383
282.813
499.511
265.821
431.054
-506.046
46.9449
467.38
-376.866
-558.274
-295.611
24.1804
94.6523
-454.799
530.935
172.204
-145.464
536.163
373.272
520.097
402.299
412.429
223.778
392.115
-433.505
-402.681
-265.113
-501.036
-483.064
345.933
483.064
-163
508.933
376.158
364.722
454.69
-359.766
-60.5056
-213.376
-412.701
93.8898
111.698
-480.45
129.289
195.186
526.306
-563.938
-39.2115
521.568
418.637
179.665
478.98
-161.639
-208.91
-499.184
-363.687
-464.493
291.146
-441.565
-399.903
-532.569
373.871
81.4728
253.132
429.911
120.739
-329.159
549.016
216.753
306.776
117.362
-470.048
-506.046
-598.575
-472.88
-478.871
134.899
43.2961
153.252
454.091
296.864
454.037
-589.807
149.439
-539.322
39.266
-229.66
-240.443
159.569
407.31
-175.417
156.683
293.378
557.076
-594.654
400.066
489
-397.507
-400.393
-292.997
-110.337
-129.18
352.25
236.413
210.599
-26.6312
-407.146
49.6135
-135.28
-432.797
-408.944
446.63
377.193
-327.362
173.947
-516.83
566.171
575.048
-208.366
-561.542
-450.987
525.652
-38.4491
-569.82
-148.459
418.583
-132.611
-571.998
281.724
488.292
-1.52489
117.144
-501.962
367.172
-253.895
391.462
-406.656
299.696
-153.47
-259.45
-483.5
401.918
-78.2597
-210.544
-570.745
238.482
195.077
-307.81
-491.288
409.052
27.5025
513.998
-328.342
-385.852
-340.214
429.584
-207.331
-556.477
-505.121
534.366
-519.607
547.981
-547.872
343.863
-414.607
204.39
-492.377
-306.013
-408.018
-148.514
393.368
398.487
-538.015
424.247
-473.588
421.306
-154.45
-315.163
-409.052
-527.177
-478.707
-516.721
511.493
182.66
-411.721
-321.861
549.778
-91.0579
431.218
-560.18
4.19345
-439.441
423.975
-483.228
-517.864
524.563
221.545
-42.5336
-486.713
-444.833
-527.341
-284.719
230.477
-360.964
-30.3345
153.197
-406.493
-529.247
-183.423
-10.293
-88.4438
259.885
-571.453
51.6285
-266.421
279.927
29.7899
-411.503
-179.338
54.4604
426.915
-140.508
320.173
-332.917
-193.008
-138.983
507.027
181.571
377.356
-465.31
345.225
-409.488
255.746
259.232
-546.184
-493.738
-177.596
-362.652
252.206
-350.29
-344.19
459.374
522.548
322.079
13.7785
-586.648
-475.058
99.4992
540.139
51.9553
-67.8033
505.012
-319.302
342.447
-3.26763
515.74
51.8463
-363.959
245.29
-84.3048
100.915
95.7415
-237.284
328.941
281.833
-171.224
356.389
375.396
174.056
-389.937
-241.478
-550.105
105.653
-106.361
-275.624
-502.125
270.886
-124.497
-365.212
458.394
307.484
407.201
508.279
-186.636
-296.047
-231.076
-292.071
349.091
353.721
-545.095
66.115
28.973
-534.094
133.156
131.032
-214.356
-71.1798
-319.846
-231.838
-358.622
-178.685
481.376
-42.2613
-411.285
535.237
16.0114
90.7311
-91.1123
373.871
282.922
213.213
-562.849
211.415
531.48
339.779
-69.6005
-418.91
-349.636
-126.838
-580.548
56.6933
-463.295
-377.52
-483.772
429.366
251.172
-517.919
-421.415
305.959
-563.339
54.406
-601.951
416.132
106.361
227.155
7.62446
-57.2924
566.879
128.363
-375.723
436.773
422.994
311.786
410.251
83.1611
223.124
-422.885
-406.983
243.765
-586.757
-248.013
506.863
-258.959
438.189
-345.116
142.087
-547.273
122.808
-526.633
-284.338
-166.703
-284.719
-402.735
56.4755
304.597
-311.949
570.909
-571.508
-283.739
125.695
-518.79
545.639
376.54
370.113
390.427
513.998
-479.47
213.104
-5.88173
-355.028
-164.416
167.139
333.951
488.837
114.803
-274.971
225.902
494.229
-83.1066
88.9339
-290.22
-268.98
-216.426
152.326
-136.369
-337.655
232.11
-269.525
-145.573
-511.438
565.953
380.787
200.306
-144.484
-580.984
328.451
401.482
445.323
-356.335
-435.085
303.236
438.57
-39.4294
568.404
11.1099
-443.744
358.84
-401.918
-148.514
-530.227
-4.84698
-461.77
-430.946
142.795
-69.9817
53.698
567.097
-465.855
-327.961
-443.09
-36.1073
-502.016
495.045
230.095
96.8307
-581.747
488.728
489.382
-499.457
-556.913
-455.997
-611.754
507.68
-113.822
347.403
-110.391
-558.601
349.418
-129.507
-334.387
92.6372
64.9169
-357.86
471.9
202.484
-566.988
418.692
-559.472
344.081
321.262
239.354
-412.647
280.635
406.22
-590.896
-538.124
-550.051
523.855
409.597
-84.4137
-459.156
-580.984
507.735
15.0311
-30.3345
-237.175
-195.949
474.35
70.3084
390.808
525.979
-489.926
-394.893
550.976
347.839
305.578
140.889
-65.4615
396.2
-434.703
176.125
-563.067
352.795
-602.55
-174.981
80.8193
158.97
-291.091
495.917
-114.585
-298.661
549.397
-413.518
-491.342
8.44137
489.545
-575.266
500.873
-286.407
61.8126
-541.173
105.544
572.216
504.848
499.402
-588.772
482.356
293.705
387.758
525.652
20.9128
150.256
215.5
-181.353
435.193
-407.963
41.5533
203.41
-440.204
445.486
244.418
-597.976
104.292
515.904
-396.145
324.475
239.735
185.166
-77.2794
-181.408
422.613
420.652
398.378
-384.327
493.521
-369.786
-330.52
-442.219
-309.172
-64.9169
426.48
-498.259
-152.762
-362.162
10.4564
-227.971
-222.035
112.025
521.241
226.174
292.834
-100.153
222.308
520.043
-434.322
-513.671
-341.031
-106.089
22.8189
-5.99065
477.999
475.276
421.851
539.213
-494.61
558.056
109.792
-414.335
-485.079
-344.68
-575.865
-155.702
-442.437
-445.486
-214.356
-163.327
410.414
478.544
-334.442
455.18
30.28
-614.695
-301.983
447.447
-492.322
537.742
438.461
-59.5253
266.747
-441.402
381.55
18.9522
327.253
-189.141
-208.202
-573.196
85.0672
-207.494
-410.251
461.825
-589.208
471.791
-478.054
-488.292
-529.9
39.865
-472.608
574.394
-554.081
145.192
-55.7675
-260.212
-434.104
-416.078
-255.419
-386.179
495.59
-144.375
542.644
-2.23288
-467.271
-519.171
93.672
-454.255
501.417
-578.533
518.3
513.725
372.346
334.768
-73.6305
-416.296
423.43
224.867
450.987
408.726
227.863
381.713
-275.461
334.496
-478.326
432.525
471.573
123.952
24.9973
322.678
540.084
-112.951
-319.029
-95.0335
-161.748
-143.721
531.425
-556.804
-223.124
19.5513
-244.636
551.684
471.083
-177.813
-453.71
28.9185
-303.236
-424.465
60.6689
310.479
431.054
-445.595
-302.963
330.03
34.9091
527.123
258.959
-262.282
387.758
435.793
494.991
-544.441
459.81
559.799
7.24324
-297.735
-591.495
412.865
-337.709
144.102
-482.302
-360.147
-148.895
-588.772
-531.316
253.35
-99.4992
208.965
-398.923
-293.161
202.538
159.678
313.692
403.715
-74.5564
262.935
49.9947
-195.023
57.3469
455.888
-274.807
-324.312
-185.166
348.329
93.7809
-479.415
455.289
-389.447
-484.426
-333.298
253.404
-490.58
-345.388
38.558
257.979
-530.663
-500.709
365.865
355.681
-239.517
294.849
249.211
-427.351
-431.381
-598.956
-513.834
-114.095
371.093
486.441
-135.824
-385.961
-22.3832
214.247
272.683
472.281
-282.486
-76.8437
-10.6198
-89.2062
-490.743
-301.003
-369.841
53.3168
29.0819
23.5269
467.488
-60.3422
-307.048
347.567
-396.635
-410.468
-270.069
-517.265
-515.795
107.832
512.963
343.21
-504.848
-546.184
229.823
10.8921
499.239
180.101
24.4527
-432.144
34.3101
-338.69
496.625
583.054
322.025
40.7364
-97.9743
-67.9666
360.256
-138.057
217.297
-573.959
-433.832
-133.646
126.021
54.6783
22.9278
-459.483
390.209
553.318
194.751
-317.94
413.355
-362.216
-82.3442
252.097
-535.401
409.651
241.369
-44.9299
-349.037
81.5818
517.592
325.401
-181.027
-497.333
-538.886
-18.1353
-301.874
-382.694
522.112
510.73
529.138
480.396
-190.503
421.96
-270.287
-200.36
516.503
-182.497
37.5777
-628.31
482.138
-217.243
-307.484
-556.313
583.054
-125.695
-227.808
-446.848
-431.98
1.63381
-471.954
180.046
-0.653525
107.995
385.526
-28.5373
218.223
562.849
-527.232
177.269
215.446
-206.078
-204.118
495.209
512.418
-549.343
-316.143
-452.348
519.28
-378.173
-312.984
-548.09
39.3204
329.812
-422.94
-525.87
444.942
-466.563
-513.943
494.446
-55.713
-217.243
233.962
-133.809
311.187
109.193
19.8236
-413.082
-481.812
-268.98
-410.251
-34.7458
474.623
102.985
6.37187
377.574
491.015
-118.179
49.3956
-224.758
256.781
-549.833
574.612
287.606
-120.957
-342.937
-475.766
207.984
-54.5694
302.963
-397.779
373.326
-539.267
542.154
-560.997
-500.764
-169.318
-312.167
-128.091
-19.3879
458.775
-309.226
-454.581
295.775
-293.542
-501.744
-133.319
341.14
-422.286
156.737
480.995
-559.145
20.3682
347.022
488.183
311.732
-514.815
311.024
349.146
91.4936
544.278
-469.612
-14.8677
-465.201
-250.627
-303.345
-425.336
480.014
-46.9449
-466.726
-188.814
-471.627
-224.323
-504.739
-380.079
513.181
-192.245
-540.901
-569.057
-363.088
-38.7214
-569.983
34.8547
533.767
-79.8935
309.39
-509.586
486.059
94.8701
-425.772
509.26
-51.574
456.215
135.824
233.2
279.11
544.005
-426.262
445.214
474.95
-247.686
-463.785
67.2587
62.3572
-131.413
310.098
-443.308
144.81
-365.048
-617.418
-439.931
185.383
-46.1825
-347.512
-414.989
-129.017
-62.1394
169.699
-473.207
-575.484
104.945
-382.585
-91.4391
37.7411
454.255
-405.131
405.24
-39.2115
285.754
-616.329
159.678
477.999
400.938
425.826
521.404
-469.776
-11.4367
351.978
-499.13
381.659
-487.312
-587.792
-226.12
234.725
-251.716
-304.543
-361.89
-239.027
412.538
-613.66
83.7602
-79.4578
511.002
-112.134
504.739
192.245
-248.449
509.913
-218.223
-397.452
-255.637
412.81
-250.681
302.637
-194.805
155.376
-343.918
40.0829
489.817
-67.6399
-630.706
155.866
-395.165
-384.654
-573.85
-568.567
261.301
-166.322
-95.5781
-41.7167
-527.885
125.422
178.903
378.718
-189.795
435.575
237.992
204.499
451.967
105
-525.053
473.316
-351.379
-586.702
-164.852
-529.9
12.4714
269.307
-188.324
-347.73
-499.021
-45.42
-351.433
173.184
529.464
-365.756
-483.827
-270.832
314.128
-128.527
293.76
503.215
-471.41
402.245
-248.067
-238.047
-384.763
-145.355
374.034
464.82
439.659
-210.871
86.2653
-424.084
-533.168
320.554
-436.827
-512.963
-118.887
-465.909
236.957
152.707
313.256
-31.2603
-404.641
-210.925
270.505
448.591
-571.726
-549.016
465.691
-556.804
-436.065
304.053
-503.215
-297.136
196.384
481.812
-276.169
-464.003
438.897
385.199
-63.283
-298.661
385.417
-548.635
-468.196
58.8717
-254.439
5.33712
28.3739
-249.211
-63.9366
-475.385
-543.025
551.466
-598.902
-26.4133
-110.718
-596.614
-16.9372
-67.9122
394.838
29.7354
-538.287
-471.301
260.92
-528.811
135.28
-515.196
-190.121
565.844
-307.102
400.448
-425.663
-304.053
72.9225
-166.54
248.993
-550.65
-467.761
-423.321
-474.078
-19.0067
-473.152
468.142
122.155
368.643
-529.9
97.6476
289.457
-516.83
43.0782
326.817
-221.327
270.069
-500.546
154.341
-433.669
-387.595
-288.041
-231.294
-59.3074
-95.687
-59.6342
-553.482
487.203
-251.825
-97.2119
316.633
178.249
-33.0575
176.942
-479.034
127.165
-480.995
-396.581
-330.847
534.366
318.811
333.135
461.988
561.433
-364.449
-431.871
527.395
-560.67
-156.356
-138.874
-612.68
423.811
-545.639
-141.216
5.39158
98.7913
258.905
305.741
-504.848
447.338
-349.854
-461.171
135.389
-108.975
-516.34
-459.265
-556.858
-84.7949
-427.46
-46.836
255.419
-24.5072
338.907
256.563
195.84
182.334
-563.448
242.567
-551.358
77.8784
14.9222
381.06
406.329
-285.1
503.323
-54.8417
-443.417
159.95
-385.689
158.916
-538.124
-567.26
-224.649
-129.888
-522.112
-56.5844
-376.975
554.789
-96.2316
317.559
331.991
82.2353
265.767
-494.937
-506.155
372.727
-557.021
516.993
-419.128
289.294
-182.769
238.809
-200.251
393.912
-384.709
-491.506
210.217
353.067
511.22
470.157
-405.785
2.0695
-564.537
-425.173
396.472
253.132
52.99
-53.5891
447.556
-203.083
388.303
417.548
359.984
-200.632
-504.957
-453.274
-471.573
20.3137
436.991
-523.528
476.202
76.1902
325.946
-316.361
74.4474
125.313
515.25
-106.797
-335.041
-298.062
521.35
91.9837
-298.008
469.122
121.12
-159.297
353.557
180.046
29.0819
549.07
-236.086
-373
343.645
388.357
-439.278
-402.354
-419.836
-180.101
-599.392
195.894
-453.656
-504.739
187.725
241.641
211.089
398.378
-504.031
153.197
-51.5196
-460.191
502.561
120.848
-381.332
349.908
-222.961
-390.536
20.2048
358.35
-152.489
-335.095
-459.21
-385.526
455.289
-85.2306
416.731
-299.805
-129.834
393.803
267.02
-588.064
454.799
438.243
465.964
328.669
333.189
-30.8791
413.355
159.079
-270.396
291.146
-521.786
-452.839
63.8821
444.288
251.117
-99.7715
505.883
-266.257
61.1046
268.436
270.56
378.881
111.916
383.892
-324.094
279.872
-367.989
-18.7344
-555.551
187.725
555.769
-547.763
291.091
215.881
454.745
254.276
-489.599
216.753
471.246
66.3328
386.179
-245.562
261.138
-262.99
-22.002
-268
257.108
-489.436
-549.343
287.17
-487.584
404.26
-517.429
-526.524
-465.528
-359.33
588.173
3.64885
-287.115
226.937
-476.257
-136.696
302.691
-176.125
213.594
560.398
-383.184
-429.53
100.48
-597.159
242.839
-7.95123
115.892
-204.662
-530.39
-2.94086
-148.84
451.858
549.942
482.302
353.394
-91.3302
278.293
-107.015
316.742
246.978
202.103
-196.983
503.596
124.061
-335.422
538.178
-146.88
-533.44
-395.601
476.91
-56.6933
231.566
438.243
77.4428
269.47
495.917
153.851
-344.952
-136.478
-390.808
-239.953
517.592
-510.512
-153.524
413.246
-564.047
-379.317
-521.186
200.905
126.512
225.847
-45.5834
-466.726
-508.062
-38.1768
338.308
-217.896
-270.941
286.081
-250.573
-6.26295
-321.262
252.315
-515.414
87.5179
39.8106
-527.613
-536.653
76.3535
436.392
46.9994
470.103
74.2296
-406.166
18.7344
-244.527
40.4097
-504.794
235.868
-573.196
133.918
156.955
479.688
-508.007
99.8805
248.939
-168.283
-350.181
332.263
-235.433
-147.697
13.3973
288.695
-188.869
-101.133
479.143
202.538
75.3188
-578.152
79.131
-206.405
101.024
-51.2473
161.04
428.331
-371.42
-236.467
366.355
286.68
-199.107
-359.548
520.533
413.246
538.832
-445.541
252.479
-336.402
138.493
144.211
-175.526
199.053
106.96
147.642
-203.845
171.659
-379.535
464.221
-307.157
439.06
-533.821
-354.646
105
23.7448
-283.467
491.778
517.265
-114.367
-255.637
331.446
-501.417
138.003
567.042
384.273
333.625
-553.318
-417.494
-34.8002
-568.73
-141.053
-611.591
314.945
487.421
-457.359
91.1123
-146.226
-181.353
503.541
-389.828
-188.27
-231.239
478.707
-298.116
190.938
8.93151
347.185
280.145
-247.414
544.441
233.363
-37.3054
485.025
153.524
419.454
15.1945
235.106
-565.899
-395.71
416.786
58.8173
110.881
91.7114
-60.3966
282.377
406.166
145.9
259.994
-287.388
480.123
-490.961
292.071
-382.312
-227.645
171.823
-405.186
193.171
290.873
279.273
-552.283
432.089
65.0802
-286.625
-191.428
-132.502
-229.278
141.379
-383.783
-90.4043
397.779
278.184
417.821
286.516
-295.121
-419.073
377.901
148.731
82.2353
318.539
-554.026
43.8951
76.1357
-237.448
-229.17
-571.508
474.623
217.733
-78.6409
-561.269
446.412
547.6
-125.858
-473.37
481.921
527.94
-451.314
-554.407
-211.47
487.258
529.41
-236.304
555.551
229.17
-167.793
180.264
-187.235
-213.921
337.6
372.346
-301.057
77.824
-492.867
393.15
371.093
172.204
205.697
368.207
271.975
-584.687
454.364
553.482
-165.669
248.721
180.754
166.703
-393.695
-79.2944
-49.2867
-329.159
-5.66389
-257.925
-441.347
453.274
468.523
-519.063
323.658
314.999
-39.6472
52.5543
331.773
428.44
-154.178
140.018
-440.313
117.852
-317.613
-73.5216
-404.26
186.908
83.7602
284.011
156.465
193.879
-311.895
510.185
-305.578
-382.04
-168.718
-241.478
-133.265
403.606
-166.213
-420.652
-411.503
-222.798
-54.1881
512.037
-400.774
-553.972
-546.728
-320.445
-598.52
335.095
-575.266
-427.133
456.651
-260.92
-509.695
218.005
-210.108
76.0268
504.031
-493.956
-408.998
587.247
191.864
435.52
-202.865
233.526
-257.435
-617.527
-101.841
495.971
-424.301
406.82
-183.042
-391.734
283.031
224.05
326.926
-166.703
-8.82259
164.579
-521.023
-555.442
555.769
505.992
543.297
467.434
172.803
490.906
329.812
362.271
-17.8086
-578.588
-578.86
-300.132
401.101
211.797
-168.337
-155.43
-354.211
-19.9325
-187.181
-432.035
154.069
-564.319
78.3686
-394.62
492.322
284.12
-316.47
-256.672
499.511
343.101
238.809
-83.4879
-0.980288
-281.288
451.967
-124.66
-367.717
519.825
420.489
-443.09
-597.322
399.794
113.06
520.969
-592.421
498.368
133.646
62.5751
-377.574
90.6766
-439.278
-309.934
246.651
150.093
482.901
-432.198
146.553
-316.415
521.023
248.34
-548.961
-67.3131
229.66
-243.547
-496.57
-327.58
58.7084
35.1814
-409.052
-457.577
253.731
-453.873
-508.497
-289.566
-10.8921
-457.304
-31.8049
522.602
535.401
-529.519
-0.980288
30.4434
-76.0812
214.084
468.36
-215.554
460.79
-536.054
-58.2727
-286.244
-560.67
-506.809
498.476
368.534
-580.821
272.792
-541.228
-153.034
-413.246
-573.577
-369.024
374.797
556.259
-249.429
-456.379
-55.3863
-259.722
125.64
-455.779
-399.849
26.3044
283.249
-388.793
412.592
208.584
387.268
-432.144
-153.96
66.3873
-128.908
412.048
-255.855
-437.971
-32.8396
476.474
573.36
-497.387
422.559
122.863
129.18
-463.949
190.067
-488.02
561.651
-127.71
-250.627
241.205
-448.318
359.112
112.733
-471.301
-176.888
285.046
-586.267
493.194
183.804
133.319
-283.303
134.572
-419.89
-20.4227
-340.051
439.278
-528.974
-615.784
-391.135
436.119
-407.528
-342.883
-590.406
-420.435
373.435
69.7638
346.532
-418.855
460.681
-437.372
298.933
27.1213
254.875
-20.3682
-421.143
104.292
-622.864
134.027
485.787
-191.428
173.838
-522.112
-505.284
-20.0959
495.154
-585.613
455.834
-464.711
-246.325
254.657
-435.248
397.126
-20.9673
97.7565
139.473
393.803
-411.34
19.4968
299.968
431.817
182.442
-330.03
424.955
-496.843
211.47
-279.328
93.672
87.0823
-428.005
381.169
-543.733
-589.589
-291.2
-363.578
-565.354
-60.0699
-329.159
359.33
-419.618
324.312
376.648
56.0398
321.807
-456.76
-321.153
181.735
-616.438
442.818
-488.02
-6.86202
-312.44
418.365
593.891
-476.529
313.474
-234.343
298.116
-225.139
193.171
487.312
111.372
-540.738
326.218
-245.181
-571.998
-288.368
-552.12
-547.927
-550.65
-413.954
-136.859
-573.36
-75.5366
-82.0719
419.672
454.69
-515.359
-361.672
523.637
80.7104
-320.336
315.326
63.7732
482.302
89.9687
-414.39
159.569
-322.46
374.633
395.002
67.2587
-581.256
405.839
-165.832
96.7218
-550.159
-67.531
503.868
-394.239
-426.752
-488.837
38.1768
-503.269
567.75
-454.418
293.977
530.717
-34.2012
511.874
-441.402
278.402
-311.732
-363.088
-508.606
-515.523
-227.59
-567.587
-287.769
54.7327
-197.964
396.254
415.914
114.585
118.234
-41.6078
540.956
-420.652
-557.784
-82.9433
506.155
-137.24
-378.337
444.615
-273.119
521.786
-509.695
-83.7602
-282.486
251.281
-338.254
-131.141
61.8671
436.882
-456.27
123.298
-536.871
490.743
-322.787
51.3562
518.191
544.659
513.834
-124.497
484.589
-336.62
-26.0866
-536.817
426.425
276.877
350.562
164.634
474.133
-549.125
525.38
103.529
491.07
157.609
45.42
364.558
-571.072
100.316
442.11
51.4107
546.456
-383.456
568.622
-308.682
-394.729
-198.726
284.066
505.338
562.849
-243.003
102.386
-174.655
-612.571
-50.267
-42.1524
311.895
590.133
-448.155
-197.31
329.377
101.895
236.631
79.4033
-153.687
-24.2894
342.72
419.4
-522.385
-374.089
494.882
352.795
-470.375
65.5704
531.207
-527.504
-435.738
-118.833
-504.304
-574.449
77.2794
347.784
468.088
-385.362
16.8827
325.51
45.9646
-332.209
74.9376
93.8354
-167.956
-113.55
453.329
536.544
573.741
544.278
403.661
-347.022
-303.399
-291.254
-293.869
459.483
-191.537
-361.127
-604.62
118.451
-532.46
318.594
361.182
-334.605
-152.489
454.908
605.437
550.323
-397.725
335.204
249.265
-535.346
350.616
463.676
393.586
464.439
48.851
339.016
-367.227
-197.201
411.176
418.365
87.5724
-419.073
494.664
-560.943
477.4
529.41
459.047
-290.928
-395.655
-425.826
154.886
-30.988
-547.436
-185.492
-6.97094
205.153
392.605
-480.831
409.597
-211.688
531.915
-474.024
-588.064
-510.403
41.1176
-119.323
300.785
-388.303
-95.5236
-50.267
533.44
-62.3028
131.359
-556.422
-441.947
408.181
-506.373
335.531
-76.5169
-181.081
579.731
-15.9569
-340.813
-556.313
-456.379
499.076
320.173
-461.334
-551.466
255.419
466.127
-581.692
-78.0418
9.80288
112.733
136.696
-246.434
449.68
-164.906
-412.81
-323.658
308.954
-611.046
-226.447
526.142
154.777
-482.52
23.4725
-490.198
-506.7
57.1835
431.054
431.545
21.3485
-368.97
-544.441
-214.574
414.117
300.132
-594.109
423.484
210.871
-52.2276
-517.919
116.219
118.724
431.762
90.84
-372.019
122.482
507.898
106.579
-168.446
-283.467
-442.763
-245.889
-492.05
54.0248
132.067
427.133
32.295
416.132
-599.446
-178.903
456.651
-56.0943
-567.26
321.916
344.462
240.334
-314.618
-393.586
279.219
96.4495
285.373
-117.199
236.304
-135.824
390.808
137.458
476.202
27.1758
463.186
-535.782
-21.9476
165.995
-444.996
36.5974
531.044
-296.047
-438.08
498.749
344.19
-379.154
-312.113
-358.132
-124.66
354.429
-262.99
343.7
424.41
512.201
-601.516
391.516
-511.874
56.4755
520.751
400.557
-473.425
-192.409
-198.454
413.191
267.401
-471.028
548.471
480.123
-281.724
-124.279
172.367
475.058
295.829
-311.895
128.962
-371.91
79.0766
-9.47612
514.76
-534.475
-613.606
292.562
569.82
384.545
353.775
-160.604
-160.277
309.608
-241.478
-323.005
-16.1748
468.033
-221.164
-487.584
-282.759
238.101
-37.3599
-268.817
-373.435
325.347
-290.056
-150.474
-423.539
-130.215
-345.17
86.6466
372.509
496.026
-176.888
281.887
-234.234
-452.457
420.38
-216.371
-562.195
-139.963
471.355
468.741
-135.988
-507.136
357.696
-449.517
-272.411
-537.089
191.374
486.223
-16.7194
504.576
294.685
-417.548
-305.469
135.389
-16.2837
-372.401
-594.98
327.471
-611.754
50.8661
-96.7218
-583.816
-605.437
153.851
-67.8577
-516.939
464.493
-433.669
-293.052
275.025
-52.391
-26.7401
-561.923
275.842
-99.0091
386.125
163.381
489.708
-338.036
333.625
63.6098
348.166
470.538
389.828
-380.297
462.424
-403.225
267.292
-588.609
-388.14
284.447
-380.515
-52.6088
268.708
-472.335
-34.3645
-43.9496
-88.117
-466.345
15.5757
196.167
217.134
-516.557
459.592
510.185
-426.698
179.665
-441.239
19.0612
527.94
540.574
-532.732
-257.543
535.619
-445.759
331.555
-146.662
-347.294
327.852
336.892
276.332
-110.609
-583.217
320.663
-349.037
-499.62
298.988
20.0959
-394.511
-203.954
468.414
80.9827
-104.128
456.161
286.898
253.949
-309.608
-283.14
-578.806
-4.08453
-517.156
-433.723
-105.435
157.663
539.594
227.046
277.258
159.351
-65.5704
-465.964
-389.447
30.3889
308.627
513.616
144.756
-446.902
-343.809
-6.86202
354.919
-522.602
-578.098
-571.018
-62.6295
-194.097
-8.76813
90.241
-297.136
248.067
392.061
30.8791
-294.413
-149.984
-341.521
-132.176
533.712
-456.76
-548.635
210.925
338.036
313.638
120.467
-43.8407
-370.658
-505.938
138.547
227.155
-148.459
518.518
-213.43
76.5714
-279.437
-371.638
-566.824
-36.9242
-179.447
232.927
-410.904
-585.722
443.417
456.542
-425.826
-536.762
-393.15
-371.311
323.005
-247.904
-130.052
-472.771
532.296
-562.359
-7.62446
523.637
-252.206
-237.883
167.738
315.489
-203.737
-590.841
-166.758
-148.84
-554.789
387.704
193.77
385.526
349.473
270.015
-584.361
-428.604
568.567
-212.396
194.751
-565.79
-519.662
512.309
-241.042
-290.165
249.701
85.9386
-495.318
-373.217
-605.655
-551.63
279.709
355.3
-576.845
126.076
-380.352
-72.3235
-380.406
516.394
-56.0398
-24.0715
294.032
300.785
474.841
228.57
-17.5363
280.253
343.155
-236.957
-530.118
-378.391
-368.588
478.653
-428.876
-345.606
82.5076
-153.633
201.286
-555.279
-165.723
-597.104
365.539
-457.958
-336.674
306.177
-529.573
6.7531
-415.152
514.706
-266.638
270.995
208.584
-259.722
-340.432
-438.679
-522.548
-432.634
421.524
522.167
182.769
-442.872
461.716
14.2686
-400.393
149.113
451.532
-491.233
289.893
48.4698
333.679
458.611
491.451
-442.382
67.6399
-294.903
4.13899
404.587
142.36
267.401
-206.242
20.8584
-492.54
523.801
-143.177
543.515
431.218
430.782
468.741
-432.035
-281.561
477.999
464.057
-586.92
2.77748
483.119
-471.192
-503.323
555.388
283.085
-114.04
563.992
-431.871
392.388
-136.805
-590.624
-507.299
-572.815
-83.978
131.468
-490.144
306.503
219.421
-443.907
567.206
369.242
-167.575
-175.962
2.94086
56.3121
-164.634
-46.4548
-223.56
397.997
250.137
-404.314
552.338
219.966
-245.453
54.8961
-561.868
-543.515
547.055
441.674
-215.718
171.278
361.236
6.26295
461.552
396.908
10.6742
-268.163
374.252
254.929
-468.251
390.699
84.5226
-444.942
-364.994
435.901
-557.893
-12.8527
371.965
17.6452
528.539
196.983
-270.886
406.384
476.202
-55.822
-415.043
400.012
-292.126
-513.616
-35.7805
-146.226
-466.345
-531.207
454.963
-475.766
553.917
-360.528
-411.775
93.2907
-475.549
-421.633
453.002
381.713
489.382
328.233
-176.615
101.841
298.28
444.561
43.6773
-55.4952
-450.933
123.843
-589.698
134.844
-33.2753
371.856
-402.735
-346.859
-497.605
147.697
82.7799
-557.621
-519.226
427.024
-74.0117
-152.925
-368.806
-10.4019
206.078
-24.1804
0.272302
237.502
-387.159
124.061
90.6766
-81.4184
-515.849
48.6332
250.627
-451.041
191.592
349.309
-224.486
-89.1518
-224.758
35.4538
495.536
-450.225
429.148
-410.85
-427.188
-452.839
-286.462
-401.482
240.552
-120.358
294.685
-180.863
-5.55497
-459.374
-236.957
445.214
-542.807
-234.18
531.207
-297.517
-549.179
439.441
-467.271
322.624
-452.784
346.532
383.783
591.059
-8.06015
-61.976
-498.912
-218.06
53.9158
-59.5797
243.765
378.827
-81.2005
215.936
475.222
-234.343
480.287
-77.0615
324.693
-256.019
181.68
59.253
-493.412
-93.7809
598.194
-120.085
144.592
-384.872
381.332
-600.971
-297.245
368.806
-453.764
-538.886
468.632
348.22
420.217
-185.982
398.433
523.474
81.5818
267.346
-515.795
3.15871
-557.729
-255.964
474.786
162.51
499.021
317.94
-403.715
-554.68
-415.969
17.0461
549.506
-560.997
381.169
45.42
-560.725
191.701
255.147
-38.3946
-563.666
292.834
-268.98
-407.963
555.006
421.36
-548.144
-495.209
562.141
-562.468
-214.465
479.524
331.446
103.203
424.356
45.1477
160.386
-571.671
15.7391
231.566
125.858
-522.276
-501.581
-209.455
-576.246
201.122
-228.407
496.189
-457.195
-533.168
392.878
101.841
98.2466
-514.107
321.916
-555.17
196.33
455.18
-573.795
-413.137
-19.2245
331.773
-202.375
-412.048
-169.209
255.365
-497.006
-465.528
-286.244
117.417
334.714
-84.9038
-28.7007
-236.413
161.639
-8.49583
-473.479
-153.96
-544.278
548.798
-435.52
-421.96
417.984
323.441
400.448
506.155
-291.309
-572.053
-203.464
-522.494
408.998
435.793
530.663
-51.8463
208.584
-534.42
-553.046
-221.545
192.3
-123.244
445.432
148.786
491.342
566.498
-372.346
589.371
-196.439
220.837
-292.779
135.443
-172.749
-366.737
71.8878
401.864
143.993
142.632
76.1357
-372.183
-337.437
51.9008
381.659
-283.358
-589.371
445.432
213.049
420.761
464.874
532.079
52.1731
396.799
-472.281
27.0124
-320.609
165.07
-38.3946
140.726
-377.465
-287.279
469.013
-40.0829
291.363
-19.8781
-487.04
428.168
223.778
-587.628
-7.73338
-261.465
-291.254
363.142
293.977
124.279
-13.3428
136.641
445.65
-342.121
442.164
48.6876
13.0705
418.746
548.907
162.837
234.452
371.257
-581.801
205.153
386.941
-353.721
295.176
-268.218
84.7949
-88.5527
-399.413
6.31741
123.135
294.468
-300.731
318.321
-585.885
242.621
-578.533
494.773
-111.807
-442.001
-476.42
411.449
-199.543
34.0378
368.479
500.818
-249.538
-370.386
495.263
-463.84
-413.736
111.753
347.893
67.9122
474.841
131.631
-304.652
167.302
-197.201
-336.892
-409.815
247.033
-451.804
-33.2753
-418.583
-530.663
-167.139
194.533
-366.083
-283.957
355.518
545.421
335.476
-2.72302
-350.453
-611.21
542.535
-411.449
-558.22
-554.952
-201.558
270.886
-109.574
226.12
-66.115
-569.221
-190.884
-525.053
-169.535
454.636
-323.332
-145.083
-112.352
-437.372
55.9853
-164.307
328.342
468.85
-205.806
87.9536
331.828
402.789
-469.122
-292.943
66.1694
260.266
-104.727
370.985
312.821
9.47612
-40.3007
558.819
353.013
-143.285
293.814
-378.228
-262.772
533.168
-536.49
437.372
-431
-480.232
509.26
352.631
504.413
410.033
-538.832
-276.877
61.5948
-222.199
279.219
-370.004
449.299
354.592
-559.309
144.701
-109.956
-10.2386
-259.341
279.981
389.392
-425.118
-522.33
-549.996
179.447
-209.183
-416.514
231.566
-566.77
-438.733
395.982
476.638
-294.359
-458.938
-453.383
-608.105
-142.523
448.591
508.497
-481.703
242.24
-143.394
54.0248
293.76
-499.13
-456.27
-224.432
-547.6
425.772
207.331
-443.58
-72.4869
-222.362
-566.116
279.981
-381.55
-537.851
249.32
533.004
461.498
-578.261
-385.907
-540.357
-566.498
-507.354
228.407
-55.8764
-5.66389
204.935
-551.194
284.828
85.7752
-461.607
189.74
-408.944
393.858
-503.106
-270.832
-407.636
490.743
-85.3395
292.344
512.037
-521.568
414.989
370.222
-442.219
-89.0428
-505.665
-348.547
-407.854
549.343
-82.562
-307.593
-52.391
215.391
128.636
251.335
-423.049
-369.405
168.991
-16.2292
-106.851
-598.139
-56.0943
-563.938
309.608
-424.192
554.843
-569.711
-411.884
-431.49
-337.6
441.456
-334.877
-424.628
-469.449
443.471
397.779
-127.546
329.595
392.333
68.5657
396.69
163.49
-548.471
33.0575
-56.9656
500.655
-503.432
-380.352
-582.346
427.188
-575.102
42.2068
287.987
145.9
-350.235
280.853
14.7588
243.493
146.39
-334.333
-404.369
461.389
539.485
-565.899
-427.569
-275.461
-354.538
88.2259
434.268
216.644
117.689
-472.009
-255.528
198.182
112.679
43.8407
-415.479
407.963
290.764
-468.142
-630.598
0.925828
503.215
378.391
-480.014
-423.866
-229.714
-335.858
-381.604
242.894
-509.859
153.034
-50.7027
-248.449
151.672
288.531
-480.396
-437.59
-289.403
-12.1447
-597.377
548.58
-510.24
408.181
247.958
-190.503
-524.454
511.275
398.868
-531.97
530.826
473.316
413.79
555.333
285.155
-125.64
-580.712
-45.3111
-139.854
465.147
-528.375
-320.173
241.913
-249.211
-360.147
-15.5212
427.406
502.18
189.141
-538.832
-575.048
435.085
-153.197
487.802
-418.801
-345.497
-463.785
-73.7394
485.297
357.914
-415.043
-443.689
-58.1638
-274.154
-417.603
-395.111
-364.667
-511.547
-366.628
95.5236
-224.54
413.79
434.322
-298.77
-443.036
203.464
162.782
-246.706
-163.708
259.232
81.8541
35.6171
-475.167
495.699
-51.683
-388.249
-333.951
520.315
401.755
-9.3672
444.724
394.185
-544.822
-345.824
425.881
-454.037
-570.201
-43.7317
9.9118
414.008
497.986
38.9937
-68.2934
215.881
546.184
-461.117
391.788
-400.121
209.836
320.119
458.829
-118.506
350.017
308.573
-512.963
419.128
-184.566
40.9543
10.1296
-18.2987
-522.167
160.713
-530.935
-216.426
-519.716
-327.307
-575.211
65.5704
75.0465
-532.569
223.07
502.18
382.421
-585.178
-510.839
533.821
-4.24791
-229.115
-83.2156
-233.744
-0.381223
571.998
138.438
167.629
-283.576
-555.551
-357.261
-351.488
408.127
-401.973
357.152
-383.619
-95.5236
-500.655
-489.218
-368.534
-557.947
-292.562
533.985
560.725
-341.304
-407.146
511.493
349.527
-506.319
-490.525
-574.176
-157.173
139.582
518.736
258.633
-340.269
156.356
-123.789
546.728
-328.07
373.98
156.247
-486.604
-483.663
186.309
356.498
444.561
-493.684
114.803
328.015
-445.214
118.016
-415.206
337.6
132.611
-563.938
173.293
480.014
-354.701
-124.66
-419.836
577.444
-495.917
-379.535
227.263
-75.2099
88.8795
-240.116
-195.622
-315.163
516.557
185.274
251.008
-587.737
-476.965
-81.9085
-441.293
405.948
-357.533
377.03
-146.825
444.016
-418.311
515.795
477.182
-561.705
-482.846
-450.279
527.123
-534.965
-152.707
449.299
-39.6472
-239.735
-515.686
-509.042
555.878
57.6192
-476.801
339.234
-260.375
-138.221
257.543
-209.128
156.41
-181.626
-468.469
27.0668
529.846
481.757
246.869
229.551
-354.755
493.248
216.371
-502.888
-183.477
-448.046
82.5076
-384.818
-446.521
-124.17
-602.169
-207.984
350.017
296.592
-67.9666
-151.019
-287.388
-411.449
-16.7194
-134.681
-124.497
-293.977
23.6358
-226.392
-221.491
-495.372
-120.249
-438.352
526.796
507.953
-80.6559
-443.363
491.233
346.151
-191.919
280.199
-315.435
232.437
-385.253
428.767
-243.384
320.391
-518.681
43.1327
-97.6476
344.571
-522.548
285.373
-466.29
224.54
88.2259
45.3111
-556.64
488.891
-23.0912
-57.4558
294.25
211.307
-498.912
-488.129
451.967
317.668
-329.431
-256.073
140.018
-259.286
237.175
-413.464
363.796
507.571
-275.025
444.561
492.595
-107.723
-504.195
533.222
213.539
517.102
-112.352
180.482
52.6633
-515.686
149.331
-421.851
571.127
192.572
-145.3
-276.768
-51.3017
-198.127
348.438
-20.2593
46.9994
-251.771
-255.528
-403.661
-321.643
567.805
-210.381
155.866
174.927
-470.974
517.647
-599.936
-239.626
-514.869
-60.3966
409.434
-470.266
507.408
489.872
177.704
523.093
428.277
-84.5771
169.209
-99.826
-575.701
147.152
587.574
-224.377
-435.629
-178.957
347.076
-511.166
-23.9081
-135.552
415.806
-427.787
455.126
-387.595
574.449
315.272
303.998
-469.885
-70.0361
237.23
350.671
510.185
334.224
-492.704
532.569
375.45
536.817
-238.428
234.616
-560.452
373.109
238.482
-229.006
540.956
-568.24
2.99532
11.8724
-275.352
-175.526
-547.164
494.174
441.13
-98.2466
-357.043
-563.557
276.223
-604.293
460.735
480.995
64.7535
200.469
545.912
-51.0294
-203.682
415.37
-169.535
174.6
309.281
504.631
-249.919
-590.079
417.385
203.737
458.012
270.723
124.551
-481.594
512.309
352.032
283.358
87.2456
-466.127
354.156
438.298
-402.517
126.621
-610.066
-266.693
-540.302
-498.368
-522.929
-551.466
169.971
-321.153
-498.912
515.632
-343.809
199.325
-90.0231
287.715
522.657
-230.095
108.921
-186.799
131.903
-540.084
-347.349
-531.371
-72.4324
223.016
-328.941
-483.282
-25.4875
-23.6358
-90.0231
-88.2259
-200.36
497.823
401.265
-458.503
-182.824
211.252
-454.037
-559.145
-542.045
-401.482
535.128
-299.206
-369.405
-445.595
-510.839
-257.38
-364.722
-582.291
140.345
501.907
376.757
432.906
-309.499
-263.915
224.922
-568.73
318.43
208.366
-427.569
-291.146
536.163
205.153
-551.684
540.738
155.049
26.1955
401.755
-516.503
55.0595
-365.539
-494.882
566.116
-366.247
-527.449
-54.8417
394.185
193.226
244.963
52.7722
509.205
336.783
339.888
-82.1264
434.703
171.224
-385.852
-123.135
366.355
-202.647
-543.461
241.968
-471.083
265.604
-554.734
-556.477
532.623
-470.103
562.849
-500.927
-393.912
518.463
-448.591
-425.554
513.126
-582.4
-483.99
-563.067
-501.091
130.868
-349.418
-260.484
-494.337
474.786
281.778
277.803
250.028
58.2182
139.092
-505.992
21.0762
345.987
-324.094
-435.248
-594.381
-612.135
55.2229
130.16
211.633
490.525
-537.906
-233.962
-153.633
-303.78
383.293
358.785
-238.591
-0.326763
562.25
-492.54
489.599
264.024
-518.572
-21.8931
-435.357
-311.568
-562.958
-525.979
191.864
-371.093
194.751
163.599
-339.506
225.793
510.24
5.60943
120.575
-16.8283
128.254
-414.226
394.62
360.092
292.453
414.607
429.911
236.903
-487.258
-98.9002
389.283
494.828
459.265
364.939
-253.023
-0.925828
-165.124
-185.656
-403.171
-409.869
-5.11928
484.861
-484.589
468.85
-136.805
-530.499
446.957
-43.6773
257.108
-407.146
-20.2593
82.671
331.555
503.378
-138.874
-343.918
202.321
226.174
308.9
-223.288
381.278
-208.529
310.969
12.7982
-463.731
122.155
320.336
-459.102
-186.2
-42.8604
-482.846
-573.033
227.427
-435.411
-114.04
-547.11
181.571
-134.79
-69.6005
395.274
215.337
39.0481
-538.233
407.745
13.3973
-563.992
473.152
402.081
462.75
-228.57
480.232
455.997
450.333
350.78
209.509
358.894
394.947
299.532
-542.426
-570.637
330.085
-48.7421
-209.782
49.559
-94.9246
-251.226
-368.915
14.0508
427.841
331.337
254.875
290.002
-429.53
-607.234
374.034
218.713
-123.298
-335.422
446.848
-547.327
-366.737
343.537
564.21
-484.589
208.475
158.643
-206.187
515.414
-511.166
515.25
281.343
251.88
188.978
-395.328
-547.273
466.889
424.41
-557.893
301.765
-200.796
-50.1036
257.053
-128.145
416.786
-554.298
-237.121
578.969
-10.0207
253.568
-121.991
536.163
-358.023
436.555
171.441
287.224
546.075
-486.005
246.597
-522.711
-102.277
522.276
-176.016
337.491
-517.156
-549.669
-578.479
-270.342
-295.067
-483.5
478.707
557.239
214.52
-397.235
-465.201
427.95
-434.976
-422.45
-320.826
-360.909
262.445
-489.055
-292.18
249.701
115.511
-219.966
502.67
312.385
-13.9963
401.7
-299.859
-279.328
-552.882
-28.3194
-385.634
378.01
459.319
433.233
386.451
372.292
355.3
40.7364
-166.322
-586.212
525.053
240.879
188.379
54.0792
-520.969
-96.3405
73.685
-559.2
-4.73806
-116.654
-182.66
-32.9486
190.23
3.86669
333.298
245.508
146.608
-438.189
-402.354
-375.124
-413.409
-498.531
-600.917
-359.003
155.975
-488.946
-556.368
167.194
-70.1995
28.5373
-32.0227
243.166
-484.317
516.83
-193.552
245.235
-429.856
444.397
-165.233
-360.474
-512.527
79.8935
55.7675
-471.682
383.075
-150.747
-468.251
547.11
274.317
457.849
-262.118
51.574
-131.849
-425.282
556.313
72.2146
208.093
-474.95
149.984
-225.031
-367.662
-574.122
-562.74
-170.407
488.238
7.18878
468.632
-537.906
394.729
-36.6519
542.208
-290.928
582.073
-194.478
373.925
290.928
404.641
-422.94
48.5243
-549.125
-206.024
-321.861
91.8748
-452.24
307.756
-224.05
-188.705
291.69
7.2977
-122.155
16.4471
125.913
-263.316
445.105
375.723
-2.3418
-455.834
-370.386
-124.714
-88.5527
164.579
22.6555
444.125
-456.869
-423.103
437.426
478.653
-26.6312
-394.457
450.007
112.842
-264.188
242.186
104.019
-586.539
-300.458
44.6576
-487.966
-24.0171
-21.294
-589.425
419.727
-86.81
-368.262
-594.817
548.308
363.415
-96.9396
-525.598
-364.231
-32.0772
69.8183
-405.894
477.074
194.26
367.989
-15.14
-124.17
-61.6492
601.407
173.565
500.437
-16.9372
-59.1985
-568.676
-178.304
-567.914
183.314
255.093
210.544
243.384
-39.0481
226.229
-178.794
0.707986
243.003
50.4304
360.8
-28.3739
592.475
-5.11928
-609.412
335.749
-97.2664
-36.7063
-247.087
-232.601
-88.0081
-408.072
-143.612
170.189
426.153
399.903
-128.2
-366.846
-226.065
374.198
-224.377
198.29
-563.012
199.216
505.829
-490.09
472.717
478.816
-570.038
176.397
342.121
-381.55
-139.038
-525.162
-5.33712
258.143
-416.296
518.082
-73.4671
-430.455
-323.658
32.6763
-285.808
-206.187
374.633
-262.826
-116.709
234.779
185.765
480.668
-183.477
-58.545
-314.346
392.823
526.85
8.49583
519.226
165.723
221.981
-314.781
-254.004
-301.602
392.224
-584.796
218.495
257.87
348.166
224.595
552.229
-406.656
485.515
166.921
-272.683
532.895
123.462
498.476
-545.585
549.778
28.3194
135.171
218.386
393.695
64.2089
348.71
202.484
527.885
539.757
514.76
534.856
-393.368
-21.1851
463.785
-25.1607
113.55
315.38
-595.579
505.502
-116.927
366.41
-95.9593
-548.417
-511.601
-120.63
421.252
280.853
519.389
-4.6836
483.772
-324.421
102.059
-3.48547
539.158
61.7581
-325.673
355.354
-242.785
566.171
