1445.71
-1097.14
708.571
4537.14
1125.71
-228.571
508.571
-1005.71
-748.571
1051.43
-1291.43
-4171.43
-177.143
577.143
737.143
1891.43
-1905.71
-2034.29
-2.84217e-14
171.429
-2788.57
-3257.14
165.714
2120
-4354.29
-3154.29
-1497.14
-4668.57
1771.43
-2508.57
-2525.71
1108.57
305.714
5737.14
-3977.14
897.143
-2022.86
1765.71
-3154.29
582.857
-4142.86
2371.43
-3022.86
451.429
-1497.14
-2245.71
-2971.43
-211.429
3425.71
1497.14
-817.143
-1422.86
-5268.57
965.714
-634.286
582.857
-8537.14
-1165.71
-1182.86
-4777.14
2302.86
1377.14
68.5714
22.8571
-2828.57
-5400
-611.429
1045.71
-851.429
-1902.86
-1388.57
171.429
931.429
1097.14
502.857
5274.29
-880
11.4286
-2308.57
74.2857
-1920
-3645.71
-1565.71
-617.143
-2914.29
5097.14
1497.14
-262.857
-2668.57
1365.71
1862.86
-2611.43
-2862.86
994.286
1377.14
-1045.71
1314.29
-3411.43
3080
868.571
-1548.57
-485.714
1897.14
-628.571
3708.57
4188.57
1371.43
4777.14
1617.14
-2462.86
-771.429
3034.29
371.429
965.714
1674.29
-4222.86
234.286
3662.86
2657.14
-782.857
-1611.43
-1342.86
-4045.71
3605.71
754.286
-2434.29
2480
2205.71
1914.29
-1800
3125.71
-3805.71
-754.286
-4440
4331.43
-914.286
-7400
1554.29
1708.57
-1228.57
177.143
-1062.86
880
5331.43
1994.29
-640
571.429
491.429
120
-1005.71
1354.29
-1297.14
-2674.29
2714.29
-17.1429
-4085.71
1262.86
2057.14
891.429
-245.714
-1005.71
-800
-982.857
3880
2251.43
948.571
1257.14
5400
451.429
-4657.14
-1297.14
-1491.43
-1591.43
565.714
-2280
-3057.14
-2262.86
565.714
-2617.14
-1474.29
885.714
1560
2537.14
-3045.71
825.714
3114.29
-1257.14
2814.29
-1731.43
-3760
1777.14
4594.29
1337.14
-1102.86
3051.43
3097.14
-777.143
3017.14
-354.286
4142.86
868.571
3085.71
3182.86
-2251.43
-1640
-5000
-765.714
365.714
468.571
-714.286
834.286
-1822.86
1234.29
-1228.57
-3788.57
-1554.29
3611.43
1548.57
-2148.57
-5685.71
-3537.14
3314.29
3491.43
-3285.71
4302.86
-857.143
245.714
2074.29
6062.86
108.571
1897.14
5085.71
-1177.14
2668.57
62.8571
1440
394.286
594.286
1045.71
1468.57
-868.571
-388.571
-1280
1680
-137.143
942.857
2531.43
565.714
-1640
3577.14
2062.86
3154.29
-440
-5377.14
-2234.29
2291.43
194.286
388.571
2782.86
1302.86
-280
3514.29
-1485.71
-51.4286
-2794.29
-1382.86
1788.57
-3137.14
4525.71
22.8571
297.143
-4777.14
-4497.14
97.1429
171.429
6000
171.429
17.1429
-1514.29
-3377.14
114.286
-560
-451.429
-1177.14
-1302.86
-702.857
554.286
-1097.14
91.4286
-542.857
-3388.57
-4491.43
2765.71
428.571
-3697.14
285.714
-3320
3400
1868.57
5885.71
817.143
3600
1800
-34.2857
1085.71
2462.86
2554.29
2674.29
-1720
2262.86
-674.286
-1485.71
-1902.86
7428.57
-314.286
-57.1429
1702.86
-2011.43
1594.29
-1645.71
-3977.14
-3297.14
725.714
-1108.57
-91.4286
-3582.86
794.286
-2211.43
3331.43
-1645.71
-1611.43
1708.57
-411.429
2800
-2874.29
-1708.57
457.143
-4834.29
1360
-1508.57
5160
685.714
1114.29
-965.714
-4697.14
5445.71
2960
-234.286
1702.86
-2468.57
1765.71
-3262.86
57.1429
560
874.286
-5.71429
-2828.57
1217.14
-5674.29
-2120
520
-1742.86
-2702.86
857.143
-3748.57
2782.86
2337.14
1368.57
468.571
988.571
-2148.57
-291.429
-274.286
-3525.71
2485.71
1080
-3017.14
-205.714
-1245.71
5068.57
-2142.86
-1977.14
3588.57
268.571
2931.43
-1360
-565.714
-3268.57
-2874.29
4091.43
-2742.86
-2011.43
1268.57
325.714
1417.14
3617.14
7342.86
645.714
4708.57
-2377.14
