144.514
-144.777
-144.651
-4.16571
-37.2971
144.526
-145.006
78.1143
-144.211
-144.954
33.1257
145.617
39.4229
-143.406
144.634
144.834
13.48
-25.2857
-29.1829
144.057
-26.3486
-145.36
-144.983
-144.423
-58.4914
86.4743
-144.8
-144.069
-144.531
-71.0857
145.029
3.27429
125.177
-145.103
-44.1314
-145.531
8.08
145.074
32.7143
144.777
-144.863
-145.263
-145.126
144.566
-145.143
-0.228571
-145.046
-143.269
145.36
144.954
144.691
35.8514
-144.829
143.314
144.566
-145.269
45.3314
-32.0914
145.074
-146.046
-145.2
37.5886
-145.04
-12.1657
143.943
-144.891
144.874
-144.366
144.451
-145.766
-144.463
7.39429
144.594
-145.086
-26.9543
141.72
145.406
-104.994
56.5429
49.1829
-0.44
-135.04
-145.731
145.154
37.6686
-143.834
15.7143
-145.269
5.48
-143.76
145.309
8.06286
144.669
41.8686
-145.394
145.229
-144.777
7.77143
-144.514
70.1029
32.8171
144.954
48.76
-144.76
-104.08
30.6229
116.863
-144.486
144.56
-145.469
144.92
4.98857
-145.737
131.771
35.8343
-145.097
24.96
46.8629
-4.35429
-145.314
18.9771
129.989
144.64
134.046
145.526
-144.777
144.56
-145.206
24.9143
144.874
46.72
144.549
-144.977
-65.3714
-34.3657
-144.794
34.7657
-144.669
-145.629
139.006
-122.697
-145.04
-36.8571
-17.2857
-144.006
72.5543
-32.8
143.183
127.731
-144.731
87.6571
-145.097
-144.217
143.32
-144.526
6.58286
-39.5371
-144.88
-46.1429
-35.1543
145.331
145.16
-117.423
55.4914
-36.2914
141.743
-108.663
144.806
-145.017
-41.3543
-144.411
144.977
144.703
145.297
-144.857
50.0629
100.446
144.034
4.73143
-145.309
145.086
-145.297
-3.85143
37.1486
145.486
-42.2
-145.103
36.4229
-145.44
-145.457
-75
-145.291
-145.623
-143.714
85.4114
145.063
-136.446
145.646
26.6
145.097
5.53143
-4.99429
31.3943
-145.274
143.349
128.217
-144.251
-144.554
-16.0743
-145.623
145.526
43.2914
123.771
143.371
144.234
-1.09714
-109.126
144.971
131.286
143.8
26.0686
-143.931
-3.70286
-1.89714
-1.13143
143.349
144.806
-45.0057
67.5771
143.52
143.646
132.24
-144.823
144.84
-144.629
-145.006
-65.5486
144.891
134.531
-0.0171429
-145.011
-29.9771
-144.274
144.331
144.309
143.331
3.61714
145.229
39.6686
144.577
-144.354
144.886
-145.04
119.326
-145.806
145.44
-49.8857
-144.954
7.16
-145.32
143.994
133.943
145
-145.326
-136.537
-144.983
144.834
-17.1771
-144.4
5.73143
144.297
-145.137
144.869
144.903
-145.314
144.314
-145.177
42.3771
-21.7714
-15.2857
-42.1714
144.903
145.611
144.897
-143.246
26.5086
27.6457
-131.64
144.897
-144.6
-145.411
-145.143
-144.966
-40.6
15.3886
24.6114
37.8
42.6571
-20.3829
23.5829
-22.0743
144.594
-144.971
-144.72
-145.571
41.4457
-144.657
144.88
11.56
-111.709
143.737
-145.166
39.72
-145.029
143.829
-126.246
144.166
144.629
24.6343
-144.943
-127.417
-0.491429
-29.8229
-145.366
145.017
144.509
144.634
145.171
16.0571
18.04
-25.3086
-23.7486
144.497
-29.6343
120.114
145.011
-37.7943
144.554
-145.457
-10.5314
145.143
-31.5886
28.4286
-55.6914
144.766
145.223
102.371
143.011
-145.48
144.56
-66.7771
5.81714
145.011
92.4286
-144.423
144.869
144.194
136.08
26.0914
-144.651
145.211
-145
144.651
-144.886
42.0857
-145.086
144.937
144.486
-145.571
143.806
-144.629
-145.503
-45.1714
144.171
144.017
144.931
44.2229
-28.4171
-145.531
144.857
144.743
-145.011
144.891
-145.206
80.6114
144.486
-16
144.183
144.754
132.103
142.303
-145.103
-0.12
-7.25714
-144.097
145.131
4.54286
142.914
42.2457
143.697
-145.183
-144.983
-145.257
-129.966
33.3029
143.966
125.48
144.549
145.034
-144.6
145.44
132.411
144.68
145.4
-58.1371
22.6686
94.9429
-145.194
-56.6743
137.451
145.234
-27.3314
-23.1257
84.9314
143.491
-45.4286
-55.5943
144.577
144.326
144.56
32.6857
145.371
143.823
-145.766
-129.057
144.429
-48.3029
-143.783
22.8914
-144.863
-58.3714
144.851
-145.04
-145.474
-145.257
145.663
-145.406
-16.1029
-46.32
-145.349
144.571
145.24
144.891
143.703
144.743
-145.206
-145.48
-126.56
-144.617
144.246
-86.4629
-144.206
-145.166
30.2629
-132
-26.6629
-145.017
39.8286
-145.183
16.5829
-8.67429
134.08
-100.72
-145.88
145.423
-43.0229
-144.194
144.811
-144.463
27.2971
145.103
-144.76
-144.949
17.8171
-113.469
36.8114
137.554
143.846
145.086
144.474
-144.971
145.771
-47.5886
-17.2686
-145.474
-145.137
17.5943
-145.011
145.331
144.726
-145.24
-144.96
-36.2171
144.131
144.48
-145.2
46.9486
-144.337
-145.623
-62.0571
-144.474
144.137
27.5714
-145.349
99.2914
-38.8914
144.977
-145.451
41.2914
146.12
-144.497
9.58857
-18.6857
-19.8114
-144.36
-145.006
123.497
144.411
-143.531
144.777
143.846
61.2457
144.983
23.7371
145.16
144.137
21.4457
41.4571
-19.3714
-145.806
-145.051
145.726
16.9943
144.674
-145.366
143.583
144.971
55.4
112.834
133.811
-28.96
-129.68
-116.497
144.966
-144.514
144.794
-144.509
-1.41714
-132.714
103.034
-145.154
-145.366
145.48
-48.2229
53.4343
5.37143
-145.526
-1.94857
143.789
49.2114
143.811
-145.183
106.657
134.474
136.171
-144.766
-144.72
144.971
-145.543
-7.35429
-13.2229
-35.8057
144.703
7.60571
142.211
-26.5371
-145.76
67.2914
42.2686
122.36
55.3371
-144.749
87.4114
-27.7371
-133.166
144.046
-144.731
16.4343
-1.98857
145
31.7029
16.2114
144.554
-144.994
63.4571
-145.131
-145.16
97.48
-74.0286
-34.5371
-14.4114
41.9257
-145.074
-40.0343
144.097
104.4
-128.8
143.24
17.3429
29.8457
145.297
-144.309
-48.6229
-144.091
106.469
87.0343
16.7771
-144.926
-144.423
-145.274
145.657
-2.04571
-71.2686
-145.029
144.571
-145.731
138.526
144.68
-46.7029
-144.874
30.0857
9.42286
-145.126
-38.2514
14.2171
-87.2743
145.223
56.1257
143.44
145.04
136.131
-144.663
-144.674
144.851
144.211
144.977
144.086
144.977
-143.966
144.92
-145.434
-16.2229
145.251
66.7486
-7.25143
-144.234
-140.743
144.566
144.594
-144.971
2.47429
38.1771
121.417
-41.52
-142.851
-135.834
145.394
-143.971
-144.943
144.423
143.366
23.8114
-144.646
-145.589
-145.057
144.834
39.4229
-145.417
-143.771
18.2286
-143.469
58.7371
2.24571
-144.354
145.6
144.726
20.2914
137.84
3.73714
144.726
-144.646
-47.9829
-44.52
-51.2286
144.309
145.131
143.531
-145.354
112.354
-145.789
-12.9886
145.566
-35.0629
-112.691
-144.594
18.1086
-114.074
144.823
142.851
143.754
-144.84
17.9314
144.183
-62.2
-143.92
-144.069
-44.4286
-90.3257
143.64
-145.394
103.011
144.846
143.297
145.069
-39.4171
-144.566
145.103
-135.086
144.869
-144.28
3.45143
103.24
-145.371
142.349
-144.783
-145.571
-144.491
15.0743
-144.84
143.8
-144.469
-145.543
-144.634
-145.143
144.651
123.314
-16.3543
145.034
4.60571
7.78286
55.3886
144.863
14.9543
-6.08571
-41.6457
-145.509
-18.72
140.634
143.863
1.04
-143.366
-144.16
-1.79429
-144.783
124.131
-144.349
-145.834
-120.251
-0.354286
145.789
103.154
143.909
144.446
39.0286
7.08
143.349
144.606
-141.914
145.703
-18.08
34.2629
-145.08
144.611
65.16
35.9086
-145.623
-145.611
-8.65714
144.726
-144.217
145.126
23.8971
109.194
32.1829
-39.5371
143.057
144.286
-144.046
-145.206
13.8914
109.177
17.3943
-144.366
57.4343
145.034
144.629
144.96
-145.217
-144.966
-145.251
111.274
22.4914
-19.68
-145.703
145.137
-145.091
-145.286
-12.6914
-145.611
-5.09143
-145.469
-145.577
6.65143
-145.303
8.85714
-144.286
145.491
144.206
144.971
-27.1086
145.549
145.663
125.72
43.1429
-144.874
139.269
142.686
47.8686
51.52
-144.394
-11.96
-145.451
5.16571
-145.846
145.097
28.2914
145.034
-145.526
144.891
-144.617
144.509
-145.446
13.6
141.834
-144.943
-137.229
-144.143
144.726
-145.371
2.33714
39.3314
144.914
-145.297
-69.3029
-143.594
143.874
-15.5829
25.4286
-72.4286
-55.0229
145.211
-93.5143
145.291
145.566
-144.137
-144.96
53.6571
143.909
-137.063
-143.88
-132.886
-144.914
-129.274
142.754
-7.48571
-144.446
145.011
-131.366
145.709
144.823
-145.131
-145.491
143.2
-144.451
145.297
-64.7829
-145.703
-89.7429
107.863
144.451
144.623
8.62857
-113.303
145.434
-145.08
145.229
145.006
-29.6
-35.7943
-145.674
-22.9371
95.6229
-56.4571
144.023
-11.1371
-124.389
-144.217
-52.92
-144.783
144.131
-123.017
25.2286
-145.051
23.7429
145.577
-145.177
-144.4
-47.9886
69.0514
-145.24
145.371
28.2857
144.823
-145.257
144.583
-144.56
145.314
-101.097
144.154
-145.52
-144.154
-144.131
-145.12
-12.28
-145.566
-41.4
145.2
42.9543
144.977
-145.4
-14.5829
-145.126
37.6914
144.383
145.526
-144.783
-89.9657
-134.411
43.3314
-145.326
-59.2114
-145.057
17.2514
119.429
-144.434
62.9143
143.703
-145.131
-145
-145.023
144.417
30.2229
10.16
7.45143
-145.091
37.5886
144.503
51.32
-144.937
-144.863
144.257
144.931
-145.16
-143.817
-5.96571
144.457
144.806
-144.937
-30.2
40.72
144.48
145.326
-144.263
-145.126
-145.131
-145.731
0.714286
-144.869
145.326
-144.674
-145.697
144.623
144.971
-144.874
-3.82286
67.9257
-143.8
144.257
-145.114
-144.451
144.269
2.70857
-145.411
-144.754
117.217
140.326
-144.423
-144.326
-11.9714
-144.96
121.206
144.257
-144.611
-86.0686
-145.2
-144.726
7.39429
-144.989
-144.023
47.9371
-17.6857
144.623
143.629
29.3086
-144.571
55.5029
-144.423
-144.926
-144.469
132.251
-145.389
140.086
-145.503
145.194
-23.3829
-145.057
-145.32
-123.331
145.137
14.7086
145.194
-145.994
-145.811
-74.0629
-145.777
-144.503
-114.251
143.897
-145.217
-0.668571
-9.59429
43.8229
-59.96
-144.84
-144.697
143.497
144.731
144.817
-95
-24.6571
-144.171
144.697
-144.571
-144.783
18.6914
42.6629
-21.1371
145.097
-145.354
-33.0171
-144.509
143.28
-34.4171
130.766
144.229
144.206
-144.52
-144.691
-8.72571
-144.046
144.651
34.9543
-145.337
144.131
128.834
-25.4457
144.657
143.989
-144.954
-140.674
97.0914
-116.891
-34.5371
7.49714
145.291
145.32
-80.7829
144.023
-3.96571
144.64
-144.663
13.8743
139.691
-145.211
-145.246
-145.674
-29.9829
-144.703
21.1029
-144.686
144.937
54.6286
22.0114
-126.874
144.977
145.457
-145.474
39.4743
-145.046
-145.474
145.2
145.154
107.663
4.50286
-2.56571
-144.389
108.886
145.383
-144.52
35.3086
144.989
-144.846
-144.406
3.62286
-144.474
40.9714
145.406
-145.263
21.8343
-145.549
144.537
-144.463
-106.983
31.9829
145.32
145.137
-23.8857
144.949
143.189
145.097
-144.56
144.211
-144.766
143.663
143.451
-145.474
129.6
1.76571
-16.7029
-145.406
-23.8514
-144.966
-144.686
-144.817
129.829
2.36
143.44
145.526
-145.303
-13.9314
139.646
-145.251
-144.091
145.091
-144.989
-31.0686
-144.68
144.4
144.937
-144.789
143.749
-145.731
-135.234
145.057
143.657
-144.097
106.44
-3.82286
-143.726
9.82857
144.44
-110.634
-145.337
-1.87429
19.6
145.274
-145.823
132.474
144.091
144.943
144.903
-145.074
-126.851
32.5257
17.2514
0.497143
72.44
-122.4
-145.577
145.097
144.851
-64.4743
132.817
12.8629
143.48
-144.88
144.543
-145.263
-143.84
-145.269
-144.857
-143.349
139.789
144.234
-42.1086
119.269
116.183
145.303
-10.7771
143.903
26.3886
-145
-145.097
138.206
-143.76
34.1543
145.349
-145.2
2.49714
-3.19429
-144.817
45.1429
-35.4343
144.657
144.72
128.566
-145.114
144.514
14.3829
144.434
40.76
-145.383
133.674
-5.00571
-111.583
-144.08
-145.263
145.24
-13.36
49.6743
144.429
-89.1486
-46.8686
143.869
-28.0457
132.937
-0.422857
-144.88
-145.034
-15.6114
144.617
144.474
-145.543
-139.891
-144.84
-10.8343
-1.69714
130.943
83.6229
-143.68
145.263
-145.589
18.8286
-45.2057
28.5943
145.16
33.0229
145.469
-145.514
-145.874
-43.3771
23.5429
46.7543
-22.3029
145.051
-145.24
6.26286
-135.971
6.04
145.217
23.4171
13.5886
145.76
-145.217
-1.79429
-131.503
145.514
26.3486
-145.154
-41.2686
144.566
6.22286
145.657
144.263
-145.32
-144.697
144.669
-144.714
-145.08
-27.0229
145.566
-145.537
143.851
-143.343
145.606
144.606
-25.6057
143.326
144.257
-145.126
9.58286
-145.743
144.303
-10.2057
144.937
-144.709
6.50857
-18.1486
123.069
143.771
144.64
145.714
79.4686
67.5543
145.537
133.217
-145.406
144.903
18.3486
-145.091
144.629
-144.789
-25.9714
-145.337
-31.1143
144.549
9.45143
-38.0857
-16.6457
145.017
14.0686
-144.126
118.811
145.617
-23.6114
61.7543
143.909
-144.966
-145.08
-144.686
-145.417
15.72
145.314
145.069
-144.509
6.8
144.966
3.49714
-144.783
131.12
-145.4
-145.509
-47.7886
145.229
-144.731
144.377
-144.817
-145.206
-144.343
-135.577
145.131
-144.863
17.7829
10.2343
145.109
-115.331
-144.251
-18.9029
-145.023
144.937
-42.6457
144.731
117.091
-145.051
-18.2057
-145.24
12.48
68.7257
-49.3143
-144.611
144.611
144.731
-145.794
42.7486
-44.4914
65.6971
-145.509
34.7543
145.749
-145.269
144.531
-139.109
144.829
143.651
-145.131
144.966
-144.103
-145.389
145.206
-16.5657
-144.269
7.41143
143.183
-144.554
-144.726
143.663
14.8857
-144.686
-16.4629
-145.029
-31.1371
145.114
29.6686
143.32
-145.343
-145.423
-144.926
-145.36
49.1029
144.531
145.863
-140.491
-143.651
-27.2
-19.9371
145.394
-136.566
-66.8971
-145.337
-145.166
8.73143
144.44
-145.726
-145.24
-135.846
-144.851
-145.229
145.457
55.8514
144.371
116.337
144.674
144.611
-131.274
7.25143
144.777
117.657
-144.806
-144.52
-145.097
-139.263
144.251
145.52
-144.491
-13.2971
-145.611
125.56
144.989
25.2629
144.777
7.79429
-145.046
119.457
123.663
145.737
-5.90286
-145.531
144.629
-118.509
-144.331
39.6743
-144.68
-145.337
143.937
138.354
3.80571
13.5714
-95.3714
-145.469
-55.6171
44.0343
-26.8629
-145.154
-12.0171
9.54857
145.211
-145.331
-144.663
13.56
-18.6686
-145.086
-142.68
-14.2857
-38.5029
-26.2057
144.04
-131.251
-3.64571
-131.954
-10.6229
-144.4
-4.04571
-145.183
-11.7086
132.291
51.4229
129.16
-40.8286
144.486
144.857
-145.137
-21.0629
-8.09143
143.754
12.6514
126.269
145
-144.84
-56.7029
16.1257
-145.171
145.251
145.537
142.726
121.371
145.04
-0.725714
-13.6114
81.0743
-145.251
51.7771
-145.737
144.634
-12.5086
-10.5829
-145.771
144.451
6.54286
-10.44
-145.577
-145.92
-120.046
-46.4114
145.291
145.291
9.80571
145.04
-145.486
144.577
-144.8
-23.3029
-7.49714
-145.24
2.25714
104.686
-145.2
-144.651
-145.394
-144.32
-143.817
144.446
17.36
-145.891
-145.703
-72.7771
-144.32
144.783
144.371
-24.4571
144.623
144.777
5.78286
-112.206
-145.4
-20.6286
27.9543
145.434
-144.811
-145.491
-12.3714
82.0514
-144.349
144.651
-32.6114
-145.4
-144.6
-17.2743
-145.04
-145.12
1.49714
32.0743
-28.8343
144.526
143.914
-6.34857
-103.269
2.92
144.56
-143.777
-145.446
144.943
-7.61143
-144.903
-22.8171
3.13714
-145.274
29.4857
144.4
-144.851
-145.086
144.914
-145.28
-46.8686
-144.16
145.274
-144.76
143.72
144.891
144.903
144.343
-7.51429
-144.469
-138.097
27.9714
144.914
-145.537
11.3886
-144.36
43.3829
144.617
-145.491
-57.1714
-144.611
-144.743
143.006
144.869
43.2971
62.4114
144.114
-115.703
-26.6743
145.24
-145.217
-144.56
144.903
6.21714
-2.81143
-145.263
74.1714
-145.114
144.606
-145.097
103.72
-145.194
144.651
-51.9086
-131.183
-145.314
4.32571
-144.669
28.2629
79.1886
145.286
-143.703
144.794
20.8971
145.177
-11.6629
-58.28
144.371
144.223
144.971
145.04
0.0971429
45.9657
-144.863
-144.703
-144.983
-34.7543
-145.423
-56.7657
142.526
-124.954
144.549
53.0914
-144.96
-14.4971
-12.4686
144.194
-145.303
-145.549
31.1829
3.85714
21.4514
-144.646
-145.331
-26.3543
-145.137
-145.251
-11.3943
-31.84
-144.44
145.686
144.954
-145.069
1.54857
-145.554
-104.651
-145.211
-144.486
24.0457
144.623
-17.6229
144.4
0.634286
13.4857
144.166
29.4971
-145.851
-145.371
-144.269
-145.874
28.1886
-38.3829
31.8457
143.034
-144.331
144.234
33.2
143.794
-130.28
-145.029
-145.629
-145.046
145.097
-145.206
40.7486
145.691
144.303
27.9257
-144.543
143.834
144.177
-145.577
143.766
82.5371
54.4457
144.4
-144.931
-8.45714
-34.4457
-53.8057
-144.371
-144.749
-145.537
114.6
-144.76
0.708571
-12.2
45.0971
-19.9886
-21.4229
-145.537
-144.571
-8.81143
115.651
19.7714
42.4457
133.291
6.58286
30.2457
144.949
144.571
-9.08
34.2114
-145.72
-144.4
42.7943
144.509
22.92
144.794
145.2
81.3486
17.0514
6.00571
-145.589
144.246
-145.206
145.377
-9.93143
144.72
144.777
-133.029
145.309
144.869
144.314
143.926
27.2
-144.257
-32.8229
-77.1714
144.4
144.463
-6.96571
-20.4
-53.3257
144.977
144.874
145.32
-144.954
61.6914
144.669
-144.663
-23.6857
-145.554
145.137
-145.491
144.674
117.811
145.394
-22.9371
-144.897
145.486
-27.0171
-144.554
-16.3829
-43.3371
144.469
13.64
78.5886
-144.771
144.051
144.771
-18.1143
-2.48
-37.3371
-10.8514
144.337
-145.606
-25.6
-145.251
144.566
144.451
144.549
-126.4
-145.531
-144.56
145.389
101.029
144.223
-145.309
144.966
-144.806
-145.109
44.6286
9.83429
-5.73714
-144.829
128.72
143.92
-63.56
144.926
144.109
144.96
-144.817
-144.326
145.051
-25.6914
-9.87429
-144.086
-40.5371
143.92
40.8514
145.354
-144.04
-76.8114
132.074
-144.977
-145.72
-26.4229
-53.6857
-144.869
144.714
32.7429
-131.046
125.926
-145.766
-144.931
144.234
-145.251
61.0457
-144.726
-40.64
144.429
144.943
-145.269
-53.3486
-144.623
145.36
145.406
-145.303
-14.5029
33.3771
19.12
144.977
-145.417
144.543
33.76
-145.549
144.697
-144.806
-145.486
51.4114
-135.28
-26.7771
144.949
144.6
144.96
-38.1257
-144.76
-144.2
44.1429
-144.469
-145.554
-25.3257
-15.5029
-144.783
144.669
143.909
27.1371
143.851
-13.3657
-145.263
144.423
-143.954
106.103
-145.389
-144.72
145.514
-145.377
143.949
-144.931
-145.389
73.9429
144.091
-74.2286
-145.434
-145.463
-3.96571
-144.6
112.063
-137.389
-28.44
-145.074
-35.1657
73.0343
145.171
-5.62286
131.994
143.817
26.3143
132.697
-145.629
-144.84
-145.354
-145.514
56.4571
-100.103
30.0514
144.617
117.971
5.11429
-31.84
-33.96
-145.703
119.96
22.7086
-143.914
-144.989
-16.0286
144.469
145.52
-145.76
-144.714
16.1257
144.731
-30.24
-145.491
-145.36
-143.989
145.154
144.726
144.16
-49.8057
-105.063
12.8286
-145.149
144.594
57.1314
24.0743
-145.537
-144.48
145.36
-145.811
-145.183
145.366
27.8686
145.583
-18.8971
145.377
145.343
-144.474
-136.68
145.086
-15.2229
-144.577
144.543
-132.246
-145.023
25.4171
-145.811
144.737
12.12
-145.286
-144.726
145.297
53.8971
7.28571
-133.051
143.72
145.194
145.114
143.886
-144.606
145.371
145.589
-145.206
32.8229
-144.726
143.514
-145.451
-11.9029
14.2286
-24.7829
14.3657
-145.017
-24.5314
0.6
-145.903
145.286
-40.8571
120.749
-144.537
144.737
44.9829
-144.914
143.446
-24.3886
6.98857
127.897
-4.33714
-144.691
-118.64
-10.7314
-46.3314
-145.04
144.771
144.983
145.531
144.257
6.49714
57.9886
144.6
145.114
144.503
-145.131
138.154
-138.32
32.7771
25.9143
-143.76
-22.5143
-145.109
144.526
70.9143
143.463
-71.0629
-144.749
134.943
70.7086
-98.56
6.17714
129.486
-86.1486
-143.834
-144.474
144.8
-0.0971429
-144.131
-145.229
-144.92
-108.154
143.977
40.0457
144.274
144.503
-145.817
-145.126
88.6743
-144.303
-33.5886
-145.897
145.103
144.651
144.897
-129.057
145.086
144.469
-144.92
30.6743
-143.857
7.23429
-100.897
-145.177
57.5771
-144.611
145.371
144.617
35.8571
-145.731
22.8914
144.903
-48.1371
29.4457
-40.8171
143.794
144.743
-129.143
-45.7371
145.131
144.389
-15.5771
58.5029
23.6857
-132.84
145.303
-144.937
3.54857
-144.657
-115.326
-144.446
-143.646
-55.4629
140.743
-144.24
145.354
-145.48
-71.2
-40.2914
-144.446
-145.303
92.6914
-31.2229
144.126
-31.8743
145.6
89.1943
-18.12
-144.349
-144.766
-144.72
144.863
113.697
13.84
-144.514
-145.469
-145.2
-145.297
-69.5257
-144.971
-144.926
-145.343
-88.4057
145.103
144.183
144.377
144.846
-145.571
145.229
-144.983
37.4343
-144.869
-5.09143
-5.46286
-144.423
38.0229
-145.577
115.806
144.297
24.3886
-145.011
143.931
57.24
-145.149
-144.714
-144.297
145.057
-5.11429
145.451
-30.6571
-145.114
-56.1886
-145.766
145.011
145.08
145.703
144.48
144.36
-145.606
-145.206
-38.8171
-74.72
-144.874
8.99429
-49.7829
-145.154
144.926
145.794
-145.571
-138.794
-39.3086
-144.474
-136.303
145.669
144.589
144.983
-132.994
144.32
144.446
-122.126
145.423
117.074
144.754
143.84
144.406
144.8
144.806
144.04
135.326
-144.194
-144.697
-32.7771
145.234
-14.32
145.097
-145.166
32.4286
13.1886
18.5257
-144.451
143.743
144.931
144.417
44.6229
144.446
-3.49143
-145.326
-99.16
-62.0914
145.463
91.0857
144.354
144.52
-38.5371
-114.234
144.629
-144.96
-144.623
-60.3829
-144.989
-25.1943
-144.84
-21.24
-18.0229
-144.754
-57.9257
145.091
-22.3486
-137.691
139.137
-9.34286
145.594
-15.3829
-13.9771
-130.32
144.686
33.8686
145.297
-41.7657
145.28
-145.246
-83.2171
144.514
-120.114
-24.1143
143.331
12.8743
13.3371
41.9429
143.829
102.634
144.743
-145.503
33.5829
28.2743
144.646
-145.091
-142.006
-26.3029
-145.103
7.97143
145.48
-4.65143
-144.869
145.017
145.114
144.137
-144.697
-144.709
144.217
-145.303
-145.046
10.7543
-144.891
-3.81143
136.817
144.011
96.9486
142
-145.051
-145.686
-135.566
-13.8171
-145.366
-145.257
-144.4
2.43429
145.2
-144.206
144.046
-144.606
-145.709
145.297
-21.0457
144.44
144.183
-49.7714
-125.097
132.88
-145.897
-143.937
-145.463
-144.606
-145.017
-145.103
144.737
144.383
-145.091
3.29143
-137.8
-44.24
-144.269
103.137
53.9429
-144.451
-35.9714
145.194
-22.4114
-144.629
144.949
145.406
-21.5714
145.451
-143.949
20.8914
13.8114
-144.851
143.749
-136.577
-145.126
112.68
144.474
53.76
145.286
144.92
139.914
-144.223
145.366
20.5143
-144.709
142.189
-2
-10.3257
144.943
-145.063
145.52
31.6857
-145.846
-130.206
-121.777
14.8743
144.909
9.91429
38.2057
144.76
142.823
145.131
145.086
144.651
-145.069
143.383
25.5657
-32.4114
-145.274
11.4629
-115.08
145.589
-88.7771
-121.909
-145.371
1.81143
145.069
-144.977
145.463
-141.914
4.12
145.017
-28.4971
-145.234
16.8514
-145.457
-49.2171
-53.7714
-145.097
138.257
139.343
-145.486
6.4
144.349
-10.1143
-144.823
143.749
144.503
144.846
23.1714
-144.154
29.2857
142.457
-129.28
14.8457
144.451
34.9429
-41.8629
4.77143
-22.1829
38.4743
128.514
-8.12
-144.103
145.269
36.3943
-26.7771
144.463
50.8457
-120.989
-5.76
17.0057
2.86286
-144.754
-144.806
-145.44
143.817
144.743
143.96
144.789
-15.8571
-145.429
144.629
-8.66857
144.274
144.189
69.7543
144.56
29.6514
118.937
-145.269
-7.34286
144.531
-13.08
-35.6743
40.7771
144.371
19.1029
127.463
-145.023
-144.343
-3.76571
145.126
-142.371
-123.217
144.846
19.96
145.051
-143.914
-50.0914
40.3143
-145.514
145.051
134.023
-145.097
1.53143
-34.1771
144.257
144.08
-0.331429
144.674
-26.9943
-7.97143
-145.046
144.343
144.44
-144.411
-143.766
-145.04
37.2914
145.377
144.754
59.4571
144.726
24.4229
-144.931
145.291
39.6571
-44.1943
33.9371
-144.497
144.377
144.8
143.943
38.2114
144.68
-145.194
-2.24571
-144.491
-106.954
144.989
145.154
-34.3714
145.034
40.3486
143.257
-66.84
-79.32
112.623
145.537
40.8743
-142.206
-19.4571
-144.263
-144.446
143.251
145.211
-21.6
144.903
140.257
-145.651
-145.183
145.291
41.2914
-143.72
-144.606
-145.166
144.76
36.96
-144.937
-144.251
-145.406
144.349
1.37143
-144.709
144.989
4.33714
-144.88
-145.411
145.126
-145.634
-145.543
130.794
-42.8343
-4.04
143.64
-145.2
145.131
-144.371
-66.4229
-144.794
144.8
-136.669
-144.634
-144.943
131.903
127.474
-26.1771
2.70286
143.891
-144.674
-145.194
88.8457
-145.52
-145.451
-144.526
144.491
-144.897
68.2971
143.629
-1.70857
144.549
68.1486
-37.9143
145.794
-144.451
-144.829
-143.811
144.823
-143.834
144.703
-144.263
-17.9257
-144.977
105.429
84.84
-141.446
-145.663
-144.589
-144.823
144.703
144.914
144.817
-15.7429
145.234
43.7886
126.234
-145.377
-145.703
-15.2514
0.342857
-144.143
145.206
-49.32
-144.634
-144.874
11.08
143.731
25.0114
4.30286
-144.16
-143.806
70.0629
144.88
144.377
-145.389
-125.789
-145.594
-142.177
-144.006
145.32
-145.32
145.297
145.229
145.731
45.7771
144.657
142.834
-138.611
16.9714
145.12
144.709
-80.4171
-109.303
15.24
-146.08
-145.469
-143.411
-26.0057
-145.771
-145.383
120.88
-144.703
21.9143
-8.44
-144.937
-144.783
45.7314
-145.4
-5.66286
-125.571
145.154
-143.36
-144.783
54.5029
-144.309
-145.257
116.566
144.554
-31.44
143.371
-145.994
145.526
6.66857
145.063
-145.48
-80.5029
144.566
145.109
-145.16
-0.194286
-145.469
-145.423
145.091
-144.863
144.874
141.331
-145.057
58.5886
27.1429
15.0571
144.691
19.5371
-145.766
45.1029
142.926
129.411
144.274
31.72
144.823
-3.25143
143.949
120.623
144.903
-145.72
-84.4571
-58.1086
-144.669
-42.28
-142.914
-136.463
143.194
-23.2857
-142.943
145.28
-142.714
-18.6171
-112.446
145.663
-144.383
144.686
144.874
144.846
-8.36571
-53.0343
-140.68
35.7886
11.6514
120.903
-144.194
145.566
-28.4057
18.4171
-143.549
145.629
144.2
15.4229
-144.771
145.326
-142.914
-145.354
-144.663
15.2
-145.863
-30.8971
-18.6
145.297
143.766
-119.697
144.703
40.7143
-145.331
145.131
-10.0629
21.0857
144.154
144.383
-145.629
-69.2057
27.5886
-144.549
6.41714
118.846
-144.549
16
-144.726
-144.766
143.451
-144.697
-144.411
-143.937
-145.097
-145.88
144.714
145.303
-144.131
34.9029
-144
144.743
110.623
-64.3086
145.371
-145.743
-145.777
-144.531
144.96
-142.606
-145.634
-144.417
-144.566
143.823
-144.423
143.749
-145.286
-55.68
-145.08
-143.503
145.417
-144.263
144.577
-144.554
145.257
31.5143
-145.069
-130.909
-20.6343
-47.2
-145.52
-24.3029
144.234
144.869
144.326
144.954
-11.6971
-23.4914
-144.863
144.897
144.943
-12.9314
144.983
-120.486
145.531
-144.92
145.406
-145.486
-143.937
-144.749
-129.149
-144.783
-145.48
145.514
132.389
144.92
-145.291
41.16
98.24
144.446
17.0571
145.663
-138.789
54.4629
144.697
24.1429
144.669
-144.28
143.811
-128.149
0.76
-144.491
-1.72571
84.2629
7.09143
-0.588571
66.68
25.5429
144.96
3.44
145.851
19.4
-144.651
137.983
-144.731
-12.8686
140.52
144.537
145.48
123.217
-143.537
-21.9257
142.554
-145.503
121.149
17.8171
144.429
144.937
143.389
-145.451
-145.509
-112.354
22.5886
5.12
74.3829
55.6343
-145.343
-26.9771
-143.537
-145.509
-3.76571
145.137
143.994
-29.4171
143.554
-22.7429
143.846
145.303
116.109
144.314
-144.091
-143.989
20.44
42.1486
25.1771
-88.7943
79.4457
44.7657
112.251
-58.2286
-15.9257
144.303
144.2
145.463
145.583
-144.857
-20.2171
10.0571
98.0057
43.8
1.49714
65.84
144.851
7.33714
144.909
-145.309
-144.434
145.617
-51.48
-144.891
144.103
144.257
144.766
-145.086
144.743
-144.811
-144.954
144.594
145.057
-145.263
-144.669
77.0971
18.24
145.349
134.754
-118.743
144.76
144.154
-144.88
144.994
-143.68
-53.32
144.983
-31.7029
-28.0914
-145.011
-145.469
31.24
-135.869
8.82857
143.371
0.737143
-18.6286
20.0286
66.2857
-88.0514
144.64
-143.846
144.749
145.051
-145.229
-24.9143
1.48571
-145.754
136.171
-144.617
145.189
143.611
-117.6
-4.2
-11.1543
144.451
143.714
143.8
145.08
-144.657
-9.93714
-138.817
-145.154
-116.349
-145.074
52
129.886
144.863
-19.8571
-118.771
145.274
-144.406
-47.8514
-116.743
-145.04
-22.8686
31.5543
-115.234
144.549
144.886
144.806
-145.68
144.366
-144.771
-124.6
144.977
-5.78286
144.8
-144.274
-110.126
144.16
144.92
127.634
-106.12
144.686
145.166
144.674
-144.88
-38.1086
-145.04
144.326
68.8114
-144.6
-143.897
-19.0514
-145.611
144.886
-145.229
44.3886
-31.4514
-145.463
7.46857
-119.183
142.56
91.5371
-144.697
-145.709
61.0114
-144.863
-145.457
144.823
-29.2286
143.063
-144.88
-34.4571
145.337
-145.949
145.423
52.6114
-144.229
-145.177
-14.9086
-145.097
-144.44
23.6229
12.7314
84.4686
-144.194
-145.349
131.857
-40.3657
144.92
20.64
-144.269
-144.76
-131.909
-145.434
8.42286
145.486
-144.92
-144.491
-144.834
22.5086
-144.8
134.657
56.1143
145.343
-144.76
-145.16
145.149
-145.531
53.0514
33.8971
-143.497
68.8171
144.954
144.309
-144.491
60.6686
20.8229
145.589
-144.92
-145.109
38.7086
-98.0571
12.7486
23.0286
-22.3543
145.137
143.891
26.6171
144.131
-145.297
137.131
3.22286
-145.246
-112.954
57.2171
-78.4743
144.286
-65.1886
-144.377
-145.446
144.84
144.783
145.749
145.811
144.909
145.349
-144.989
-144.817
143.966
-145.72
99.5029
16.7143
-145.194
-145.497
114.971
144.92
-145.343
-145.349
-145.714
-145.149
145.074
145.034
144.331
144.989
-26.6629
-144.497
-145.646
-145.051
-144.971
94.4857
145.28
33.3543
-38.9543
-144.2
-49.6057
-49.1486
-144.657
-145.011
-27.3771
-104.583
145.354
-145.606
-145.48
-3.76571
22.3143
34.48
144.417
-145.371
-144.354
-38.2286
-144.234
-145.251
145.669
-144.577
9.15429
144.457
145.8
-143.583
-130.097
29.1371
-145.234
-18.9429
-144.491
-144.371
-48.1029
1.18286
-6.11429
126.131
5.57714
-144.869
-16.6743
-144.714
-19.24
143.611
-117.817
-17.08
144.371
-58.5771
145.269
10.24
-8.71429
145.097
-31.4057
116.274
101.206
-145.08
-52.56
119.966
145.24
46.9086
25.8971
-3.53143
144.32
44.4857
144.903
145.389
99.92
-9.65143
-145.154
-145.149
-60.88
-144.789
144.606
-145.326
-81.16
-68.5371
-144.806
-144.709
-145.411
6.32571
144.429
1.32
110.72
-145.114
145.771
143.457
-145.623
144.811
144.954
-140.691
-63.9257
-6.69714
-127.966
145.337
-56.7829
128.109
-27.3886
38.2
145.691
-7.94286
-145.223
28.0229
144.714
144.526
129.137
-145.44
-31.0571
144.634
-145.389
144.394
144.943
145.503
-145.234
145.411
45.8857
-145.994
145.286
-133.954
145.389
12.1371
145.606
-145.303
-144.709
145.086
28.8
58.04
144.749
143.96
145.149
-145.36
144.326
-144.36
135.406
144.851
144.709
-108.606
144.651
-133.766
-28.5486
144.823
15.4571
142.023
-61.5029
21.5829
-144.606
78.6286
-20.9657
144.817
-38.5429
-143.771
145.177
143.846
-143.743
-145.017
-144.314
144.989
-144.931
124.577
-145.811
-64.1257
144.029
12.8914
-145.177
22.2343
145.269
-144.68
139.04
-145.074
-115.766
144.114
-144.989
145.309
-18.4
130.263
-34.1143
143.663
19.3829
-143.829
145.114
28.1029
144.851
-0.32
3.74286
28.9429
-83.3029
-144.269
26.9086
-33.88
-61.5829
129.56
-145.463
1.08571
-1.32571
-121.846
-144.743
-143.383
-145.206
10.1943
-6.01714
-145.051
-143.691
145.103
24.7943
-52.36
15.16
144.069
85.4457
61.0171
-145.057
-144.383
126.034
-126.371
-145.326
144.371
-145.023
-45.9771
-144.646
15.9029
14.0457
8.13714
-5.75429
-145.194
-141.246
144.777
-144.177
-145.589
-131.531
-109.131
-145.371
-129.086
-144.954
145.469
144.571
-145.086
144.234
10.36
-144.497
140.971
8.35429
116.703
-145.703
-144.914
-143.8
-144.686
52.08
35.1143
-145.206
35.6114
-28.8114
21.6686
143.891
144.731
-145.297
145.2
-4.70857
-144.851
144.806
-145.126
0.377143
110.903
144.411
-145.211
144.24
39.6686
145.331
144.223
144.531
-64.04
-144.669
145.794
5.52
-21.0629
144.783
-144.897
13.1314
20.1886
-103.96
76
-144.4
-145.411
145.114
145.023
35.3886
-144.143
20.7371
144.714
-145.383
-10.2686
-145.377
122.651
14.6171
3.18286
-35.1829
144.903
-144.657
145.394
145.269
33.6686
-145.206
-144.32
145.863
45.6629
143.714
144.6
145.314
-145.457
-6.98857
-145.023
144.48
-144.84
143.737
-145.194
-130.32
-9.25714
-10.4629
-57.7543
-145.771
24.04
-10.5143
-145.417
143.806
-144.703
-125.223
144.966
-19.6286
145.24
144.943
-145.211
144.789
15.3886
-144.046
-144.874
38.1943
-133.057
-73.9143
145.909
49.8171
143.166
41.96
144.48
95.76
143.886
144.451
20.9314
103.834
143.503
-143.817
75.7543
21.1829
-145.309
-3.74286
-114.383
48.0571
-129.514
14.3771
144.194
141.531
-145.469
144.863
140.514
-140.611
145.514
144.16
-14.5486
-144.789
1.21143
15.1943
-5.59429
137.611
24.9714
145.251
61.0457
144.977
-143.417
-15.96
145.251
-145.949
144.2
-131.383
144.731
144.943
16.3314
1.68
144.451
-145.011
145.08
1.76571
144.949
144.331
145.223
143.417
-144.92
144.926
-60.36
135
-141.349
-144.114
-145.206
143.76
23.4229
-20.8743
-144.977
-145.091
-7.00571
39.0743
-51.56
-145.583
24.2286
-15.4743
-130.571
-43.6514
-132.777
-143.714
-142.549
-144.96
-145.537
144.457
-24.8686
-129.034
-113.429
-26.6057
-144.571
-142.463
-143.017
-144.989
145.366
72.92
-145.223
-12
-145.303
144.926
143.171
-144.949
69.1143
-95.1257
145.423
-145.217
120.589
29.3143
145.303
-6.99429
19.8343
144.669
31.9486
52.1657
-144.72
143.88
-144.143
-16.32
143.28
124.486
145.131
30.9029
-144.806
145.069
144.543
-145.669
-93.6229
-144.994
-7.27429
144.28
122.897
-122.337
13.8514
-89.5771
-41.1314
78.0171
-145.029
145.24
144.737
30.7771
-145.863
20.9657
-145.429
2.44571
144.063
144.411
31.2114
144.411
144.497
117.606
-144.549
-144.874
145.783
-145.223
-109.183
144.137
-111.623
145.48
-20.5943
144.486
144.349
118.274
144.406
145.034
144.211
144.714
-143.663
-144.366
-143.206
-25.5257
-31.0171
145.069
29.7543
-143.943
51.32
-17.5543
-145.72
-5.04
-145.486
-144.549
-145.383
-144.926
7.92571
-145.64
144.737
-35.36
144.189
144.926
17.5714
2.14286
24.2514
-1.19429
143.914
29.1657
-17.8514
144.177
-144.983
145.417
-145.269
-140.177
55.8171
-145.394
128.611
27.28
119.423
15.5657
-145.554
-144.834
139.743
-144.903
144.371
5.63429
44.4686
-145.56
-145.28
-130.286
-34.1143
-145.571
144.823
145.04
6.66857
-144.571
144.474
-13.4057
46.3371
-68.0571
116.366
-19.6057
-143.474
-143.869
144.526
107.737
-17.8229
-25.8629
-49.3714
51.0171
145.097
126.64
145.011
-145.131
-4.25714
144.451
-145.56
120.989
-145.303
-82.2571
-20.9657
145
-132.971
-145.84
42.1543
144.851
144.674
-145.669
145.189
-137.234
-110.194
41.8857
49.3029
-144.966
22.6
-145.017
145.206
55.0057
144.857
-143.046
-139.743
145.514
-144.777
-119.88
-145.154
117.223
-144.966
-144.086
105.137
-144.777
144.931
-144.509
13.48
-145.989
145.034
145.137
-6.20571
89.1714
-0.68
-143.949
-145.309
-27.9829
-30.36
28.4343
-144.891
-145.166
-31.5086
144.714
-144.126
145.417
-11.4114
-145.131
-145.406
5.81143
7.86286
-145.64
-144.851
145.48
8.88571
-11.9429
146.086
144.491
-144.251
141.88
143.023
33.24
106.709
-145.457
6.71429
144.794
-144.914
-145.149
144.674
145.251
145.354
-144.977
144.217
-145.446
4.14857
144.08
-144.634
25.72
-144.274
-145.057
144.131
-144.651
144.446
-145.303
145.371
-144.834
-145.434
-124.217
-145.234
51.04
144.189
-144.863
145.52
-145.171
143.914
-19.3657
-143.474
145.583
-145.349
-145.166
-37.9657
-144.36
145.343
143.434
43.2629
-145.211
26.6114
144.263
143.789
144.811
-144.469
-15.8686
-143.194
-22.5429
144.903
-144.72
-144.857
-145.629
-145.423
144.377
-38.1771
-144.931
-135.194
24.12
101.057
17.3143
-144.394
144.76
-145.08
144.634
134.703
-144.166
17.1657
38.32
145.206
135.754
-32.7143
-145.806
-144.549
90.8514
-24.3829
-144.383
144.863
-145.274
144.743
-5.57714
-144.663
144.954
-145.606
3.21143
86.52
144.314
32.72
-40.9714
38.4457
-145.109
-108.48
144.143
10.7371
-40.0229
143.726
-145.006
143.743
-12.6743
145.263
-90.84
18.2514
36.5086
23.0171
-28.5143
-7.42286
137.194
-145.349
-144.88
-86.6457
-144.371
-48.9943
-145.12
-145.246
-32.1714
-144.897
-144.634
-145.337
145.411
144.131
61.6343
143.68
-145.446
97.68
-145.297
144.457
40.4343
27.7429
-144.914
144.28
42.1943
5.16571
144.817
-145.537
144.657
-123.806
145.377
-144.731
-144.857
145.406
138.423
-129.12
37.4629
123.749
145.171
10.8343
-27.44
44.0914
131.651
16.7771
-142.646
43.5714
144.691
128.554
-127.897
144.697
-26.6229
143.743
144.834
-0.748571
144.754
143.097
142.709
144.92
143.103
-144.949
-120.526
-99.8514
143.149
31.4914
20.4286
-144.886
-30.7371
-144.869
-29.88
-143.829
3.75429
-144.331
144.937
30.8914
144.96
-145.697
138.069
-42.4343
-145.749
144.909
144.777
144.783
144.56
143.331
143.634
141.297
144.869
144.394
-145.091
-145.817
75.8229
-145.6
-144.189
-144.537
143.08
-71.1486
143.749
145.731
-11.0743
11.1029
144.937
4.51429
-133.166
142.686
-144.914
143.749
-144.074
-144.217
-2.94286
-130.246
144.891
144.594
-55.1771
-30.08
-34.0857
144.291
144.149
2.2
128.411
-144.743
-143.44
-145.349
145.394
145.057
9.52
144.811
-143.994
-144.046
-48.7371
16.3257
-145.589
-7.83429
-23.84
30.56
144.263
-144.8
-145.383
-144.749
0.571429
144.897
144.846
144.491
144.886
-145.377
-144.309
84.4914
-62.8743
47.9314
-46.52
-144.977
-145.017
124.829
-145
6.05714
-145.349
-30.8914
23.76
-144.2
-145.034
-41.2171
-144.611
-145.269
-143.326
-17.6514
-40.12
104.074
94.7943
9.01143
-145.36
-145.229
145.411
23.6971
144.611
-79.9771
-122.72
-46.7371
-143.469
145.011
144.246
-104.474
-145.48
144.554
145.394
145.109
-145.12
143.68
-144.326
-7.98857
65.0971
81.0914
-76.7086
-144.811
144.874
145.109
144.977
144.829
144.84
144.56
143.68
-125.2
0.908571
-145.371
144.817
-144.651
99.84
-145.114
-145.474
-145.44
-145.423
-49.6229
12.4686
145.069
-123.966
145.646
-103.571
-144.651
-21.4629
11.6971
145.286
-93.2114
145.309
144.526
-145.371
-145.166
145.063
144.869
-44.4857
97.2857
-45.7943
143.714
143.634
17.7257
20.3714
-145.714
25.1371
144.411
144.789
-78.3143
-145.309
-145.377
145.349
145.526
-40.7943
-144.377
131.806
145.143
143.931
144.949
-145.554
144.783
-40.0286
-127.046
-39.3943
-5.26857
-145.549
131.331
-101.451
-144.966
-144.531
103.017
-145.84
144.794
29.4114
-1.79429
144.954
37.1257
65.9543
-145.629
-131.109
-145.091
-2.42857
-144.931
-145.086
-145
-68.5143
-145.034
144.24
-4.89714
21.2686
-138.034
-140.177
144.869
-144.657
-144.817
62.8686
33.0457
14.44
133.469
-145.646
145.12
13.8114
-82.1829
-100.977
-144.663
108.88
145.623
134.063
144.131
-145.463
-144.52
123.966
53.0114
135.314
145.663
145.571
145.52
-126.537
15.4057
145.297
143.943
142.789
-145.091
-25.7143
145.331
145.091
-5.03429
119.669
-145.72
144.194
-144.994
124.64
-8.63429
108.651
-128.469
54.8686
144.314
-145.143
138.16
-9.08
144.143
-145.64
-79.3486
-145.274
144.823
-145.606
-143.989
-59.3143
29.3257
144.291
-143.931
-144.857
143.931
145.331
-144.749
10.28
144.12
145.406
-9.11429
144.257
-143.966
144.457
-145.72
145.086
143.446
143.966
75.5371
145
27.92
-99.6343
144.103
144.531
39.3086
145.063
-145.503
145.394
-144.823
145.051
88.2343
-144.771
-144.777
-144.966
-16.6629
143.571
144.017
-145.446
144.783
-145.32
144.023
-61.1314
144.509
144.709
145.097
144.463
145.006
144.634
144.806
-145.126
144.731
144.794
-1.65143
144.497
144.137
-104.629
144.691
144.657
145.274
144.937
-12.3086
-145.211
-144.949
104.526
144.891
144.377
-142.851
-144.669
145.086
-116.897
-144.029
144.446
-8.98857
33.7371
26.7543
-35.7829
145.331
145.274
-145.269
-4.70286
144.76
-5.09143
145.177
29.8914
3.59429
-35.2514
143.714
-31.6171
-144.606
-145.503
30.6857
27.1314
39.0343
101.069
145.08
-75.16
-145.297
-143.954
144.331
-40.0171
-19.5429
-144.503
145.749
17.2457
19.4286
-145.411
-36.4629
129.703
24.9429
145.8
144.286
-145.64
-144.577
25.8743
4.34857
-28.7771
100.36
144.463
144.4
-29.7543
144.251
-29.3314
-14.7486
-144.406
-144.611
9.39429
119.703
44.4571
-17.9143
144.909
-144.28
-145.634
-145.406
-143.577
144.857
-144.6
-145.24
-38.5886
-120.566
-143.754
144.474
-11.0114
-145.691
-144.731
-7.83429
145.451
-144.634
-144.909
-145.08
-145.537
-144.189
67.0914
-144.806
-42.4
-144.891
145.4
144.423
144.714
145.474
144.703
144.503
-145.343
-143.257
145.834
7.13714
136.646
-145.257
141.017
-145.28
2.68571
144.109
-137.503
-145.817
-49.88
-18.64
-144.577
-78.4286
145.406
-139.2
42.7486
-145
-93.7143
-145.171
-105.24
6.30857
-145.137
-26.5486
-144.126
0.777143
-139.16
96.4857
145.04
-127.891
143.731
-145.28
-8.32
5.53143
14.4286
-145.457
-134.389
112.611
144.246
-117.177
-143.64
-14.8686
12.2686
111.023
30.1086
-144.411
-145.629
-143.88
82.0914
0.565714
-144.509
144.863
12.1943
-144.789
50.4743
-101.097
144.091
145.703
-34.6686
-144.909
-145.343
28.5829
26.9429
-125.286
16.0343
-28.9486
-139.971
-144.92
3.08
12.6457
-145.497
14.8686
-143.874
110.537
145.166
-37.1714
-128.691
-14.2686
-145.48
-145.349
-144.731
-144.634
127.063
-145.4
144.817
8.94857
-27.9486
-14.8629
145.257
-144.383
-144.474
-144.874
131.806
-11.2857
-144.497
-144.64
-144.52
145.051
145.103
-1.55429
143.943
145.509
-145.309
-45.6971
-145.571
28.6114
145.269
145.451
-145.394
56.4914
-145.577
-144.994
144.246
17.2571
144.983
144.326
145.177
-48.1314
-144.56
14.5714
-145.663
145.371
145.251
-110.32
145.629
-19.1257
-145.034
32.6229
144.12
-35.7943
26.3029
-144.12
144.834
144.914
4.16
-145.349
144.24
144.349
45.1086
143.846
-39.0057
126.434
-145.817
-144.251
68.2914
11.8
145.577
-144.966
-145.189
144.954
-8.31429
-145.777
144.429
-144.417
-145.24
143.869
-7.07429
57.4571
144.703
-145.166
-145.263
144.634
145.023
56.8229
81.5143
144.514
-13.4114
4.87429
144.36
145.24
138.114
145.634
43.8057
144.309
144.674
-144.857
145.36
-4.36571
140.206
-144.6
144.994
-29.1714
-145.097
-145.057
-64.0343
145.257
144.909
-144.703
19.7829
144.554
17.68
117.663
-114.057
-13.6571
-76.04
144.743
-144.697
144.354
144.954
-145.897
-145.377
-145.526
-145.589
-1.52571
145.429
-145.206
-145.497
-145.377
144.949
144.109
-144.274
143.12
-145.269
145.063
-144.937
144.223
-145.617
145.257
-143.36
-145.789
-37.8686
128.303
17.2057
-128.966
-145.543
-145.314
11.2571
-0.0285714
-114.76
144.017
-144.903
143.863
-144.451
-144.966
44.8286
3.37143
-6.84
81.3657
145.509
144.16
145.171
144.617
105.154
12.4629
-145.451
7.04
-144.297
145.611
-144.611
-144.331
-0.291429
-145.994
-145.931
13.6914
-119.64
144.474
145.017
145.04
144.149
144.754
-63.1257
144.36
-144.029
144.84
-144.469
-145.429
-19.1029
145.766
8.50857
145.269
-134.983
-19
0.622857
-145.429
145.177
30.1886
-51.1314
-4.61714
-38.0914
43.0286
-61.7429
-145.154
-145.623
144.343
144.806
-9.40571
-144.457
-145.577
-144.806
144.011
123.817
133.263
-47.5886
144.869
57.2571
144.909
142.943
16.1943
-143.891
-11.6514
145.543
-144.874
145.011
27.6457
144.583
15.9371
143.977
-124.383
145.269
-145.183
144.749
45.1486
-24.36
0.148571
-145.423
144.423
144.417
-145.714
144.594
49.5486
-145.08
-145.354
99.5943
-144.48
144.966
-6.49714
-60.0514
11.92
20.6971
-19.3314
144.583
-24.4571
135.726
-144.549
-145.246
144.537
144.754
-145.149
-18.6686
122.383
3.58286
-145.56
144.989
144.411
-144.354
32.36
7.88
30.36
-9.57143
-145.451
-144.789
142.8
-34.8457
-41.9886
-128.943
145.286
145
-144.806
-34.08
-26.52
-143.451
-145.074
-5
144.646
143.943
13.4057
-145.194
145.303
-27.1657
-42.5429
-145.28
-145.166
-2.25143
-145.28
23.6514
-144.686
145.537
-37.24
-145.103
-73.2743
-18.0343
144.96
-145.114
145.32
-145.194
-40.1486
-40.4971
-46.1886
145.011
144.177
143.983
143.977
-22.4971
144.709
-49.0686
-144.314
-134.64
-25.3371
145.126
-12.4457
127.017
144.954
143.269
145.114
145.429
145.297
-118.646
-47.0171
144.269
145.154
-145.263
121.749
-144.36
145.251
-145.52
9.36571
-103.537
144.914
-145.343
145.154
42.0343
144.663
144.88
-144.246
144.817
-145.4
-143.926
144.389
-145.303
145.011
144.32
3.54286
142.366
144.189
145.377
21.9829
145.097
145.286
144.891
102.663
144.291
-145.606
144.829
-145.463
-2.89714
-20.48
-2.41714
145.103
144.903
144.554
35.5714
-145.474
30.9829
-145.56
143.84
-145.697
-133.434
19.9943
-33.2286
-18.6457
143.789
-56.96
-7.32571
120.971
125.949
29.0629
27.56
-140.749
26.4457
-145.594
54.16
145.32
145.697
-14.4514
-144.091
-144.834
-145.16
-145.023
-145.783
133.577
-144.617
-78.4743
144.023
144.629
144.257
-144.429
-116.754
144.331
27.6
55.1029
-5.79429
-125.96
-145.32
-144.554
-144.354
-144.777
-145.794
3.58286
-144.869
-145.017
144.726
144.954
145.223
-144.32
-55.4629
-145.446
-29.3486
140.646
-144.8
-58.6514
144.154
143.531
15.7257
-145.663
144.937
-145.731
144.429
145.189
144.354
-144.463
-137.24
145.971
-10.2229
144.691
35.08
144.52
145.069
-10.3314
53.5257
-145.257
-145.531
137.069
-144.663
-145.057
-145.674
144.4
145.434
6.30857
-145.446
145.309
-139.966
144.56
-101.303
144.234
-144.777
-15.2743
-145.189
145
120.8
144.143
145.331
-129.48
-3.63429
-29.8857
145.383
-27.9486
-145.131
-144.263
2.68
36.1429
-10.7829
144.234
145.063
-35.9714
145.16
144.789
-4.2
-16.1371
-144.754
144.263
144.811
145.2
-33.0743
0.868571
-144.583
-144.811
-145.411
116.474
54.0057
145.211
105.229
144.24
10.6343
143.811
98.3429
129.594
-144.291
-145.451
-125.269
-145.251
40.1543
-144.743
145.44
-144.491
101.04
14.2686
-145.183
143.8
-144.697
144.417
-145.103
145.509
-4.40571
33.3486
-100.72
-33.3257
-144.446
0.48
-144.914
144.703
144.68
144.869
-144.64
108.663
145.28
-144.474
110.903
-144.754
-144.92
-144.714
-145.337
144.966
24.1943
33.8914
-3.14286
-145.52
144.577
-25.5543
-27.3257
-145.143
-44.44
-144.069
145.366
-140.594
145.4
-145.029
-12.72
128.423
-125.949
144.091
144.091
47.5886
-64.4286
-144.657
145.36
8.59429
-12.8914
16.3543
-144.211
15.6857
143.697
-1.25143
32.3771
144.829
-49.08
-144.789
-145.583
-13.8286
145.291
-145.423
-14.8457
-94.6114
137.88
145.109
-145.189
121.657
3.41714
-2.55429
-16.36
145.297
144.954
-145.52
14.1314
20.76
-7.12
144.64
-145.349
-49.8343
-33.92
-144.423
-145.423
-145.28
145.463
144.36
-119.063
-145.08
31.8571
36.7029
-21.72
144.526
-145.691
-86.2914
144.52
144.526
-0.354286
-145.366
-145.394
-144.303
144.486
144.857
-138.474
145.314
144.606
-132.709
144.554
130.32
145.069
-122.794
144.886
145.366
133.377
145.223
145.006
144.989
-22.5771
144.263
144.349
-62.1086
-143.943
2.73143
144.754
144.874
30.7314
-25.6286
-55.3714
-145.154
144.406
-16.0857
144.32
-32.7771
144.811
-144.743
143
22.2514
144.789
144.514
145.509
144.777
84.9429
-143.886
33.6629
-8.81143
144.646
-145.52
-144.846
-145
-144.646
144.88
121.509
-59.64
118.383
-141.954
-22.6857
145.451
-144.011
144.869
-145.366
145.406
144.531
53.3543
-144.983
144.977
-144.474
-143.343
145.126
3.22857
-18.96
11.7543
-144.56
144.983
-145.337
49.1657
-145.714
144.909
-145.046
144.834
-143.509
-143.897
21.0171
-144.766
-11.5314
144.674
-145.383
144.777
145.183
145.326
-14.7886
-145.383
144.949
55.6914
39.16
-144.394
-19.16
145.12
32.8629
145.206
-7.05143
-145.246
-145.131
-144.646
-56.4114
-145.023
0.171429
-35.0286
-145.286
-145.411
-145.097
95.9314
5.46286
-35.2114
-145.503
18.0229
144.286
-145.514
142.823
-70.5886
-117.96
13
69.7543
-139.486
145.446
136.229
-145.194
-128.869
28.2514
144.571
-6.77143
144.6
144.754
-128.657
-10.36
-138.429
-45.6
145.12
-145.4
-18.4457
144.417
-144.371
-145.571
-95.4171
144.451
-145.389
-108.057
-68.2857
144.166
62.9086
134.783
-145.217
145.257
4.27429
143.863
-145.554
-16.6743
144.657
17.9429
34.3486
-14.1657
36.1314
128.057
-144.737
-37.2629
-145.589
145.137
-125.651
143.709
-145.097
143.589
-145.417
144.863
-145.349
-35.2286
-145.509
-145.337
139.766
77.5771
144.56
-144.4
-144.669
-93.3314
-145.2
-145.303
-4.56
12.5943
144.274
-0.24
-144.914
-144.246
-145.429
144.749
-144.223
-143.834
144.411
143.714
145.091
144.36
-144.097
-144.84
-7.30286
-143.937
144.491
17.2914
144.891
4.01714
145.4
144.851
144.937
-38.3371
40.4629
25.8057
33.72
144.286
145.543
145.36
-145.554
-141.554
145.063
-144.554
145.103
108.377
-130.434
-55.5771
-8.90286
-16.0571
144.594
144.909
-145.137
-144.891
144.149
144.28
-145.423
-50.7143
-145.383
-39.0971
144.263
-145.651
-144.754
144.503
145.503
-145.017
-144.497
-144.806
-145.04
143.326
144.949
145.291
-17.8
144.766
145.377
113.406
-145.68
-145.097
-42.6
-144.886
-145.223
8.74286
19.56
144.497
145.486
-42.3371
143.771
-145.229
-35.4171
144.96
-62.48
-128.189
-142.749
142.851
-144.846
144.709
-145.251
-144.657
-143.994
15.2629
-145.326
144.834
144.737
-144.337
22.6857
144.8
-144.794
144.737
144.514
-11.3086
144.629
36.4
49.9771
-145.229
-144.709
111.823
-143.371
33.0629
106.891
35.6571
-143.823
144.634
-43
61.4343
-13.4571
-145.286
145.371
144.411
-5.44571
-78.7314
-144.571
-144.349
31.9486
144.76
62.3429
-144.606
-145.84
-144.783
-1.84571
-121.371
145.063
13.2457
-116.371
-145.731
-144.451
144.457
-144.754
-145.617
-38.1486
-142.691
0.748571
-145.217
143.794
144.674
126.589
124.109
144.8
-0.731429
-145.583
145.046
136.171
144.806
143.771
-145.171
144.577
-145.246
-145.08
-144.137
-33.4514
145.331
144.64
-9.42857
-144.88
54.32
22.9714
5.12
120.314
41.5886
144.029
3.52571
-143.96
71.3657
0.371429
144.686
145.12
-47.5143
2.90286
-145.52
-145.08
-144.857
32.8629
-145.6
-67.72
-145.823
-144.783
19.0114
-23.7714
144.743
-3.54286
-144.006
-145.006
-26.5829
142.097
13.4171
-47.8514
126.366
47.1714
13.1257
-143.48
144.417
6.4
-142.6
143.749
2.50857
144.771
-52.4857
13.3143
-144.949
111.937
111.103
-73.0514
-145.16
-136.114
145.051
-145.68
-145.343
144.326
-25.4686
-41.6743
-144.606
144.971
-8.83429
-145.8
143.96
-36.32
-103.131
77.1257
-145.011
143.394
-140.989
144.606
-145.246
144.994
144.651
145.109
-145.246
-145.2
-39.9657
144.806
16.0686
-145.229
-145.223
-145.589
-10.1086
-10.04
-37.2629
-143.92
-33.0857
0.462857
138.491
140.703
21.8743
143.114
-105.194
-144.594
144.714
144.269
143.754
-141.366
39.6114
-145.229
39.7086
68.4971
-44.1029
144.96
144.771
-105.714
24.7429
144.16
-63.3943
144.96
-145.309
46.7257
-145.006
-133.377
144.537
42.7486
-40.0629
-145.269
-28.6686
-114.737
-9.69714
-38.7086
-145.383
-145.394
144.794
144.68
144.24
129.257
143.64
-144.606
144.389
115.869
145.651
8.23429
106.983
145.411
-145.011
145.731
-145.274
44.8914
-7.82286
144.949
-64.44
144.92
-144.709
-145
144.251
-39.8057
25.9143
-7.16
33.4686
-144.429
144.251
144.531
145.046
144.503
10.2514
-106.623
144.377
143.943
144.794
145
145.314
144.8
145.097
-3.65714
143.446
144.543
-28.7829
-144.697
129.383
144.469
36.1143
-144.949
144.743
143.783
-40.8857
29.8229
-143.983
34.7371
6.82286
145.297
144.937
0.588571
-145.56
-13.9886
-127.96
14.1143
144.28
144.429
144.72
-6.10857
-49.6914
-16.4857
145.126
144.406
145.006
-145.017
-116.194
145.349
144.257
144.16
-145.566
137.114
-123.143
9.37714
-144.829
28.2057
-144.566
-20.2971
-145.257
-89.7771
-49.1829
48.7714
-145.983
145.069
139.423
-145.463
-144.474
-0.651429
-145.206
-145.246
144.189
144.549
-143.531
2.76571
-56.1486
-143.869
-119.977
47.0229
-143.789
-145.411
144.046
145.491
144.703
144.611
-38.32
145.149
-143.051
-76.7543
-144.851
-144.806
-20.6629
122.131
-145.423
94.7829
-77.1829
144.931
145.131
-145.023
145.286
11.1371
-144.623
-144.709
-126.817
115.983
144.794
-144.577
-12.8629
144.434
144.68
-7.70857
-139.211
145.371
22.5943
144.874
143.949
145.16
-131.783
144.754
-144.206
144.64
-144.731
-145.326
145.44
-1.86286
144.469
-144.56
144.423
145.406
144.669
145.086
-145.451
136.171
-0.297143
-144.423
144.417
60.0686
145.309
-145.526
-144.68
56.1029
145.28
144.806
-118.189
-145.08
140.229
145.469
-128.851
-145.451
-9.63429
145.2
-77.0629
-130.417
27.88
-145.417
106.246
-5.16571
-145.034
3.8
-145.6
-8.03429
-13.8229
142
144.731
-112.531
22.16
-79.9771
42.8114
144.583
-36.4857
-143.771
27.6229
-145.497
11.6686
-57.5086
-145.263
-2.67429
-144.834
144.56
-145.017
-144.497
-145.497
-144.869
4.84
145.166
144.566
144.709
-144.84
41.4457
-21.0686
144.514
-145.034
-64.3029
-40.9771
8.30857
-116.257
-112.589
-144.726
-13.7657
144.811
-145.171
-145
110.737
144.88
-143.931
144.669
-0.748571
-145.223
82.1657
145.474
48.6571
33.0057
144.983
-145.006
132.366
-144.657
-111.234
-32.2057
145.606
145.44
123.68
5.06286
144.171
145.063
145.229
120.429
-145.314
-16.48
-145.234
29.4171
145.097
133.96
-144.154
145.411
-145.246
145.446
145.297
-145.263
-43.9943
-82.7257
9.32571
-53.0514
-106.783
145.463
144.994
-145.143
34.5029
144.234
144.52
145.303
-145.371
145.44
142.623
-111.206
145.714
-1.01714
39.1429
145.16
-36.5886
144.24
-142.32
144.394
-145.491
-145.36
145.023
-145.343
39.3029
-3.50857
24.8743
144.354
143.794
-144.651
145.6
-111.891
-145.143
-145.126
-145.651
57.4914
-23.8857
144.817
145.697
-135.331
-131.486
54.2
145.131
16.9886
145.526
-122.703
145.051
-145.183
-91.6686
-144.629
19.5029
-145.606
-105.44
-145.434
144.8
3.82857
32.1257
-145.297
61.5886
-143.72
-126.126
62.4571
-8.25714
-18.4857
-145.2
14.5714
-145.286
139.754
-143.977
21.88
145.006
71.6857
-27.2571
-107.731
59.0971
-145.846
145.657
71.2571
-145.383
-145.006
7.29143
144.223
-145.669
-132.52
144.337
-144.594
18.6286
145.034
-144.171
-145.074
144.931
144.08
145.189
135.166
145.331
-48.5657
-144.909
-145.32
77.04
-37.1829
-144.943
-1.26857
145.303
-145.171
-144.989
23.4114
136.2
114.789
-93.16
-23.6171
-144.709
144.206
-145.394
145.623
-28.5829
20.2571
-144.703
-42.0171
-144.983
-145.234
144.537
145.646
143.886
129.491
-145.137
144.663
-145.417
-36.7657
48.4571
-145.709
144.823
144.251
-144.646
145
39.2686
35.9257
-145.217
17.9086
-145.223
-145.383
144.537
-144.64
-130.497
-144.177
-144.011
27.7486
144.931
13.6057
-144.24
-145.206
63.2971
-145.743
8.25143
144.72
-144.994
-6.26857
144.8
145.074
27.8457
144.137
14.6
144.863
46.88
144.531
143.971
-144.686
144.931
-39.5371
-132.131
-143.434
4.92571
-144.897
145.611
-16.8914
-102.897
-145.491
-72.0343
-145.377
126.634
-145.274
144.92
145.406
-145.28
-145.56
-145.366
132.051
-144.754
4.35429
144.526
75.0057
-145.246
-45.8057
-145.011
-145.434
145.383
49.3486
-16.8114
145.12
143.851
145.446
-144.291
-134.943
-142.269
-22.0343
144.566
-4.28
-144.771
-39.0571
-144.469
-144.709
73.2343
145.126
-145.629
-144.914
-38.2229
-31.48
145.674
118.211
10.4857
84.6229
11.5657
-112.611
17.8686
-145.177
98.1086
41.0057
144.737
144.834
30.1143
-18.9829
-144.743
-144.823
-144.76
13.7943
-145.166
144.937
-144.749
-18.8971
-145.509
-108.514
-145.177
144.937
-145.017
144.509
118.149
136.251
122.406
-49.6629
-144.423
-145.131
145.366
-144.691
-144.12
144.971
-143.623
145.114
-130.4
143.76
-114.171
57.0743
-145.423
-145.086
145.434
27.5771
-144.469
49.4114
102.954
-58.9486
-145.697
-13.3314
-38.0743
-145.349
-89.0971
144.726
-144.771
-130.509
-145.623
145.011
26.3371
41.3143
143.771
-144.629
17.2114
-145.04
145.257
145.029
144.309
144.206
144.84
84
145.24
-2.65714
-0.988571
5.68
-16.9714
-145.486
-144.891
145.566
-144.76
-144.657
70.9943
145.086
144.834
-145.154
-132.92
-145.097
-145.406
34.9429
-13.3829
144.88
144.617
145.417
-7.10857
-144.411
56.1886
144.68
-144.429
12.4743
145.074
-144.52
33.9314
144.989
-13.4457
-144.754
-85.12
-145.543
-145.811
-144.263
-65.5543
30.9429
-17.3371
145.789
36.5829
-49.6229
-14.8171
61.2
30.0057
-144.834
144.983
144.36
-72.7314
-33.8571
143.034
-25.56
22.1371
26.3886
144.669
-145.669
145.789
-5.96571
-145.211
144.703
145.183
-107.686
-144.657
143.017
-145.177
99.8
15.16
-40.0914
-145.286
-144.749
-7.06286
-144.726
-144.537
-145.086
-26.8343
-29.9657
-145.086
-145.046
144.634
8.65143
-145.394
-11.3143
145.543
-8.33143
135.571
-144.634
-145.634
-144.623
9.21714
-144.246
144.109
-71.2571
-145.309
-31.84
143.463
-145.08
-144.131
-115.28
-129.691
143.931
-124.251
144.983
-11.7314
-145
-33.1086
-145.994
143.857
98.3771
144.32
-7.20571
-145.006
144.269
145.497
-32.6457
144.989
144.446
-144.286
144.497
108.749
-144.617
-145.469
144.257
145.554
137.074
-34.5486
144.88
144.457
54.5829
8.82857
144.463
144.686
-144.931
-10.7314
-29.0229
14.8971
144.429
-144.274
144.571
39.6229
144.714
144.229
-145.429
144.863
145.749
-18.56
145.217
-144.834
145.446
1.69143
145.32
145.891
-145.309
-145.057
-18.3657
-75.1029
24.8114
-90.7086
134.794
145.166
-9.96
144.983
-119.343
144.269
77.5714
-145.177
-145.44
-136.377
-145.657
145.217
-56.3886
-144.857
-145.983
-144.754
-145.274
-3.89143
25.48
144.589
-144.811
-145.246
-145.366
145.503
145.023
136.246
144.834
-8.36
-9.69143
144.314
143.926
144.983
113.669
144.389
144.777
1.34286
-145.051
144.269
144.971
1.72571
144.697
-13.4914
145.286
17.4286
144.657
84.8343
-144.486
145.514
38.96
-13.1829
144.629
3.21714
143.743
-145.331
145.154
-144.92
36.0114
-145.029
145.354
145.086
144.343
-36.6914
-30.7143
138.177
14.88
144.709
145.097
144.726
-22.9143
-144.594
143.697
27.56
144.949
145.56
-145.309
145
-145.366
-106.709
124.549
-145.303
144.109
144.16
-145.166
56.2629
144.086
5.68571
-144.646
144.857
143.726
143.354
-20.0057
-91.1314
10.9771
-54.2571
143.949
145.154
-25.9314
-145.16
144.754
144.954
-8.29714
-145.337
-143.611
145.606
-145.543
145.526
145.109
144.6
-144.714
145.211
145.017
144.423
-145.554
145.08
143.777
24.6629
145.583
4.93714
144.171
-145.011
1.55429
-144.829
143.64
-144.446
-144.023
40.6571
144.674
-46.08
-112.697
-130.274
-144.691
145.051
145.143
144.354
-144.674
-144.977
10.7771
145.469
25.4914
145.577
143.874
-22.2114
-114.423
-144.789
-144.84
-144.691
145.223
-145.234
-144.411
142.149
-145.04
143.977
-63.6629
-4.14857
-145.88
-49.6743
-145.177
15.2457
-145.154
-46.3714
-144.531
126.96
-145.337
144.84
145.234
-2.73714
144.166
143.674
32.4171
21.2686
-145.343
-145.08
144.88
-143.909
-144.44
144.931
142.497
49.9486
-144.297
64.4114
-19.36
-23.6514
-144.08
145.177
145.629
-144.063
145.251
-145.206
-144.52
-18.3086
-144.697
143.914
-139.011
1.34286
-35.6971
-143.686
1.27429
143.909
145.046
144.074
145.52
19.3886
25.8743
50.2171
44.8286
144.063
-144.583
-22.9543
145.006
9.40571
145.36
70.4057
-145.269
-30.64
-29.6629
-144.731
-145.183
-28.16
145.537
-144.914
52.16
15.1486
-145.691
-144.749
145.794
-38.0914
-144.486
133.76
145.091
-142.811
20.8629
-145.103
-144.526
144.32
-145.566
-15.5886
145.189
-144.389
-145.194
19.0286
33.8
-145.269
145.411
50.1086
144.143
-95.3257
-145.234
-103.24
144.777
-144.349
28.1029
-16.4971
-21.1543
-144.389
144.4
-13.4229
-145.223
21.4457
145.594
37
-144.76
-17.7257
144.983
108.943
113.851
-143.771
-145.006
145.091
145.194
-3.04
-143.857
-143.297
69.5371
-144.646
37.4171
-144.771
142.537
-42.2171
145.206
-145.411
143.08
144.8
-92.0229
-19.5486
-145.526
61.1943
144.274
-145.48
107.949
-145.48
144.949
24.2743
37.6571
143.771
144.691
144.903
145.257
143.314
144.846
-144.891
-57.8343
-22.96
143.966
-145
-143.023
144.777
31.0343
145.091
-144.966
104.371
143.217
144.68
145.183
-6.08571
15.5029
145.72
16.2571
39.5543
-145.257
87.6914
144.806
-144.823
145.04
145.057
-102.674
-21.0114
144.394
-145.731
119.411
-145.017
-144.606
46.8057
-30.8457
145.709
-145.411
-94.1886
-98.7371
-23.9314
145.509
145
-144.789
-132.24
-144.463
144.16
-1.41143
23.3771
-145.131
-145.44
-144.931
25.4114
-29.2457
12.24
143.714
143.863
-10.1714
-8.24571
-144.971
145.034
-55.3371
3.22286
0.0228571
144.794
145.223
145.331
144.491
-145.794
145.091
144.331
-144.046
141.954
-145.52
143.457
-129.514
144.869
-132.091
-12.0743
144.886
-98.7371
144.103
145.171
-144.697
145.52
144.606
-18.0971
143.234
145.52
143.834
144.154
145.886
-29.7371
9.26286
144.629
-144.8
143.977
-143.411
-144.411
-94.3543
108.874
52.5314
-110.017
-145.08
21.8914
-144.886
145.406
-145.074
6.76
-130.851
144.486
-4.48
-23.1714
-2.78286
27.3657
-144.931
145.103
-22.6971
-104.634
-145.303
14.7029
19.9371
-145.211
144.771
18.12
145.154
-17.2457
145.086
-144.966
97.3257
145.937
122.143
100.851
-51.6514
-12.0343
144.423
112.194
-144.771
17.8686
76.3943
144.731
-145.497
-144.8
142.771
144.097
-3.20571
-145.663
144.017
144.669
52.0857
-21.0571
144.909
14.4514
145.103
144.874
144.646
56.2914
145.314
-40.4629
-14.4914
-106.217
143.971
-2.96571
117.743
-143.691
-135.354
138.189
144.606
-145.291
48.0571
145.371
144.663
-144.783
52.3543
-115.514
-144.417
145.771
144.954
-14.5943
128.109
-144.766
144.28
-114.88
144.417
-145.491
-3.01714
-144.097
93.96
-145.383
145.109
-144.857
-145.297
-17.8457
3.18857
-145.029
144.909
145.657
144.497
-145.063
-145.491
145.08
-144.617
144.4
144.726
-68.48
-143.389
35.7714
-138.76
144.954
-145.4
38.9943
-145.149
49.8629
-145.337
-144.84
-144.983
144.846
-144.931
144.903
-6.92571
-145.429
5.00571
-132.469
-145.251
5.12
-144.366
-21.9086
-85.9829
143.943
-101.994
-43.5886
-17.44
58.0914
144.383
144.64
-145.463
-145.909
-61.48
112.011
-5.98286
-145.029
144.091
-15.3029
-79.28
19.3943
16.3371
-93.96
17.8171
92.28
-132.971
-145.023
-144.549
6.53714
145.28
-144.834
-144.434
-145.12
144.503
-145.029
144.434
-144.606
144.686
42.5086
-144.383
-144.417
-145.331
125.12
-144.651
-144.497
145.211
-145.2
-143.8
-143.989
2.56571
145.131
131.474
-142.16
-144.571
144.514
145.166
145.72
-145.366
144.611
14.4914
-145.594
-144.411
-145.4
-145.406
-145.183
145.011
-145.571
143.337
-144.834
145.36
144.926
-145.411
-83.2743
-129.143
144.926
76.6457
-144.949
143.371
-145.177
-144.777
-145.126
-144.994
143.914
-145.2
-145.074
143.766
-144.863
145.309
-26.3771
-144.263
144.411
145.086
-115.777
13.04
72.64
-144.474
-145.286
27.8914
-144.754
-144.646
-145.543
-11.3943
-3.78286
25.28
8.36571
145.217
145.509
-21.7371
144.537
144.817
-145.149
145.223
-144.611
-144.92
-15.8
-144.777
-145.189
-144.846
9.69143
144.526
145.143
-27.7486
-145.063
-28.2743
-145.166
21.2629
-145.109
-11.4514
130.886
130.96
-145.137
144.789
144.56
74.1657
144.377
-8.44
-23.5257
-14.5143
-145.4
-143.897
-144.771
-145.869
-144.189
144.811
144.406
-145.109
144.017
10.3657
-143.851
145.623
29.3829
-13.6971
144.28
144.309
144.543
144.971
-18.8514
-25.9086
-144.634
139.52
-145.543
-143.674
-17.7829
144.949
145.754
-22.9771
-144.743
144.714
-144.383
35.4514
-145.297
145.554
145.28
-145.851
144.514
144.097
-144.663
145.171
66.9657
143.577
-145.749
-30.8857
-145.223
143.12
144.189
144.286
-144.463
-144.577
65.0686
144.891
31.4857
-71.7429
144.566
48.7943
-145.714
145.691
144.697
145.229
7.71429
-144.303
145.069
-145.251
-145.457
144.406
-144.857
-145.04
144.474
-145.297
142.989
-144.657
-3.53714
-144.64
-143.743
-145.749
-23.6114
-145.594
36.0457
-145.171
-3.09714
123.269
145.406
32.6114
-144.251
126.48
-4.8
-145.611
-144.834
144.183
-145.497
-144.709
-129.131
144.274
-99.8171
144.291
-119.897
-144.48
143.651
43.8629
143.457
144.726
144.697
27.1829
111.84
1.2
-144.954
-52.52
-145.32
144.417
-144.349
-104.154
108.12
-144.543
39.8571
145.006
-18.3714
-145.571
145.537
-18.0914
145.634
144.754
-145.183
7.12
119.017
-31.1943
-145.046
-23.0286
144.291
30.2971
10.0057
145.794
-28.44
-145.354
-144.817
-144.817
145.589
144.931
-11.8514
143.96
143.257
8.02286
143.709
-143.709
144.937
143.411
92.8343
-129.766
-145.349
-145.366
145.131
-1.38286
-145.234
-145.611
-145.4
63.52
145.514
55.3314
-83.92
-145.411
4.88
-144.983
-144.754
130.623
-144.114
-129.166
144.491
143.931
-4.00571
-144.68
145.029
-143.177
-6.22857
145.497
-56.2514
-144.48
27.9714
40.7086
144.771
145.343
-145.04
-144.469
-51.5429
143.086
9.52
-145.514
144.154
144.817
145.206
145.234
-115.069
-145.137
145.189
144.817
-111.417
144.617
143.583
-145.469
144.149
144.383
145.109
-145.44
144.554
-134.44
-135.937
-72.1886
143.783
-145.143
-0.457143
57.7429
144.029
-143.869
-145.006
-145.006
145.451
-143.914
-17.3086
-144.697
-145.057
144.514
-145.217
1.96571
-144.663
125.88
68.1657
-145.486
144.983
18.3657
-144.863
-33.7543
-144.789
116.52
145.229
144.651
-144.263
-144.091
36.1543
70.5029
131.011
-145.303
-144.629
-144.326
-144.251
144.88
66.12
-63.8057
145.646
142.451
145.6
133.949
108.8
-145.166
3.07429
144.194
59.6971
-145.691
-145.349
145.383
144.211
-38.9714
-145.931
144.754
13.5886
-145.594
144.531
-25.8057
-144.966
8.13714
143.64
144.72
-143.669
143.577
144.32
145.246
144.549
144.257
145.017
145.029
24.2114
-145.457
106.606
-44.7486
145.274
-144.903
-144.766
-144.417
-145.514
144.211
-95.6229
145.183
-144.577
-145.011
145.297
-145.509
1.83429
-11.1029
144.891
-26.0629
-145.463
-143.651
-145.76
-20.6629
-124.571
144.331
-144.966
17.36
-145.954
-52.5943
10.4571
-6.29714
144.463
144.577
20.4057
144.503
-7.50857
-143.897
-6.32
-144.989
144.771
-144.611
-144.994
-144.766
143.194
144.931
41.2914
-7.94286
-145.297
144.691
15.7657
-35.1829
-145.297
-145.371
42.8229
-144.651
144.349
48.6514
90.3257
-20.16
5.58857
145.349
7.49143
144.377
145.2
-145.086
-27.9714
145.537
-9.12
22.8629
39.88
-143.949
-145.166
144.749
-139.897
-144.24
-145.514
143.811
109.617
144.554
-142.783
-0.411429
144.56
145.211
31.0171
-144.269
-29.4857
-145.28
-145.691
57.0514
24.9429
23.4571
2.01714
144.766
143.749
145.297
35.0571
120.463
-10.76
145.08
-144.663
-125.08
144.383
145.057
141.789
-2.61143
-144.731
144.8
-144.663
-24.1429
-142.903
-145.303
-52.3257
-28.0914
-31.1371
-58.92
145.674
144.069
22.7314
144.566
-48.8171
-10.1029
145.109
144.989
145.526
-15.9314
10.08
-145.32
144.943
-91.5257
8.08
25.3657
145.143
145
-144.406
144.8
145.8
144.834
-145.783
8.37714
-16.1829
-49.9714
-144.566
-144.651
-145.177
-2.70286
-47.9771
-122.143
-137.8
35.2571
-132.24
143.869
-143.417
-145.211
18.6629
-55.1829
-144.903
-145.869
144.829
140.36
144.16
-144.8
27.1771
-143.72
-145.217
-144.914
-143.486
144.486
31.2
145.051
15.7029
-145.463
145.846
144.823
-127.76
-123.857
-144.977
-145.611
145.046
137.674
-144.566
117.897
-145
-145.297
145.074
145.331
-82.7314
118.571
25.96
144.663
28.0857
143.771
-24.84
46.9829
-132.303
20.28
-145.343
144.32
-145.537
144.886
145.526
8.00571
-145.343
18.9486
-144.549
145.354
144.057
145.08
-144.994
-144.72
-144.406
-21.6286
144.44
144.046
-145.343
-145.434
110.406
144.743
144.017
120.217
144.04
-145.377
145.131
-145.337
-141.377
-144.571
5.83429
-145.2
144.76
-145.669
-144.943
145.326
-122.366
-143.88
144.429
-144.903
-144.583
145.857
32.2343
105.366
-144.571
145.206
145.171
22.8171
144.983
-145.194
-144.349
144.68
55.8514
-144.686
8.59429
144.937
144.56
-144.817
144.674
-53.6057
-114.623
9.01714
143.874
-42.0971
-144.783
145.651
-143.8
-20.2457
-145.486
145.343
-145.149
-144.114
-35.0114
144.063
-144.977
144.926
-130.234
26.0971
-144.131
144.971
-26.2114
144.091
-39.72
145.017
6.04
25.5371
-143.937
-144.994
144.566
-145.057
-144.617
-144.8
-145.114
4.32
20.0514
-32.3543
-145.777
-145.286
-8.42286
-145.011
144.091
35.1143
5.04571
145.4
144.434
-145.509
54.1371
-41.9657
3.33714
139.971
-139.451
-1.31429
123.96
-92.28
-145.543
-144.109
33.5886
-56.6971
11.1714
144.194
-145.183
138.709
144.731
9.18286
-145.091
-145.194
-145.48
145.217
-144.491
-10.6514
-34.0629
88.3143
130.486
-145.291
-28.8686
144.56
29.1029
32.8914
40.7886
-145.12
-143.92
-145.309
13.6286
-87.2971
-144.966
-138.24
-144.783
-144.72
144.069
-136.2
-11.2457
-145.349
144.086
21.8857
-145.589
-9.05714
-130.12
-145.491
143.834
-5.25143
-144.606
144.377
145.326
-145.011
72.6286
-144.931
-145.189
140.194
-145.263
145.514
137.383
-144.4
-145
144.811
-16.52
-145.234
145.08
1.38857
-144.423
37.56
27.4743
60.0114
144.874
144.846
-142.794
106.771
144.566
-145.063
19.72
-145.183
-14.7714
14.7543
11.5257
137.194
-144.869
145.137
144.286
-145.04
-145.686
-145.577
-145.869
143.766
143.086
104.389
-144.771
144.28
-3.04571
129.869
144.429
-144.389
-140.451
144.371
-19.9943
36.4057
-7.22286
-125.857
143.303
-10.2914
-144.726
-134.571
145.411
-144.891
-145.011
-113.629
-7.12
-49.3029
-119.971
15.0057
-15.8857
29.6229
11.6514
-107.331
144.72
-137.754
29.9257
127.389
-4.81714
-144.914
145.074
-61.9429
144.623
-143.394
-144.914
144.611
-49.1829
-144.177
97.4686
145.063
-145.594
-64.0857
-144.863
9.96571
144.531
144.76
-62.2057
145.44
145.394
145.08
12.4971
144.24
-145.006
144.72
16.92
-132.343
144.469
-138.183
-142.834
-144.086
-145.074
-17.1771
145.017
144.971
-137.68
3.18286
-13.16
-143.88
123.091
-145.086
143.994
125.669
-144.52
-21.3029
145.149
-130.703
144.697
4.57143
144.686
21.6057
144.52
-28.4457
144.629
145.194
-145.12
144.371
30.4114
57.1314
142.629
-145.171
145
144.737
-57.6571
-145.554
-144.754
-143.966
44.1829
-144.771
144.16
-1.33143
120.126
-12.4
-52.3143
12.8114
-31.4457
123.006
144.994
42.3543
-145.451
-145.429
-143.897
15.4857
143.931
-54.1029
-143.8
-144.44
-23.9886
73.8286
144.503
118.4
-59.1429
144.789
-36.9486
-20.6514
-131.88
126.091
48.5829
-144.337
145.12
144.669
-145.08
-144.126
-136.303
-55.0971
109.629
96.0171
-145.531
-11.4971
144.771
-0.485714
-145.411
-104.526
139.291
144.754
-145.069
-60.6286
111.766
-145.354
144.16
143.726
-145.457
19.6229
144.571
145.314
-20.6457
-144.806
32.4514
-17.1086
-144.411
144.577
14.3257
-145.463
144.646
-145.571
-58.9486
-145.017
-145.206
144.72
15.8971
-145.263
27.5771
145.549
-144.743
-144.011
-144.863
-145.206
23.6857
117.937
-144.211
-65.88
94.9714
144.531
-145.863
-144.486
-3.67429
-11.0686
145.034
-144.074
144.269
3.70286
-145.583
144.509
143.4
58.1314
-10.8171
-135.177
-145.143
145.217
35.3886
-144.84
144.691
-60.1943
-144.629
18.8457
-17.6743
-11.7943
-31.9029
124.6
-145.149
144.777
145.377
-21.4
-4.74286
-28.3371
-143.731
-0.125714
144.691
144.069
2.54286
-28.3657
-145.051
144.509
1.05143
-144.149
-119.971
-39.4629
144.514
-50.4629
22.3886
142.583
10.8
-144.766
25.2514
41.8629
20.5886
-144.651
18.1314
4.48571
143.903
-83.6286
-145.057
144.634
-145.074
-145.84
-1.17714
-145.617
143.829
35.6171
145.166
-145.006
143.526
-63.0743
144.606
144.509
-30.3143
145.211
144.046
144.943
-144.56
145.583
9.21714
-37.9029
144.486
130.92
3.63429
126.634
-3.82857
-145.314
144.743
2.29143
-24.5029
4.45714
144.429
-145.017
18.6629
-145.057
-144.869
145.234
144.023
-111.566
-144.206
15.36
-83.32
143.463
-145.223
-144.88
143.457
145.32
104.56
-144.903
-145.349
-144.24
-145.046
-144.451
-120.08
-144.709
-14.2971
-113.451
-42.04
144.383
145.011
145.44
145.349
145.446
31.5143
144.291
-7.73143
30.9371
144.229
144.96
-145.046
-39.36
-66.3143
145.211
6.92
144.96
-145.08
-145.166
-145.091
-145.211
145.766
-145.137
-144.051
-62.9314
145.594
21.6057
145.314
-145.646
145.246
-144.989
145.057
145.371
-145.434
-144.931
-144.297
145.171
144.411
137.88
-127.611
143.989
118.497
145.714
125.869
1.22857
-145.24
129.503
144.76
39.12
-12.9943
-144.509
116.783
-18.1543
145.549
144.269
116.6
36.2629
143.897
51.2114
-145.12
-145.091
-132.514
-144.709
145.354
-24.1371
39.3657
143.989
145.023
132.331
144.914
-6.64571
-144.943
145.154
20.1886
53.1543
144.794
144.194
-145.76
19.5886
145.086
-144.411
-50.0229
-144.926
96.8
74.76
144.56
145.223
-144.926
-144.486
-144.56
-144.651
40.9143
-145.16
144.64
-144.589
-63.3029
144.829
136.977
32.0114
-132.657
-56.6457
3.27429
-14.8114
-143.937
-63.3429
144.446
-85.8457
144.069
-144.714
18.2971
144.549
-143.451
-145.017
144.034
144.434
144.777
144.223
-51.8286
-145.457
-144.091
-38.7714
-144.777
-144.52
144.074
144.229
-144.811
-8.32571
-49.48
-144.109
145.331
-144.743
-145.669
-144.634
9.78857
145.531
145.24
-144.977
-145.017
27.4057
144.406
-127.949
144.531
-145.32
145.434
-126.983
120.429
-145.326
144.674
-27.3257
-144.846
-136.714
145.32
-138.6
145.383
-27.2286
144.909
-45.48
-120.949
-144.966
-102.183
-143.154
145.423
-144.874
80.1829
143.943
-40.1314
144.189
145.274
-136.343
17.2971
-144.451
144.48
144.417
-138.989
144.503
144.823
145.56
-144.766
20.9543
-145.423
-144.697
145.211
145.097
145.12
145.56
144.331
-144.931
-145
144.863
20.2686
144.497
7.68
145.086
145.526
135.789
101.68
-47.2571
-76.0286
142.897
145.246
-145.914
144.834
145.211
144.726
144.88
-145.491
-144.246
-144.971
131.8
144.194
-145.12
-12.1657
-15.6857
-76.28
47.9029
-20.7486
133.509
-145.286
68.1257
35.4457
-144.983
-144.857
4.76571
-145.709
56.8114
69
7.68571
94.32
-145.88
144.737
44.4229
-144.88
145.183
-24.1657
-145.686
145.36
-144.617
144.194
-145.4
-129.949
144.006
-145.223
145.554
145.051
42.6
-145.217
-28.92
-144.777
-20.1429
-141.971
145.154
110.531
145.406
-144.497
-30.0171
145.88
12.5086
34.6743
-145.783
-145.24
-145.331
-61.9143
-44.7886
-144.96
143.84
145.337
131.926
145.057
-135.971
144.714
-42.6229
144.44
-11.5657
13.3943
-29.0971
-123.331
144.36
5.23429
-144.577
-23.3143
144.914
-142.149
15.8457
-143.789
-145.177
-22
-145.383
82.04
-145.314
30.2
144.857
144.68
-145.246
-144.966
-144.663
-144.069
144.829
-56.8971
-143.297
-145.726
3.73714
143.909
145.257
-120.731
-145.011
-8.38286
0.148571
-145.526
-52.3886
143.931
-120.971
145.029
145.331
-144.617
145.034
145.503
5.50857
-37.1371
-144.846
-43.8171
144.743
-144.954
-145.149
144.377
-145.2
-145.377
113.92
-143.566
-145.274
91.5943
-53.5371
143.566
21.6114
145.091
1.74286
34.2171
-143.451
145.509
145.057
-114.034
-1.84571
-144.914
143.943
131.154
-15.6743
145.469
-144.211
144.423
-67.28
-144.766
144.92
144.8
145.126
145.611
-17.88
-80.6914
145.423
145.08
-32.3029
-3.18286
-145.2
-2.67429
-119.057
-137.937
11.0057
-144.526
139.96
125.651
142.817
-142.383
70.0686
-145.371
12.88
-145.726
-41.6914
-125.297
-145.611
-116.16
-143.897
-13.04
145.097
144.909
-119.029
145.217
144.88
3.35429
-129.983
144.64
-131.874
-144.474
-58.8514
144.274
-2.67429
144.097
63.3257
145.086
145.217
145.24
113.977
143.823
-145.051
23.7714
145.137
-145.794
6.02857
-145.309
144.194
144.783
141.091
-139.177
120.703
-145.634
-145.08
145.314
61.6743
144.846
144.314
145.017
-145.566
-144.749
139.891
-145.389
144.823
145.063
31.32
-15.2743
125.863
-145.583
-144.16
-20.6571
139.789
144.811
-35.8343
134.617
-143.629
-144.817
143.086
144.931
133.686
145.366
-15.8686
-126.034
125.337
-144.646
-2.21143
27.5943
-144.651
143.543
-42.2114
135.137
144.64
51.7257
13.6914
-68.4686
-144.143
-145.297
-135.531
145.503
-143.326
-21.6
144.897
-145.411
-145.589
-144.594
144.589
21.0114
-124.16
145.269
-1.43429
-144.383
68.0514
-67.8229
-144.029
145.44
-7.44571
144.6
43.2514
-145.629
144.863
143.411
144.72
-145.434
144.8
27.5143
109.486
145.034
144.914
22.72
144.183
-145.417
-12.4514
144.537
145.474
-144.669
-129.286
-145.286
-144.846
-2.78286
121.171
-117.657
-144.829
-49.96
-144.537
145.274
-144.766
11.5543
-121.12
62.2114
97.3029
145.16
-26.6
0.262857
76.5486
-67.0114
-144.589
143.217
144.549
108.651
-144.446
-145.023
121.789
-144.971
88.8686
144.097
31.12
136.4
-28.8971
-144.949
-135.349
-4.90857
-145.109
-145.314
21.72
-76.5143
-143.669
-145.051
-144.977
-131.491
143.04
144.634
-135.714
144.926
8.10286
25.8229
-145.377
-106.514
145.023
118.709
145.011
-144.977
144.411
145.389
-7.48571
38.0457
-145.08
-144.731
5.64571
145.063
-145
-144.966
-139.394
-41.0229
-145.309
144.211
145
-47.4286
144.343
43.3371
-139.137
-144.634
145.166
-144.909
9.42286
-145.137
143.783
-38.48
-145.314
-144.909
3.83429
145.606
-144.903
-83.0971
-103.206
-128.949
8.03429
-44.5086
-145.611
145.594
143.96
121.56
144.971
145.269
144.2
145.451
-107.834
-144.96
-31.6629
2.25143
-30.5143
-40.2457
-145.029
141.08
144.817
-43.2971
-64.2057
-7.52571
6.91429
144.229
-144.76
-18.2514
-106.257
52.9829
144.846
143.743
-145.331
-37.3486
-3.86286
143.697
144.56
144.766
4.30857
-145.034
27.7143
-144.251
-1.50857
-61.3714
2.59429
-144.966
-70.8686
145.714
119.56
141.926
145.36
-138.206
144.086
-130.754
-144.383
144.72
-144.931
46.1257
-143.537
65.5429
145.486
46.7486
-145.606
-145.36
145.88
-126.297
111.714
-85.0686
-144.743
-145.611
-145.211
-145.589
-3.78857
144.166
144.069
-49.7829
-30.5257
-144.246
-144.954
-144.737
144.949
-144.851
-144.92
-49.8343
-13.7771
-21.2857
144.771
144.823
-143.714
145.737
145.183
142.817
145.486
35.9371
-145.286
145.16
-145.583
144.6
64.4171
-28.5543
-26.6914
-145.64
-145.406
144.777
-145.189
144.6
-145.074
36.2457
37.8114
145.486
144.76
-145.823
71.44
145.131
55.9429
145.406
144.869
48.12
-5.22857
-144.76
145.411
145.006
144.903
-134.417
144.434
145.006
42.0514
-145.669
29.2743
-144.651
24.8343
-2.71429
-15.4229
144.194
-145.651
-34.7543
28.0171
-145.423
144.954
8.18286
-4.09143
-35.0571
-53.36
-35.5486
-145.229
144.577
133.429
-145.291
-49.6171
144.96
-30.4171
144.783
-145.389
137.663
145.56
29.72
145.754
-145.211
145.029
-29.3486
-145.349
-144.92
144.697
145.6
143.463
-144.594
-145.097
144.183
-144.64
8.03429
49.4229
-145.131
-55.0686
141.366
144.457
-138.983
144.96
-145.463
16.8057
144.589
144.926
-144.903
145.074
-143.583
36.4914
-145.571
144.6
102.114
-108.6
-143.48
-43.5657
-4.89714
-145.349
-25.8171
144.023
145.314
145.326
-130.869
37.1829
145.491
-145.56
144.366
-74.56
123.154
144.777
144.423
44.4686
145.2
144.903
-145.303
-145.08
145.291
-50.0457
144.88
145.394
-145.326
3.33714
-145.069
-54.52
-25.7486
34.64
54.7886
-39.1486
-61.1486
-18.8114
116.691
6.08
-144.057
144.577
145.354
1.34286
-10.6686
38.2857
20.3029
-144.726
-130.446
-144.32
145.343
-57.2171
-144.286
-145.686
144.68
-145.309
-15.5943
-144.171
-17.8514
144.171
145.434
144.509
-144.229
-27.3657
27.7086
-144.777
143.389
144.697
144.977
17.7714
-143.76
136.411
-145.474
143.097
-133
-144.737
-145.091
144.629
49.6629
45.6171
21.16
-49.6857
-145.126
144.594
144.617
33.7257
8.66286
-7.07429
144.931
143.737
-26.0286
145.457
-145.029
29.0629
137.006
-34.5829
145.046
-145.286
-71.5429
-144.686
24.2914
144.84
-37.8457
1.68571
-128.92
144.96
-25.8229
144.297
-145.051
-145.423
7.81143
145.029
-143.623
-49.8743
-145.063
145.623
12.9829
13.52
-22.6114
0.377143
13.9143
144.863
145.023
39.7143
-107.446
-145.257
-144.029
27.2171
-14.1257
15.7429
-145.074
145.526
-144.183
144.84
-37.5771
29.4857
144.594
-18.6629
144.503
-144.686
6.69714
145.006
-90.9543
-144.743
-144.309
-144.731
-10.2286
-144.869
-145.423
-132.194
-144.097
141.983
-145.417
-144.503
144.194
143.92
145.126
28.7257
-144.754
-143.686
-54.0914
145.126
-144.651
65.2057
-145.269
-144.411
144.48
36.2114
38.6114
-20.7257
-5.77714
144.931
-144.96
26.5771
-143.674
-145.269
-77.8286
-40.3486
33.52
4
-145.577
145.263
145.543
-145.686
-144.72
145.486
-144.909
37.8057
144.331
-0.28
-11.9371
143.474
103.749
-11.1429
12.4
70.9771
144.629
-144.737
-145.537
-51.7257
30.2
145.04
-144.674
-84.9943
10.3314
50.3943
-144.794
21.1714
143.943
21.6857
144.491
-26.2
144.423
144.76
-144.371
-145.126
-145.229
-144.949
-16.7543
145.051
143.76
144.949
9.19429
143.931
-143.766
132.629
144.531
18.4743
144.32
-0.737143
144.611
42.0514
130.251
18.8514
144.691
56.3829
144.646
-40.7543
-144.663
-11.2743
-145.08
-16.3657
-138.651
144.514
-145.4
86.5429
16.8286
145.006
-18.8743
144.56
6.05143
144.754
-145.406
1.09143
-134.28
14.8743
144.76
61.2914
-144.417
-17.9943
53.2514
-145.6
145.674
-57.0971
-145.314
6.37143
145.211
128.743
-144.417
-142.749
145.297
7.52571
-143.96
144.554
-144.091
9.66857
139.697
130.977
144.851
-145.137
-145.274
12.5714
145.343
-45.0571
-144.503
-14.9714
-111.571
144.64
143.223
144.64
-128.32
-145.714
50.9714
-127.16
-131.754
-145.257
144.509
144.76
-145.411
-145
-104.166
-41.1943
145.509
-9.05714
144.394
144.737
79.8514
-139.291
-145.326
44.1657
-144.926
78.5143
-63.3714
-145.091
12.7257
145.28
18.0343
144.423
144.2
-145.686
-145.183
-18.9771
-144.326
31.3314
145.886
-145.097
-144.177
-144.92
-138.617
144.451
139.406
100.743
23.4229
144.777
132.697
75.9086
145.32
144.583
145.617
144.377
145.006
121.857
145.343
-144.131
145.114
144.851
-144.577
13.5143
-144.12
-3.00571
-144.6
47.7943
-144.429
-144.16
-82.7714
144.783
-144.994
145.097
-143.194
-37.64
36.2171
143.206
-145.6
144.726
62.0343
-144.56
-121.857
144.714
-12.6971
129.629
-144.509
1.61714
-16.3543
-8.78286
119.109
78.0057
5.79429
48.0971
50.36
69.2
-0.00571429
-132.697
-145.851
-144.743
144.32
-145.48
-144.891
76.9486
-145.12
35.7029
144.897
36.8686
22.7143
-27.2457
-144.754
-144.497
143.983
115.194
-145.057
-144.834
-1.62286
-145.291
4.42286
46.8057
31.7257
-144.617
-145.109
-8.02857
145.64
-31.8743
-145.657
-145.629
-144.937
0.102857
82.6914
-43.5029
144.977
-144.56
144.189
145.274
-144.834
145.126
144.251
-145.4
-122.686
-144.749
-145.406
-38.5771
144.577
-145.166
-88.5371
-137.366
143.4
-34.5086
-24.6743
-144.217
-14.1886
-144.703
-13.3943
-145.337
38.8457
-17.68
-75.4286
144.229
58.6057
-145.097
-12.2914
144.897
140.309
144.52
144.994
145.337
145.394
-144.857
-116.491
-145.314
145.257
-119.514
-145.314
-144.366
-29.8743
-133.091
-144.206
145.389
-145.611
-144.149
144.274
-145.434
144.789
145.023
145.554
145.4
-9.81143
-144.76
144.423
-145.12
143.006
144.64
13.5257
-21.6
-42.1371
-105.006
145.063
-24.5657
-56.16
145.554
144.834
145.206
12.3371
-145.514
-144.246
28.72
144.457
-130.154
-145.2
37.0057
-10.8629
145.263
143.469
145.411
-145.514
143.8
-120.109
16.0114
-144.794
144.091
139.903
-144.823
44.7086
-16.5086
144.823
144.903
72.5429
-144.189
123.297
-144.691
144.406
-144.851
-144.943
-145.371
-27.2914
-145.189
145.503
145.257
-145.537
-145.2
144.434
144.183
109.297
-145.497
-145.366
-65.4457
-102.754
29.3829
-145.834
-145.4
12.1314
-120.303
144.571
144.12
7.26857
136.56
-144.297
-145.686
-144.486
-10.4629
-144.96
-145.851
-144.966
-12.3257
-145.789
144.56
-144.726
-145.651
-144.606
145.829
145.171
144.771
-144.731
143.491
144.983
145.143
-144.726
30.9657
-59.4971
144.206
144.177
145.857
-143.783
-46.6114
144.28
72.3086
144.326
145.697
-145.114
-145.366
108.709
-144.577
145.326
-3.43429
144.857
-144.76
-145.566
-128.8
129.731
145.497
144.549
-145.566
-144.811
107.28
-144.72
144.451
-141.686
-145.354
43.44
16.96
-135.657
-108.343
50.5257
-144.743
145.44
23.6971
-38.9886
-143.903
-145.571
-145.314
-145.394
144.8
-144.366
-98.6857
-121.589
-50.5829
114.583
-144.914
3.87429
-144.966
-145.246
1.16
50.8743
-144.909
50.04
-145.691
-92.96
-145.44
144.64
-22.9029
-145.423
144.68
-145.406
-145.291
-19.8857
144.651
-21.7029
59.2629
-36.2629
144.8
12.6857
-25.4
22.0857
-124.606
-42.6057
145.246
-108.046
-144.989
144.823
19.8629
-28.8571
-145.754
-20.5486
143.983
-145.531
-145.04
-52.4171
-144.64
51.9543
-145.771
144.154
145.68
-2.62857
24.8
145.097
144.657
25.3429
145.166
-145.177
134.594
-145.377
144.491
143.863
-145.171
4.95429
-144.851
145.44
144.823
-109.04
-145.074
-32.1714
-144.766
-145.143
-74.5257
145.331
-144.074
-25.7657
143.349
145.131
-5.20571
-142.491
-7.32571
-82.9771
21.3429
143.971
-7.42286
145.531
-44.1771
-11.7829
141.56
-145.109
-26.8629
-134.56
-145.074
-144.297
-144.211
145.217
-145.537
145.503
-144.891
-12.6229
-34.0114
135.114
-24.6229
15.7429
144.52
-144.629
-16.6286
145.606
4.13143
-145.086
20.6343
-145.223
-145.229
-144.886
-144.257
140.2
145.017
-144.251
14.7771
-3.58286
144.486
-145.034
-5.56571
144.623
145.326
-144.92
144.749
-12.5771
113.2
11.8686
31.0171
-1
-121.291
143.777
144.903
-145.594
144.286
144.2
144.846
145.589
-17.6
-37.0171
35.8514
-144.36
145.537
-47.1543
-12.1943
145.023
-142.566
-144.651
144.143
-144.789
-143.754
-144.874
-142.989
145.326
-23.5829
-144.783
-34.5714
143.811
66.9486
-145.731
-145.029
144.909
-145.063
-60.8
144.823
140.389
20.5886
145.034
6.58857
-94.1429
-145.709
139.977
-145.28
-145.314
-144.263
144.88
-144.463
144.149
144.531
-144.88
-145.406
-139.623
144.794
-24.3371
144.806
-52.08
-145.691
145.2
21.1771
145.251
124.08
-144.474
-144.114
-26.0229
145.137
-40.7257
-57.7829
-144.594
-25.6
-21.4114
144.274
-0.577143
144.754
145.2
-0.891429
111.383
143.709
-144.554
13.7486
21.0286
-145.44
-32.3829
-144.543
-145.737
-19.2057
-143.594
145.314
-43.04
144.143
-144.286
143.417
21.1257
-144.68
-130.446
-33.9657
-144.434
-144.514
145.589
-144.566
27.6914
117.509
-145.137
143.194
-44.8171
-144.749
-28.1943
7.17714
144.354
110.743
-144.851
-116.269
143.297
-144.651
11.7657
88.1257
-132.274
145.086
-145.4
-144.794
-145.577
145.577
-129.36
-38.4343
-145.457
-143.72
23.7086
126.257
28.2514
-126.326
143.543
119.64
63.6857
-144.686
7.26857
143.4
-75.4229
143.2
144.206
144.24
-145.651
-118.571
145.257
144.394
-144.251
144.811
-142.657
-58.24
35.9486
11.28
-144.851
-145.486
-144.949
38.9257
143.989
144.091
-144.834
-144.914
145.171
144.691
-91.0857
145.514
-145.103
-14.2743
38.8629
-145.057
-132.274
-92.2229
118.749
-144.76
-144.223
-143.474
144.36
144.726
-40.6114
-76.1657
82.7657
-142.371
144.429
-145.074
-144.834
-47.4914
-145.24
-11.6514
19.2743
128.503
25.2114
116.954
144.771
101.789
145.206
144.794
-145.754
-95.1314
-145.206
144.617
-47.6686
-31.16
145.177
-98.0343
140.96
-17.8
-144.326
145.091
145.057
-6.73143
-144.68
55.4971
-38.8229
-13.3771
145.509
-145.686
144.663
-145.011
107.886
-115.509
143.714
32.8514
56.8686
51.1714
144.269
39.8914
144.789
10.4686
21.9543
19.1371
-6.40571
-145.886
144.703
50.3543
19.9086
145.623
-145.52
3.05714
143.566
-145.646
29.6571
-144.549
-45.8571
144.697
143.966
11.0629
144.926
-145.531
145.309
-135.749
144.789
-145.606
39.1029
0.834286
-145.571
112.566
144.423
-11.2057
101.103
107.314
35.0171
138.503
-145.034
-144.891
-18.3657
-62.8514
-127.92
-144.886
-143.389
48.7486
-17.3886
-145.354
-145.326
145.103
144.229
-144.423
-144.76
-145.526
-144.2
-130.109
-145.817
111.389
145.103
145.074
10.04
-144.389
134.737
144.794
143.8
47.5486
130.36
-125.583
143.8
145.503
143.92
-94.7829
98.4971
-56.76
-16.9714
-144.669
-145.754
144.851
144.686
-9.69143
-144.874
144.566
-145.314
-145.097
145.28
39.7029
144.211
144.674
-46.1143
-12.6457
-144.8
144.04
-145.246
144.383
32.1143
144.411
145.72
-0.257143
-145.389
126.314
-145.36
-144.577
144.491
36.7714
-144.726
-101.726
145.371
144.891
29.7429
145.469
-6.98857
144.697
-20.6571
-144.2
144.303
-8.29143
-43.4857
-145.64
144.4
-145.531
-35.4286
145.537
-145.486
42.3943
36.6343
116.337
-145.166
145.131
-139.303
-4.24571
-145.08
144.583
-144.651
-144.32
-145.44
145.503
-131.326
-145.686
-145.28
144.966
-144.863
11.5543
144.12
-145.663
-143.137
144.331
144.674
-145.274
144.84
137.657
-145.583
143.869
-13.1829
129.023
145.949
145.531
14.1429
144.554
145.417
-31.92
22.3886
-15.2171
145.166
-145.017
-62.0686
145.274
-42.2914
-145.509
-94.6686
-145.006
-97.5543
-144.097
-119.509
-144.549
-36.3657
-143.714
144.377
-144.669
61.2343
145.069
-145.514
-8.58286
145.137
-145.166
-6.52
-34.4857
-32.2229
135.966
144.063
144.674
144.646
145.406
-144.6
-2.06857
-142.069
129.971
144.789
145.246
16.8571
144.994
-145.611
145.314
-145.12
-145.263
5.49143
-25.9086
145.674
-145.96
8.87429
144.229
92.68
144.32
71.4857
41.8629
-144.817
145.851
144.857
-144.48
19.7714
-145.629
144.863
-145.326
7.35429
-11.1143
144.28
142.623
-14.32
-49.7143
-144.029
144.429
-5.61714
-12.3257
-9.00571
43.8171
-145.577
16.76
-143.549
144.566
-144.703
1.17143
129.703
144.411
-144.497
27.0629
-145.017
-145.469
28.5143
144.211
-141.926
145.417
144.76
50.24
129.577
144.611
