1 	Facebook.com 	5926513 	866489561 	9.59	9.38	9 	0
2 	Google.com 	4671391 	466228545 	9.50	9.41	9 	0
3 	Adobe.com 	3288360 	180048236 	9.63	9.48	9 	+1
4 	Youtube.com 	3191076 	277249494 	9.35	9.19	9 	+1
5 	Wordpress.org 	2715114 	235020220 	8.84	8.53	9 	+1
6 	Blogspot.com 	2702781 	565012401 	9.15	8.96	9 	+1
7 	Wikipedia.org 	2052786 	116553837 	8.84	8.73	9 	+1
8 	Yahoo.com 	1928946 	216983319 	8.86	8.78	9 	+1
9 	Godaddy.com 	1576001 	254510920 	8.05	7.84	7 	+1
10 	Wordpress.com 	1531864 	226624203 	8.57	8.54	9 	+1
11 	W3.org 	1457870 	208042661 	8.82	8.96	9 	+1
12 	Amazon.com 	1164140 	173081327 	8.58	8.56	9 	New
13 	Myspace.com 	1133625 	109682652 	8.51	8.34	8 	0
14 	Linkedin.com 	1048743 	114129179 	8.69	8.67	9 	+1
15 	Digg.com 	938804 	103799597 	8.23	8.14	8 	+1
16 	Miibeian.gov.cn 	893928 	133603093 	8.79	7.68	10 	+1
17 	Addthis.com 	868300 	175171218 	8.81	8.70	10 	+1
18 	Apple.com 	828875 	52667239 	8.82	9.04	9 	+1
19 	Microsoft.com 	777754 	49425015 	8.88	8.79	8 	+1
20 	Macromedia.com 	706487 	21973740 	8.83	8.63	9 	+1
21 	Stumbleupon.com 	703752 	70544849 	8.04	7.93	8 	New
22 	Feedburner.com 	677658 	190666961 	8.15	8.21	8 	+1
23 	Icio.us 	619129 	77478959 	8.11	8.03	8 	New
24 	Qq.com 	547901 	112592279 	8.49	7.31	8 	0
25 	Tumblr.com 	546868 	119034604 	8.13	7.96	8 	0
26 	Msn.com 	543180 	36710469 	8.10	8.21	8 	0
27 	Reddit.com 	519302 	53294225 	7.93	7.84	8 	0
28 	Bit.ly 	506462 	32705878 	8.21	8.25	7 	0
29 	Technorati.com 	494682 	118519100 	7.82	7.84	8 	0
30 	Nytimes.com 	489883 	20910277 	8.16	8.92	9 	+1
31 	Bbc.co.uk 	479351 	21331184 	8.18	8.88	9 	+1
32 	Cnn.com 	386684 	12202892 	7.97	8.87	9 	+2
33 	Typepad.com 	375381 	62912692 	7.90	8.03	8 	+3
34 	Sourceforge.net 	365764 	24872777 	8.16	8.20	8 	+3
35 	Free.fr 	350819 	15813686 	7.84	7.73	7 	+3
36 	Aol.com 	348731 	39795848 	7.90	8.85	9 	+4
37 	Joomla.org 	348471 	29573133 	8.10	7.81	9 	+4
38 	Livejournal.com 	346801 	36898839 	7.76	7.61	8 	+1
39 	Go.com 	340479 	12906543 	7.95	8.87	8 	+5
40 	Fc2.com 	330299 	63359522 	8.04	7.33	6 	+7
41 	Geocities.com 	329887 	12501586 	7.69	7.94	8 	+8
42 	T.co 	329845 	80878457 	7.90	7.85	6 	+3
43 	Google.de 	329371 	12198247 	8.18	7.61	8 	+5
44 	Mail.ru 	326761 	75031718 	8.12	7.36	8 	+2
45 	Google.co.jp 	325159 	15695840 	8.47	7.72	8 	+6
46 	Sina.com.cn 	322231 	31291698 	8.07	7.26	9 	-3
47 	Tinyurl.com 	316401 	13189052 	7.83	8.05	7 	+3
48 	Rambler.ru 	310045 	78567690 	8.17	7.39	7 	+4
49 	Clickbank.net 	305263 	23761792 	7.78	7.39	5 	+8
50 	Creativecommons.org 	303745 	42143799 	8.06	8.87	9 	+6
51 	Mozilla.org 	303713 	14947194 	8.07	8.85	9 	+17
52 	Ebay.com 	299504 	69711947 	7.98	7.81	7 	+3
53 	Co.cc 	293162 	98234777 	7.27	7.09	6 	0
54 	Phpbb.com 	288881 	90811260 	8.10	7.81	5 	+4
55 	Yandex.ru 	283613 	48149407 	8.07	7.34	8 	+5
56 	Gnu.org 	281952 	18122567 	7.94	8.85	8 	+6
57 	About.com 	279459 	5024416 	7.71	8.00	8 	+6
58 	Live.com 	273487 	20293092 	7.90	7.79	9 	+3
59 	Tripod.com 	271891 	9428668 	7.52	7.78	8 	+6
60 	Webs.com 	270459 	9722079 	7.48	7.56	7 	+4
61 	Mapquest.com 	267817 	11029273 	8.14	8.30	8 	+8
62 	Weebly.com 	266637 	7070026 	7.66	7.65	8 	+9
63 	Google.co.uk 	259413 	6391899 	8.18	7.92	7 	+9
64 	Taobao.com 	258837 	106537004 	8.06	6.93	7 	-5
65 	Bing.com 	258605 	11473411 	7.78	7.77	8 	New
66 	51.la 	257999 	60736407 	8.38	7.61	5 	0
67 	Guardian.co.uk 	257690 	8759456 	7.81	8.84	8 	+3
68 	Cyberpolice.cn 	249219 	11309786 	7.75	6.32	7 	-1
69 	Wsj.com 	246155 	10934275 	7.88	8.09	8 	+4
70 	Ameblo.jp 	243236 	20277929 	8.22	7.39	7 	+5
71 	Squidoo.com 	237665 	9975599 	7.12	7.21	7 	+3
72 	Nih.gov 	234042 	35020300 	7.93	8.91	9 	+6
73 	100ye.com 	228749 	118034244 	7.68	4.87	5 	+4
74 	Photobucket.com 	226515 	11965833 	7.66	7.59	7 	+2
75 	Intoidc.net 	223029 	3519037 	7.77	4.55	5 	+4
76 	Europa.eu 	220373 	15235567 	8.12	8.91	9 	+6
77 	Washingtonpost.com 	218987 	7830437 	7.71	8.87	8 	+6
78 	Rakuten.co.jp 	215603 	39641053 	7.97	7.20	7 	+7
79 	Youtu.be 	215478 	3219074 	7.86	7.94	5 	+7
80 	Posterous.com 	215158 	23731661 	7.46	7.45	7 	+7
81 	Cnet.com 	213203 	7876643 	7.77	7.88	8 	+8
82 	163.com 	212644 	14178283 	7.80	6.96	8 	-2
83 	Gmpg.org 	204135 	6626433 	7.60	7.41	7 	+5
84 	Alibaba.com 	201385 	15619921 	7.73	6.91	7 	-3
85 	Jimdo.com 	195012 	6112654 	7.49	7.08	7 	+9
86 	Ning.com 	193120 	20452220 	7.58	7.77	7 	+7
87 	Php.net 	190444 	21066823 	7.95	8.82	9 	+8
88 	Usatoday.com 	189135 	6131576 	7.71	8.02	8 	+8
89 	Sohu.com 	186923 	13888494 	7.71	6.96	8 	+1
90 	Constantcontact.com 	184210 	15922289 	8.05	8.22	8 	+7
91 	Homestead.com 	182570 	2108703 	7.65	7.73	7 	+8
92 	Imageshack.us 	181073 	9349600 	7.53	7.31	7 	-1
93 	Networkadvertising.org 	177574 	829677 	8.48	8.22	9 	+16
94 	Dailymotion.com 	176274 	6358800 	7.70	7.59	7 	+4
95 	Latimes.com 	176151 	4275214 	7.58	8.84	8 	+7
96 	Huffingtonpost.com 	173538 	19371047 	7.58	7.92	8 	New
97 	Google.fr 	170453 	8248079 	7.93	7.59	8 	+8
98 	Nifty.com 	169433 	6424229 	7.67	7.18	7 	+12
99 	Amazon.de 	169350 	33788930 	7.78	7.36	8 	+4
100 	Mozilla.com 	168621 	6706811 	7.96	8.00	9 	New
101 	Narod.ru 	168591 	18818948 	7.29	7.18	7 	0
102 	Amazon.co.uk 	167309 	16980809 	7.69	7.67	8 	+6
103 	Sakura.ne.jp 	167090 	11467551 	7.58	7.05	7 	+3
104 	Ocn.ne.jp 	166966 	4199286 	7.80	7.22	6 	+7
105 	Telegraph.co.uk 	162518 	3641127 	7.55	7.72	8 	+7
106 	Parallels.com 	161979 	5220932 	8.22	7.84	8 	+7
107 	Deviantart.com 	161876 	5877348 	7.40	7.24	7 	0
108 	Icq.com 	156606 	26826610 	7.62	7.21	7 	-8
109 	Archive.org 	154706 	8606682 	7.65	7.81	8 	+6
110 	Diigo.com 	153606 	14106889 	7.24	7.20	7 	-6
111 	Slideshare.net 	153342 	5738638 	7.74	7.82	8 	+6
112 	Forbes.com 	152371 	2699222 	7.64	7.87	8 	New
113 	Nasa.gov 	150924 	5277657 	7.60	8.86	9 	New
114 	Topsy.com 	150829 	2578004 	6.43	6.52	7 	+6
115 	Wired.com 	150518 	4383859 	7.59	8.82	8 	+4
116 	Cdc.gov 	148729 	2893151 	7.74	8.26	9 	+10
117 	Etsy.com 	148489 	9735633 	7.42	7.33	7 	+5
118 	Weather.com 	147964 	7763987 	7.61	7.90	8 	+6
119 	Mit.edu 	147441 	5109366 	7.55	8.84	9 	+4
120 	Harvard.edu 	146574 	5690923 	7.60	8.86	8 	+7
121 	Mixx.com 	146203 	10387799 	7.35	7.11	6 	-7
122 	Geocities.jp 	145548 	5631792 	7.55	7.05	6 	+7
123 	Phoca.cz 	145180 	2111222 	7.69	7.45	8 	-2
124 	Google.it 	144546 	3735852 	7.82	7.29	8 	+9
125 	Newsvine.com 	144160 	14750534 	7.14	7.28	7 	-9
126 	Mac.com 	143774 	2125026 	7.60	7.67	9 	+8
127 	Stanford.edu 	143018 	3918808 	7.60	8.85	8 	+3
128 	Chime.in 	142674 	10169378 	6.61	6.30	6 	-10
129 	Xrea.com 	142632 	13614071 	7.85	7.22	6 	+2
130 	Soundcloud.com 	142533 	7225512 	7.54	7.39	7 	+2
131 	Vkontakte.ru 	142061 	20603062 	7.63	7.02	8 	-3
132 	Gravatar.com 	141596 	8693892 	7.28	7.26	7 	-7
133 	Time.com 	140022 	2782748 	7.50	7.82	8 	+3
134 	Angelfire.com 	139247 	3752899 	7.21	7.52	7 	+4
135 	Amazon.co.jp 	138910 	72851234 	7.80	7.23	8 	+5
136 	Histats.com 	137688 	18436900 	7.70	7.27	8 	+1
137 	Bbb.org 	137098 	10423706 	7.94	8.06	9 	+14
138 	Sitemeter.com 	137017 	19461647 	7.76	7.71	8 	+5
139 	Blog.com 	135425 	8208003 	6.78	6.84	6 	+5
140 	Ibm.com 	135063 	4306899 	7.79	8.85	8 	+6
141 	Bloglines.com 	134777 	13174801 	7.42	7.70	9 	+4
142 	Berkeley.edu 	134455 	3728371 	7.45	8.84	8 	+5
143 	Mysql.com 	133353 	18996090 	7.71	8.81	9 	-2
144 	Goo.ne.jp 	133169 	8119070 	7.59	7.01	7 	+5
145 	Blinklist.com 	132835 	19578990 	6.86	6.94	7 	+7
146 	Altervista.org 	131605 	7201598 	7.02	6.90	5 	-7
147 	Paginegialle.it 	131482 	1946029 	8.26	6.32	8 	+17
148 	Over-blog.com 	131138 	32678155 	7.19	7.02	7 	0
149 	Google.ca 	130821 	2885813 	7.76	7.68	7 	+7
150 	Scribd.com 	130174 	4608478 	7.42	7.62	8 	0
151 	Google.es 	129595 	3994082 	7.73	7.37	7 	+7
152 	Issuu.com 	129137 	7240083 	7.77	7.80	8 	+10
153 	Noaa.gov 	128755 	5311420 	7.61	8.87	9 	+12
154 	Biglobe.ne.jp 	128073 	2990208 	7.47	6.97	7 	+6
155 	Freewebs.com 	127607 	2819374 	7.14	7.27	7 	+4
156 	Loc.gov 	126720 	2492584 	7.94	8.89	9 	+15
157 	Dailymail.co.uk 	126359 	2024028 	7.33	7.45	8 	0
158 	Wix.com 	126159 	2064124 	7.72	7.50	8 	+16
159 	Seesaa.net 	125878 	11664699 	7.52	6.84	7 	+10
160 	Goo.gl 	125566 	7044160 	7.65	7.55	7 	-7
161 	Boston.com 	124763 	2496782 	7.40	7.79	8 	+7
162 	Netscape.com 	124633 	5414647 	7.77	7.94	9 	New
163 	Pbs.org 	124145 	2369224 	7.44	8.83	8 	+9
164 	Alexa.com 	124067 	12320994 	7.47	7.24	8 	+2
165 	Liveinternet.ru 	123926 	43192376 	7.86	7.09	9 	-2
166 	Hubpages.com 	123383 	2035385 	6.78	6.96	6 	+1
167 	Me.com 	122831 	1568002 	7.66	7.70	8 	+8
168 	Bloomberg.com 	121729 	3571055 	7.49	8.83	8 	New
169 	Articlesbase.com 	121038 	6680085 	6.87	6.77	6 	-8
170 	Whitehouse.gov 	120713 	2186592 	7.68	8.92	9 	+7
171 	Furl.net 	120223 	14601047 	7.07	7.09	7 	-16
172 	Newsgator.com 	119110 	8545275 	7.38	7.63	9 	+1
173 	Slashdot.org 	118822 	8567185 	7.19	8.80	8 	-3
174 	Redcross.org 	118752 	1257970 	7.38	7.85	9 	+14
175 	Infoseek.co.jp 	117786 	3559421 	7.44	6.95	7 	+4
176 	Sfgate.com 	116977 	2440631 	7.43	7.79	8 	+7
177 	Apache.org 	115867 	3842081 	7.88	8.84	9 	+5
178 	Foxnews.com 	115839 	4517215 	7.30	7.66	7 	+2
179 	Wunderground.com 	115553 	5077773 	7.50	7.82	5 	New
180 	Hatena.ne.jp 	115291 	24856914 	7.82	7.13	7 	+4
181 	Epa.gov 	115006 	2308443 	7.67	8.89	8 	+11
182 	Doubleclick.net 	114958 	147951021 	7.93	7.96	8 	-6
183 	Bluehost.com 	114514 	12224627 	7.89	7.57	8 	+3
184 	Wikimedia.org 	114436 	2199363 	7.28	7.47	6 	-6
185 	Cornell.edu 	114329 	2351232 	7.50	8.87	8 	+6
186 	Intuit.com 	113551 	1920163 	7.63	7.61	7 	+8
187 	Last.fm 	113547 	15237140 	7.35	7.28	8 	-6
188 	Cbsnews.com 	112749 	5251902 	7.40	7.78	8 	+13
189 	Usda.gov 	112649 	2492057 	7.59	8.88	8 	+8
190 	Yelp.com 	111768 	3306253 	7.49	7.52	7 	+6
191 	Oracle.com 	111226 	5740628 	7.59	8.82	8 	+9
192 	Barnesandnoble.com 	110505 	4710961 	7.62	8.83	8 	+7
193 	Jugem.jp 	110347 	16577371 	7.49	6.77	7 	+5
194 	Netvibes.com 	109618 	9657018 	7.38	7.39	9 	-4
195 	Hp.com 	108543 	8624181 	7.79	7.87	9 	0
196 	Discuz.net 	107690 	40614221 	7.69	6.73	8 	-9
197 	Google.nl 	106782 	2178191 	7.69	7.21	7 	+13
198 	Nationalgeographic.com 	106641 	2089483 	7.39	8.82	8 	+8
199 	Comsenz.com 	105716 	41443831 	7.70	6.79	8 	-6
200 	Shinystat.com 	105590 	9581964 	7.73	7.11	7 	+8
201 	A8.net 	104874 	17208977 	7.61	6.83	5 	+8
202 	Techcrunch.com 	104822 	4861727 	7.67	7.63	8 	+2
203 	Printfriendly.com 	104751 	7379307 	6.08	6.35	6 	-18
204 	Xinhuanet.com 	104590 	4708543 	7.44	7.23	6 	-2
205 	Sedo.com 	103766 	1533444 	7.66	7.32	7 	+2
206 	Opensource.org 	103505 	510598 	7.63	8.81	8 	+6
207 	Nps.gov 	102063 	1293564 	7.42	8.04	8 	+9
208 	Com.com 	99885 	4383192 	7.48	7.55	8 	+7
209 	Examiner.com 	99571 	2673959 	7.29	7.58	8 	New
210 	Independent.co.uk 	98837 	2730667 	7.46	7.59	8 	+4
211 	People.com.cn 	98828 	6435358 	7.40	7.03	9 	0
212 	House.gov 	98737 	2687571 	7.46	8.87	9 	+11
213 	Quantcast.com 	98717 	24251411 	7.76	7.66	6 	-24
214 	Mashable.com 	97695 	4159470 	7.62	7.61	8 	+5
215 	So-net.ne.jp 	97675 	3061288 	7.34	6.87	7 	+7
216 	Multiply.com 	97341 	3225264 	6.83	6.79	7 	-3
217 	Drupal.org 	97113 	11633517 	7.69	7.70	9 	+1
218 	Google.cn 	97080 	6686535 	7.58	6.84	8 	-13
219 	Timesonline.co.uk 	96859 	1422055 	7.29	7.52	8 	+2
220 	Thetimes.co.uk 	95985 	1653963 	6.47	6.81	8 	+64
221 	Un.org 	95689 	3036166 	7.54	8.85	9 	+6
222 	Networksolutions.com 	95607 	1124405 	7.54	7.59	8 	+3
223 	Skype.com 	95495 	1600994 	7.41	7.33	8 	+6
224 	Exblog.jp 	94170 	14142771 	7.52	6.88	7 	+7
225 	Hotlog.ru 	94146 	20356728 	7.56	6.87	6 	+1
226 	Paypal.com 	93942 	2372783 	7.77	7.59	8 	+7
227 	Irs.gov 	93351 	1234778 	7.55	8.11	8 	+12
228 	Umich.edu 	93150 	2043946 	7.36	8.83	8 	+8
229 	Dion.ne.jp 	92796 	1549429 	7.31	6.81	6 	+9
230 	Ucoz.ru 	92069 	14738803 	7.10	6.45	7 	0
231 	Discovery.com 	91828 	3129229 	7.26	7.63	8 	+6
232 	Who.int 	91354 	1615345 	7.59	8.85	9 	+9
233 	Spiegel.de 	91010 	3954997 	7.19	7.30	8 	+1
234 	Insanejournal.com 	90980 	8868462 	6.29	6.35	5 	-10
235 	Engadget.com 	90147 	5343660 	7.28	7.35	8 	-3
236 	Senate.gov 	89285 	1911411 	7.40	8.85	9 	+11
237 	Usa.gov 	89253 	3241269 	7.47	8.88	10 	+19
238 	Dedecms.com 	88948 	16341816 	7.84	6.47	7 	-18
239 	Ft.com 	88193 	2832916 	7.42	8.81	8 	+4
240 	Mediafire.com 	88060 	3298138 	7.11	6.96	7 	-12
241 	Ted.com 	87750 	1819658 	7.17	7.40	8 	+5
242 	Fda.gov 	87485 	1666560 	7.60	8.03	9 	+9
243 	Yolasite.com 	87236 	2183236 	6.80	7.00	7 	+2
244 	Altavista.com 	87095 	3347978 	7.15	7.44	8 	+10
245 	Ed.gov 	87087 	1969788 	7.50	8.87	8 	+4
246 	Simplemachines.org 	86883 	79299275 	7.33	7.08	8 	-6
247 	Sun.com 	86861 	3703683 	7.72	7.89	8 	+3
248 	Xanga.com 	86612 	3684635 	6.61	6.70	6 	-6
249 	Cbc.ca 	86360 	2507305 	7.21	7.54	8 	+3
250 	Washington.edu 	86360 	1467836 	7.37	8.83	8 	+8
251 	Eventbrite.com 	86268 	2579815 	7.69	7.83	8 	+2
252 	State.gov 	85135 	1892920 	7.54	8.86	8 	+8
253 	Ftc.gov 	84601 	810003 	7.86	8.86	8 	+11
254 	Ustream.tv 	84550 	2126130 	7.47	7.52	8 	+3
255 	Surveymonkey.com 	83088 	2380213 	7.68	8.05	8 	+8
256 	Dmoz.org 	82774 	5812104 	7.34	7.48	8 	+6
257 	Ehow.com 	82718 	907604 	7.06	7.32	7 	+9
258 	Box.net 	82706 	4620684 	7.09	7.16	7 	-23
259 	Google.com.au 	82669 	1795973 	7.64	7.41	8 	+11
260 	Wikispaces.com 	82634 	2380107 	6.92	7.36	7 	-1
261 	Utexas.edu 	82302 	1290693 	7.25	7.83	9 	+10
262 	Amazonaws.com 	82232 	8222624 	7.49	7.58	7 	-18
263 	Zdnet.com 	81986 	4700310 	7.42	7.59	8 	+5
264 	Disqus.com 	81812 	19278580 	7.52	7.54	9 	-9
265 	Cdbaby.com 	81602 	1514083 	7.34	7.37	6 	+9
266 	Chicagotribune.com 	81038 	1930893 	7.21	7.60	8 	+7
267 	Lycos.com 	80756 	2314954 	7.17	7.39	8 	+10
268 	Bizjournals.com 	80428 	1999676 	7.46	7.81	7 	+4
269 	Prweb.com 	80242 	1085164 	7.36	7.56	7 	+7
270 	Squarespace.com 	80223 	4374303 	7.23	7.39	7 	+10
271 	De.vu 	80221 	3360164 	6.93	6.64	7 	-10
272 	Plala.or.jp 	80088 	1318762 	7.31	6.84	6 	+9
273 	Wikia.com 	79440 	2913326 	7.00	7.18	6 	-6
274 	Tripadvisor.com 	79293 	5893140 	7.57	7.63	8 	+11
275 	Blogs.com 	79200 	6710879 	7.13	7.36	7 	+3
276 	Wisc.edu 	79182 	2320352 	7.34	8.84	8 	+22
277 	Hc360.com 	78465 	7541609 	7.39	6.34	4 	-8
278 	Uol.com.br 	78417 	4555853 	7.15	7.17	7 	+1
279 	Upenn.edu 	78356 	1196808 	7.26	8.82	8 	+11
280 	Google.pl 	78281 	2119104 	7.63	6.94	7 	+8
281 	Tradedoubler.com 	78276 	10866286 	7.43	7.04	7 	+1
282 	Census.gov 	77983 	2064298 	7.37	8.06	8 	+10
283 	Prnewswire.com 	77948 	992155 	7.48	7.77	8 	+12
284 	Shareasale.com 	77821 	14212576 	7.28	7.11	6 	New
285 	T-online.de 	77018 	1713875 	7.20	6.97	6 	+2
286 	Google.com.br 	76830 	1744350 	7.44	7.05	8 	+15
287 	Abc.net.au 	76642 	2751714 	7.19	7.54	8 	+6
288 	Ifeng.com 	76522 	4372117 	7.35	6.59	8 	-13
289 	Cocolog-nifty.com 	76508 	5601602 	7.29	6.71	7 	+5
290 	Webmd.com 	75613 	1610094 	7.16	7.52	7 	New
291 	Zanox.com 	75489 	9798178 	7.26	6.71	5 	-8
292 	Twitpic.com 	75447 	2355943 	7.17	7.31	7 	-6
293 	Officelive.com 	75000 	793028 	7.47	7.44	7 	+6
294 	Nature.com 	74952 	1601558 	7.23	7.70	9 	+3
295 	Economist.com 	74927 	1863223 	7.23	8.81	8 	New
296 	Freecsstemplates.org 	74492 	3446440 	7.35	7.21	9 	-7
297 	Cz.cc 	73931 	14359765 	6.52	6.38	5 	-32
298 	Netfirms.com 	73826 	2590793 	7.07	7.04	7 	-7
299 	Hyves.nl 	73781 	5817460 	7.76	7.04	8 	+3
300 	Smh.com.au 	73737 	3911928 	7.12	7.38	8 	+12
301 	Gizmodo.com 	73405 	1935573 	7.13	7.25	8 	+2
302 	Ucla.edu 	73361 	2681675 	7.20	8.82	8 	+15
303 	Wetpaint.com 	73355 	5749618 	6.57	6.99	6 	-7
304 	Umn.edu 	73168 	1108626 	7.28	7.90	8 	+10
305 	Artisteer.com 	73109 	4258592 	7.31	7.02	7 	0
306 	Intel.com 	73067 	3557481 	7.52	8.81	8 	New
307 	Cba.pl 	72933 	5214800 	6.35	6.07	6 	-59
308 	Bandcamp.com 	72867 	3166385 	7.29	7.17	6 	+13
309 	Yale.edu 	72452 	1320843 	7.22	8.82	8 	+11
310 	Columbia.edu 	72397 	1424278 	7.37	8.83	8 	+17
311 	1and1.com 	72169 	1356112 	7.35	7.00	6 	+25
312 	Answers.com 	71527 	1492381 	7.07	7.35	7 	-1
313 	Earthlink.net 	71345 	1162009 	7.09	7.43	7 	+17
314 	Google.ru 	71300 	4032103 	7.59	7.06	8 	-1
315 	Privacy.gov.au 	71184 	115744 	7.45	7.64	8 	+27
316 	State.tx.us 	71163 	1745678 	7.31	7.89	8 	+22
317 	Usgs.gov 	71062 	1745008 	7.33	8.02	8 	+15
318 	Howstuffworks.com 	70814 	1986071 	7.03	7.40	7 	+16
319 	Roytanck.com 	70407 	8013373 	6.82	6.68	5 	-1
320 	Deliciousdays.com 	70390 	1337472 	7.40	7.26	6 	+24
321 	Shinobi.jp 	70081 	6417975 	7.44	6.99	5 	+16
322 	Nydailynews.com 	70035 	1809809 	7.07	7.41	8 	+1
323 	Unicef.org 	69928 	727697 	7.12	7.51	9 	+20
324 	Linezing.com 	69856 	16404501 	7.67	6.82	7 	-15
325 	Mtv.com 	69772 	3251050 	7.11	7.27	8 	+1
326 	Dropbox.com 	69734 	1302895 	7.36	7.48	7 	+7
327 	Extremetracking.com 	69524 	7635115 	7.47	7.28	6 	+8
328 	Theglobeandmail.com 	69501 	2738628 	7.15	7.43	5 	+12
329 	Marriott.com 	69363 	1536363 	7.55	7.88	7 	New
330 	Webstarts.com 	69261 	2506654 	6.44	6.54	6 	-20
331 	Dagondesign.com 	69211 	122810 	7.28	7.19	7 	+24
332 	Ign.com 	68957 	4193639 	7.08	7.04	8 	New
333 	Uiuc.edu 	68942 	1125722 	7.23	7.83	8 	+16
334 	Toplist.cz 	68718 	14423452 	7.55	6.59	7 	+7
335 	Mister-wong.de 	68714 	11713630 	7.05	6.69	8 	-7
336 	Real.com 	68679 	1678846 	7.57	7.90	9 	+3
337 	Dyndns.org 	68183 	2315602 	6.97	7.12	6 	-21
338 	Blurty.com 	67938 	1877203 	6.03	6.15	4 	-9
339 	Hexun.com 	67870 	4441925 	7.27	6.50	7 	-15
340 	Biblegateway.com 	67806 	4660254 	7.08	7.13	7 	+11
341 	110mb.com 	67333 	2666249 	6.57	6.59	5 	-22
342 	Webnode.com 	67117 	4013403 	6.62	6.51	7 	+10
343 	Rapidshare.com 	67076 	3859247 	6.89	6.68	6 	-35
344 	Salon.com 	66862 	3276752 	6.98	7.36	7 	New
345 	Multimap.com 	66768 	1176106 	7.49	7.26	8 	+16
346 	Home.pl 	66408 	3624948 	7.08	6.52	6 	-24
347 	Megaupload.com 	66282 	3883440 	7.06	6.77	6 	-32
348 	Youku.com 	66245 	4253872 	7.30	6.72	8 	-23
349 	Jalbum.net 	66076 	5315803 	7.37	7.21	8 	+4
350 	Comcast.net 	65841 	1079527 	7.14	7.44	6 	+8
351 	E-recht24.de 	65726 	213673 	7.32	6.63	7 	+16
352 	Ow.ly 	65165 	1991460 	6.97	7.16	6 	-52
353 	Businesswire.com 	65156 	1149499 	7.53	7.79	7 	+13
354 	Symantec.com 	65143 	1216839 	7.48	7.60	8 	+6
355 	Cjb.net 	64959 	1056926 	6.77	7.04	7 	+1
356 	Java.com 	64936 	1601039 	7.71	7.73	8 	+9
357 	Psu.edu 	64891 	9510814 	7.18	8.82	8 	+6
358 	Vargas.co.cr 	64676 	117575 	7.44	7.28	8 	+20
359 	Wiley.com 	64595 	1945609 	7.46	7.90	8 	+12
360 	Virginia.edu 	64483 	1585873 	7.16	7.73	8 	+10
361 	Cmu.edu 	64177 	1192780 	7.46	7.82	8 	+12
362 	Thoughts.com 	64141 	4224681 	6.12	6.22	5 	-31
363 	Friendster.com 	64053 	2093329 	6.77	6.78	6 	-17
364 	Gather.com 	64041 	1142060 	6.32	6.59	6 	-16
365 	Auda.org.au 	63817 	83847 	7.30	6.96	6 	+15
366 	Ovh.net 	63688 	768090 	7.36	7.05	5 	+15
367 	Blip.tv 	63594 	2495758 	7.14	7.42	8 	+9
368 	Pcworld.com 	63379 	1260856 	7.31	7.49	7 	0
369 	Meetup.com 	63341 	3156330 	7.23	7.39	7 	+5
370 	Canalblog.com 	63184 	10669462 	6.88	6.79	6 	+2
371 	Hostgator.com 	62982 	4261982 	7.10	6.81	7 	-9
372 	Webmasterplan.com 	62977 	8401588 	7.24	6.60	6 	-18
373 	Reference.com 	62888 	1486640 	6.93	7.22	7 	+6
374 	Craigslist.org 	62870 	2567435 	6.98	7.24	7 	-10
375 	Ask.com 	62734 	4493072 	7.05	7.24	8 	-6
376 	Cbslocal.com 	62349 	1102498 	7.02	7.40	7 	+16
377 	Dell.com 	62262 	2497642 	7.33	7.51	8 	+7
378 	Nypost.com 	62014 	1491405 	7.07	7.31	7 	+5
379 	Formspring.me 	61983 	13688842 	6.68	6.66	7 	-32
380 	Vinaora.com 	61893 	3375068 	7.16	6.81	9 	-3
381 	China.com.cn 	61516 	7933198 	7.20	6.39	8 	-24
382 	Si.edu 	61512 	986765 	7.27	8.83	8 	+11
383 	Warnerbros.com 	61048 	917652 	7.30	7.35	7 	+8
384 	Unesco.org 	60988 	1983323 	7.33	7.85	10 	+12
385 	Unc.edu 	60855 	1139824 	7.16	7.81	8 	0
386 	Ccbill.com 	60794 	16712147 	7.22	6.41	5 	0
387 	Weibo.com 	60711 	11823051 	7.65	6.89	8 	-12
388 	Demon.co.uk 	60644 	425369 	7.03	7.32	6 	+10
389 	Businessinsider.com 	60628 	1358159 	7.25	7.48	7 	-1
390 	Hostmonster.com 	60250 	9141150 	7.60	7.28	7 	0
391 	Github.com 	60206 	2537960 	7.76	7.74	7 	New
392 	Openoffice.org 	59929 	671623 	7.10	7.37	8 	+5
393 	Xe.com 	59880 	1728506 	7.27	7.29	8 	New
394 	Theatlantic.com 	59661 	2263312 	7.07	7.47	8 	+7
395 	Blogplay.com 	59514 	3633033 	6.66	6.57	7 	+48
396 	Hud.gov 	59488 	1513128 	7.25	8.83	8 	+16
397 	Edublogs.org 	59400 	2498717 	6.43	6.91	6 	-15
398 	Suntimes.com 	59144 	3009934 	6.96	7.37	7 	+2
399 	Alipay.com 	59111 	6768899 	7.14	6.11	7 	-95
400 	Teennick.com 	58962 	4804538 	6.31	6.36	6 	-13
401 	Army.mil 	58954 	1205882 	7.23	8.86	8 	+4
402 	Mlb.com 	58933 	2455345 	7.13	7.47	6 	+1
403 	Lulu.com 	58903 	2479494 	7.14	7.32	7 	+5
404 	Tinypic.com 	58801 	1064339 	6.97	6.87	6 	-45
405 	Hilton.com 	58541 	632486 	7.43	7.77	7 	+11
406 	Usnews.com 	58512 	1640931 	7.12	7.61	8 	+15
407 	Youdao.com 	58436 	5511753 	6.68	6.16	7 	-62
408 	Purdue.edu 	58258 	3025868 	7.07	7.72	8 	+7
409 	News.com.au 	58178 	2949663 	7.01	7.43	7 	-14
410 	Aweber.com 	58061 	2117419 	7.03	6.75	6 	-4
411 	Mapy.cz 	58047 	1246092 	7.55	6.72	8 	+14
412 	Accuweather.com 	57582 	5478050 	7.23	7.54	8 	+20
413 	Nba.com 	57454 	3461558 	7.02	7.25	8 	+17
414 	Omniture.com 	57321 	43688874 	8.04	7.93	8 	-4
415 	Xiti.com 	57293 	12150963 	7.46	7.09	7 	-1
416 	Sciencedaily.com 	57293 	1424713 	6.96	7.43	7 	-5
417 	Livedoor.com 	56935 	11827130 	7.17	6.55	7 	+2
418 	Msu.edu 	56867 	3829443 	7.06	7.76	8 	+13
419 	Europa.eu.int 	56818 	1087712 	7.38	7.78	9 	+25
420 	Smugmug.com 	56754 	2623346 	7.17	7.39	7 	+13
421 	Orkut.com.br 	56541 	5446339 	7.04	6.78	8 	+2
422 	Indiatimes.com 	56537 	1415151 	6.99	8.80	7 	+13
423 	Csmonitor.com 	56457 	842043 	7.02	7.53	5 	+11
424 	Nhs.uk 	56438 	2148032 	7.31	7.44	7 	+18
425 	Ucoz.com 	56374 	1725255 	6.55	6.29	6 	+129
426 	Canada.com 	56327 	1799460 	6.92	7.27	7 	+24
427 	Slate.com 	56147 	1733177 	6.94	7.36	8 	+13
428 	Chron.com 	56069 	1396981 	6.93	7.42	7 	+18
429 	Metacafe.com 	55987 	689591 	6.79	6.94	7 	-3
430 	Arizona.edu 	55907 	1276349 	7.04	7.66	8 	+25
431 	Ea.com 	55673 	14372766 	7.01	6.96	7 	-42
432 	Miitbeian.gov.cn 	55559 	14450135 	7.51	6.41	7 	-5
433 	Woothemes.com 	55518 	3967043 	6.88	6.76	8 	+8
434 	Cam.ac.uk 	55482 	3318814 	7.16	8.81	9 	+23
435 	Samsung.com 	55391 	3166465 	7.26	7.25	7 	+3
436 	Siteground.com 	55374 	5978855 	7.13	6.90	9 	+9
437 	Findlaw.com 	55355 	1649644 	7.03	7.54	7 	+26
438 	Att.com 	55319 	1193649 	7.34	7.71	8 	+27
439 	Ufl.edu 	55255 	891029 	7.09	7.73	8 	+22
440 	Wanadoo.fr 	55243 	667485 	7.48	7.30	7 	+20
441 	Shop-pro.jp 	55132 	6738030 	7.36	6.54	6 	+21
442 	Joomlatune.com 	55084 	3454026 	7.17	7.17	8 	-38
443 	Google.com.hk 	55062 	5353686 	7.48	6.77	8 	-25
444 	Princeton.edu 	55054 	868551 	7.23	8.81	8 	+25
445 	Folkd.com 	54585 	5762733 	6.32	6.15	7 	-6
446 	Hhs.gov 	54563 	2434329 	7.46	8.87	10 	+22
447 	Valuecommerce.com 	54497 	15899097 	7.27	6.57	4 	+2
448 	Tom.com 	54468 	1833934 	6.97	6.27	7 	-28
449 	Boingboing.net 	54384 	1672150 	6.90	7.17	7 	+10
450 	Onsugar.com 	54335 	1685953 	6.24	6.33	6 	-21
451 	Indiana.edu 	54252 	1135635 	7.05	7.65	9 	+16
452 	Cctv.com 	54245 	2249632 	7.03	6.73	5 	-5
453 	Ucsd.edu 	54174 	569059 	7.06	7.71	8 	+17
454 	Dot.gov 	54139 	1106696 	7.36	8.85	8 	+19
455 	Excite.co.jp 	53985 	2688612 	7.01	6.49	7 	+20
456 	Admin.ch 	53809 	1877886 	7.31	8.81	8 	+20
457 	Funpic.de 	53799 	2477871 	6.55	6.27	4 	-35
458 	Blogmarks.net 	53731 	4883043 	6.29	6.36	4 	-51
459 	Fastcompany.com 	53653 	703067 	7.22	7.48	7 	-1
460 	Arstechnica.com 	53473 	1894736 	7.05	7.35	8 	+12
461 	Ebay.de 	53383 	1740040 	7.09	6.57	7 	+31
462 	Sogou.com 	53264 	3681559 	7.13	6.23	7 	-26
463 	Nyu.edu 	53255 	5464816 	7.16	7.64	8 	+15
464 	Jevents.net 	53247 	20409426 	6.82	7.22	8 	-55
465 	Seomoz.org 	52863 	1035214 	7.67	7.81	6 	New
466 	Pagesjaunes.fr 	52801 	557152 	7.27	6.58	7 	-64
467 	Tudou.com 	52742 	1429875 	7.04	6.46	8 	-39
468 	Wz.cz 	52687 	1714538 	6.71	6.34	6 	-20
469 	Heise.de 	52636 	2705073 	7.02	7.04	8 	+5
470 	Uchicago.edu 	52627 	764656 	7.10	8.82	8 	+14
471 	4shared.com 	52413 	2667645 	6.75	6.73	6 	-47
472 	Ebay.co.uk 	52340 	2068346 	7.12	6.91	6 	-21
473 	Newscientist.com 	52279 	911962 	6.99	8.80	8 	+7
474 	Yoyo.pl 	52167 	1051356 	6.10	5.88	6 	-57
475 	Xing.com 	52099 	2427527 	7.22	6.86	8 	+14
476 	Hotmail.com 	52095 	721068 	6.97	7.14	9 	+11
477 	Prv.pl 	52079 	1543017 	6.48	6.28	6 	-24
478 	Freehostia.com 	52016 	4162770 	6.47	6.47	5 	-26
479 	Widgetbox.com 	51984 	11392363 	7.29	7.50	7 	+2
480 	Ox.ac.uk 	51867 	739841 	7.20	8.82	9 	+13
481 	Nymag.com 	51682 	2331109 	7.04	7.21	7 	-4
482 	Tweetmeme.com 	51658 	1660776 	7.11	7.04	6 	-16
483 	Skyrock.com 	51602 	1109225 	6.76	6.69	7 	-1
484 	Gmail.com 	51308 	485418 	7.12	7.11	9 	+16
485 	Wa.gov 	51211 	1299169 	7.25	8.83	7 	+18
486 	Newyorker.com 	51002 	1095920 	7.03	7.38	8 	+11
487 	Is.gd 	50793 	985328 	6.73	7.06	6 	-23
488 	Startpagina.nl 	50785 	1124864 	6.68	6.50	6 	+38
489 	Globo.com 	50520 	3021721 	6.97	7.08	7 	+5
490 	Findarticles.com 	50479 	1878321 	6.96	7.39	8 	+18
491 	Umd.edu 	50463 	683113 	7.11	7.74	8 	-3
492 	Yaplog.jp 	50395 	2072039 	7.03	6.33	6 	+14
493 	Newsweek.com 	50395 	831008 	7.03	7.48	8 	+8
494 	Depositfiles.com 	50380 	3517620 	6.65	6.22	6 	-38
495 	Duke.edu 	50373 	2369100 	7.09	7.72	8 	+1
496 	Linkwithin.com 	50367 	8094851 	6.68	6.57	7 	-5
497 	Yahoo.com.cn 	50338 	1230304 	6.99	6.44	8 	-147
498 	Navy.mil 	50257 	708717 	7.24	8.85	8 	+18
499 	Naver.com 	50236 	6344970 	7.26	6.89	8 	-20
500 	Mercurynews.com 	50196 	1580900 	7.06	7.48	4 	+9