0 0.499997 0.499997 0.499997 0.499997
0.01 0.354591 0.340613 0.331485 0.320745
0.02 0.251574 0.232292 0.220082 0.206013
0.03 0.178633 0.158778 0.146556 0.132675
0.04 0.127014 0.108911 0.0980562 0.0858281
0.05 0.0904951 0.0750699 0.0660432 0.0559129
0.06 0.0646655 0.0520769 0.0448848 0.0367975
0.07 0.0464037 0.0364232 0.0308607 0.0245746
0.08 0.0334967 0.025734 0.0215324 0.0167497
0.09 0.0243828 0.0184074 0.015298 0.0117313
0.1 0.0179556 0.0133632 0.0111057 0.00850565
0.11 0.0134322 0.00987212 0.00826592 0.00642778
0.12 0.0102618 0.0074419 0.00632695 0.00508593
0.13 0.00805361 0.00574048 0.00499121 0.00421851
0.14 0.00653106 0.0045427 0.00406325 0.00365806
0.15 0.0055011 0.00369469 0.00341259 0.00329842
0.16 0.00482423 0.00309357 0.00295417 0.00307101
0.17 0.00440403 0.00266766 0.00262994 0.00293188
0.18 0.00417009 0.002368 0.00240122 0.00285286
0.19 0.00407471 0.00215996 0.00224189 0.00281536
0.2 0.00408242 0.00202069 0.00213356 0.00280715
0.21 0.00416847 0.00193257 0.00206387 0.00282008
0.22 0.00431534 0.00188381 0.00202318 0.00284867
0.23 0.00451065 0.00186592 0.00200558 0.00288902
0.24 0.0047455 0.00187199 0.00200586 0.00293837
0.25 0.00501203 0.00189763 0.00202063 0.00299482
0.26 0.00530697 0.00193929 0.00204696 0.00305676
0.27 0.00562597 0.00199395 0.002083 0.00312311
0.28 0.00596699 0.00205951 0.00212696 0.00319289
0.29 0.00632708 0.00213429 0.00217744 0.0032654
0.3 0.00670643 0.00221644 0.0022328 0.00334019
0.31 0.0071025 0.00230575 0.00229253 0.00341668
0.32 0.00751429 0.00240041 0.00235615 0.00349447
0.33 0.00794149 0.00250026 0.00242282 0.00357344
0.34 0.00838418 0.00260449 0.00249208 0.00365298
0.35 0.00884079 0.00271261 0.00256315 0.00373294
0.36 0.0093102 0.00282415 0.00263605 0.00381322
0.37 0.00979392 0.00293854 0.00271042 0.00389384
0.38 0.0102905 0.00305582 0.00278569 0.00397444
0.39 0.0107998 0.00317569 0.00286202 0.00405495
0.4 0.011321 0.00329757 0.00293895 0.00413521
0.41 0.0118548 0.00342135 0.00301651 0.00421535
0.42 0.0123998 0.00354705 0.00309405 0.00429512
0.43 0.0129559 0.00367423 0.00317246 0.00437455
0.44 0.0135237 0.00380314 0.0032506 0.00445334
0.45 0.0141022 0.00393363 0.0033292 0.00453196
0.46 0.0146921 0.00406566 0.00340798 0.0046098
0.47 0.0152919 0.00419872 0.00348676 0.00468729
0.48 0.0159016 0.0043332 0.00356521 0.00476445
0.49 0.0165218 0.00446841 0.00364379 0.00484091
0.5 0.0171516 0.00460488 0.0037219 0.00491688
0.51 0.017791 0.0047425 0.00380018 0.0049923
0.52 0.018439 0.00488097 0.0038783 0.00506698
0.53 0.0190974 0.00502047 0.00395659 0.00514148
0.54 0.0197642 0.00516147 0.0040341 0.00521528
0.55 0.0204398 0.00530239 0.00411169 0.0052884
0.56 0.0211245 0.00544464 0.00418914 0.00536115
0.57 0.0218171 0.00558805 0.00426563 0.00543333
0.58 0.0225174 0.00573217 0.00434259 0.00550497
0.59 0.023227 0.0058771 0.00441935 0.00557564
0.6 0.0239423 0.00602228 0.00449575 0.00564647
0.61 0.0246674 0.00616886 0.00457201 0.00571619
0.62 0.0253987 0.00631599 0.00464786 0.00578583
0.63 0.0261373 0.00646457 0.00472323 0.00585477
0.64 0.0268837 0.00661295 0.00479854 0.00592335
0.65 0.0276364 0.00676216 0.00487375 0.00599142
0.66 0.0283958 0.00691247 0.00494863 0.00605891
0.67 0.0291628 0.0070643 0.00502331 0.00612629
0.68 0.0299354 0.0072156 0.00509738 0.00619287
0.69 0.030714 0.00736802 0.00517154 0.00625936
0.7 0.0314994 0.00752089 0.00524565 0.00632518
0.71 0.0322896 0.00767504 0.00531953 0.00639079
0.72 0.0330865 0.00782991 0.00539259 0.00645571
0.73 0.0338889 0.00798491 0.00546541 0.00652059
0.74 0.0346962 0.00814092 0.00553888 0.00658489
0.75 0.0355101 0.00829804 0.00561133 0.00664889
0.76 0.0363286 0.0084549 0.00568319 0.00671261
0.77 0.0371509 0.00861414 0.00575563 0.00677629
0.78 0.0379783 0.00877244 0.00582821 0.00683869
0.79 0.0388114 0.00893176 0.00589976 0.00690205
0.8 0.039648 0.00909195 0.00597064 0.00696447
0.81 0.0404898 0.00925357 0.00604194 0.00702636
0.82 0.0413351 0.00941429 0.00611316 0.00708857
0.83 0.0421853 0.00957693 0.00618392 0.00714995
0.839999 0.0430389 0.00973956 0.00625419 0.00721116
0.849999 0.0438966 0.00990345 0.00632497 0.0072719
0.859999 0.0447572 0.0100677 0.0063947 0.00733287
0.869999 0.0456226 0.0102333 0.00646462 0.00739355
0.879999 0.0464899 0.0103987 0.00653456 0.00745375
0.889999 0.0473615 0.0105653 0.00660411 0.00751416
0.899999 0.0482362 0.0107323 0.00667342 0.00757321
0.909999 0.0491141 0.0109003 0.00674243 0.00763265
0.919999 0.049994 0.0110686 0.00681144 0.00769205
0.929999 0.0508771 0.0112384 0.00687974 0.00775143
0.939999 0.051764 0.0114079 0.0069479 0.00781053
0.949999 0.0526525 0.0115782 0.00701651 0.00786918
0.959999 0.0535428 0.0117499 0.00708462 0.0079276
0.969999 0.0544362 0.0119219 0.00715286 0.00798582
0.979999 0.0553317 0.0120937 0.00722048 0.0080436
0.989999 0.0562282 0.0122673 0.00728811 0.00810141
0.999999 0.0571276 0.0124412 0.0073557 0.00815875
