-0.000708007, 0.0020986, 1.00448, 0.00451767, -0.368177, -1.7186
0.0249942, 0.00249056, 1.10803, 0.00493935, -0.0068709, 1.96319
0.0251341, 0.00255383, 1.11973, 0.00501413, 0.65611, 1.93515
0.0253131, 0.0025929, 1.11619, 0.00497509, -0.454732, -1.67256
0.0253059, 0.0026071, 1.11966, 0.00500942, -0.978099, 1.45634
0.0251453, 0.00262508, 1.13104, 0.00505353, -0.228689, -1.66424
0.0253109, 0.00264999, 1.13612, 0.00508288, 0.309308, 1.24544
0.0250927, 0.00266416, 1.15143, 0.00512588, -0.156504, 0.0399866
0.0251521, 0.00268944, 1.16557, 0.00518954, 0.0253712, -1.51002
0.0254281, 0.00271526, 1.17126, 0.0052441, -0.419951, 0.211949
0.0252737, 0.00274091, 1.1832, 0.00529667, 0.431695, 1.55284
0.0253123, 0.0027548, 1.19694, 0.00535115, 0.700289, 1.14989
0.025323, 0.00277039, 1.19795, 0.00534741, 0.291906, -1.30751
0.0251442, 0.0027699, 1.19744, 0.00536071, 0.917214, -0.463685
0.0253364, 0.00277375, 1.19409, 0.00531942, -0.0938342, -2.12749
0.0253455, 0.00278954, 1.1941, 0.0053412, 0.0183575, 0.239052
0.0253834, 0.00280698, 1.2093, 0.00539149, -1.11827, -0.469471
0.0253196, 0.00280012, 1.22851, 0.0055091, -0.935633, 1.1007
0.0253596, 0.00277468, 1.21594, 0.00544579, -0.143229, -1.1342
0.0252236, 0.00278903, 1.2047, 0.00538964, 0.394747, 1.53759
0.0252366, 0.0027893, 1.21209, 0.00547579, -1.0584, -0.387287
0.0254515, 0.00280252, 1.21031, 0.00544413, 0.0695145, -0.572235
0.0253035, 0.00280547, 1.23295, 0.00555989, -0.356143, -2.33373
0.0253199, 0.00283197, 1.22959, 0.00551037, -0.938095, 0.0025079
0.0253271, 0.00281841, 1.22958, 0.0054976, -0.691525, 3.12334
0.0254052, 0.0028073, 1.22862, 0.00552554, -0.373147, 0.320301
0.0253578, 0.00283357, 1.2347, 0.00551276, -0.416676, 0.659687
0.0252864, 0.00284305, 1.24674, 0.00554856, -0.20609, -0.732791
0.025276, 0.00287367, 1.24689, 0.00556054, -0.292805, 0.341746
0.025295, 0.00286511, 1.25515, 0.00562925, 0.324122, -0.252712
0.0251809, 0.00288398, 1.25469, 0.00564588, 0.431888, 1.03655
0.025358, 0.00290983, 1.2654, 0.0056621, -0.510265, -1.05412
0.0256714, 0.00294254, 1.27955, 0.00567389, -0.0512884, -0.535704
0.0250663, 0.00294449, 1.30267, 0.00585289, 0.313633, 0.467292
0.0251697, 0.00297353, 1.29068, 0.00583518, 0.950102, -0.571765
0.0252124, 0.00298887, 1.30058, 0.00585612, 0.462911, 1.69469
0.0253394, 0.00299017, 1.31283, 0.00594697, 0.430527, 1.3174
0.0253483, 0.00300222, 1.31245, 0.00593156, -0.14098, -1.22035
0.0253575, 0.00300489, 1.31488, 0.00592873, -0.769444, -0.388524
0.0249402, 0.00302417, 1.33095, 0.00596534, -0.630435, 2.91462
0.0254138, 0.00304232, 1.33459, 0.00600895, 0.925613, -0.0573052
0.0256719, 0.00305193, 1.34405, 0.00601952, 0.241305, -0.483055
0.0251151, 0.00305436, 1.35139, 0.00609299, 0.239442, -0.691557
0.0252491, 0.00305679, 1.33755, 0.00600476, 0.798322, 2.67889
0.0255888, 0.00305614, 1.35432, 0.00606066, -0.279587, 0.12589
0.0253651, 0.00309703, 1.3685, 0.00611144, 0.449737, 0.279889
0.0253289, 0.00312765, 1.38678, 0.00621362, 0.0252449, -0.61533
0.0254911, 0.00315753, 1.39145, 0.00629637, 0.435531, -0.478544
0.0253434, 0.00315219, 1.41315, 0.00636343, -1.08452, -0.382118
0.0254242, 0.00316396, 1.40111, 0.0063499, -0.301738, 0.820285
0.025403, 0.00315047, 1.40318, 0.00633121, -0.434168, 1.1127
0.0253419, 0.00317985, 1.40535, 0.00629521, 0.133902, -0.61406
0.0253989, 0.00320533, 1.42391, 0.0064328, 0.302011, 2.07028
0.0250111, 0.00323649, 1.42646, 0.00646595, 0.605642, -0.861592
0.0254105, 0.00322471, 1.43382, 0.00652627, 0.160298, 0.635498
0.0253229, 0.00325254, 1.43163, 0.00641614, 0.16515, 0.88887
0.0251069, 0.00325296, 1.42828, 0.00640841, 1.13875, 1.72024
0.0253037, 0.00325228, 1.4418, 0.00641222, 1.44589, 0.534789
0.0254473, 0.00326362, 1.45629, 0.00651715, 0.709709, 0.104761
0.0253058, 0.00329418, 1.46843, 0.00645727, -0.354486, -1.68588
0.0253458, 0.00331091, 1.49027, 0.00664442, -0.605278, 0.963591
0.0256267, 0.00333388, 1.48973, 0.00662386, -0.767592, -1.36448
0.0253152, 0.00334258, 1.4913, 0.00667748, -0.780583, 0.0089898
0.0253242, 0.00339624, 1.50838, 0.00672842, 0.888012, -0.652122
0.0253498, 0.00338981, 1.54363, 0.00697092, -0.225652, 1.91198
0.025343, 0.0034187, 1.53715, 0.00686542, -0.144747, -0.40893
0.0252705, 0.00343681, 1.52565, 0.00676434, 0.100437, -0.408132
0.0252792, 0.00344656, 1.54296, 0.00691908, -0.199439, -0.080516
0.0256601, 0.00347172, 1.56248, 0.0069664, -1.37512, -0.49388
0.0253303, 0.00349507, 1.57054, 0.00697862, 1.19835, 0.282312
0.0254228, 0.00348804, 1.59218, 0.00715947, 0.042693, 2.14503
0.0258069, 0.00353642, 1.60595, 0.00717923, 0.0416683, 0.493783
0.0252209, 0.00355789, 1.61199, 0.00714793, 1.05595, -0.899379
0.0254798, 0.00356699, 1.59977, 0.00717912, -0.0180359, 1.92151
0.0257865, 0.00357013, 1.59908, 0.00714833, 0.111457, -2.22851
0.0255832, 0.00357048, 1.61716, 0.00717685, 1.03545, 1.73495
0.0254068, 0.00357774, 1.62555, 0.0071959, 0.396474, 1.48078
0.0257399, 0.00358445, 1.61117, 0.00712313, 0.339199, 2.44166
0.0256731, 0.00361329, 1.62683, 0.00724551, 0.255969, 2.16602
0.0257533, 0.00363965, 1.65283, 0.00734548, 0.659141, -1.54845
0.0256404, 0.00363725, 1.65169, 0.00736198, 0.670458, -0.298197
0.0255373, 0.003645, 1.63941, 0.00724977, -0.0311752, 1.61037
0.0256029, 0.00364766, 1.65883, 0.00739405, 0.177473, -0.559706
0.0260476, 0.00371438, 1.66204, 0.00733734, 0.759674, 2.16645
0.0255416, 0.00372904, 1.68122, 0.00740991, -0.716393, -1.59864
0.0256608, 0.00373339, 1.69181, 0.00758619, -0.440922, -1.40266
0.0257368, 0.00373307, 1.70655, 0.00759776, 0.232465, 2.50698
0.0256077, 0.00374992, 1.68923, 0.00751453, -0.902343, -0.47329
0.0258073, 0.00377392, 1.72289, 0.00764771, 1.4034, -1.95266
0.0259446, 0.00379501, 1.72622, 0.0077354, -0.499365, 0.476108
0.0258909, 0.00381611, 1.73041, 0.00778085, 1.01398, -0.629975
0.0257586, 0.00386226, 1.75744, 0.00787745, 0.888713, -0.372152
0.0258563, 0.00389887, 1.76622, 0.0079902, 0.354824, 0.683268
0.025665, 0.00392105, 1.77938, 0.00798442, -0.375945, -1.12291
0.0259937, 0.00395464, 1.79669, 0.00805653, 0.503688, -0.996335
0.0258102, 0.00400649, 1.80582, 0.00816519, 0.54551, -0.357349
0.0259545, 0.00401163, 1.84924, 0.00839342, 0.957672, 0.257557
0.0256308, 0.00403809, 1.82275, 0.00820014, 0.841399, -1.96449
0.0249163, 0.00405176, 1.85802, 0.00840745, 0.328795, -0.622626
-0.00764282, 0.00383914, 2.00224, 0.0089865, 0.476525, 3.40434
