-0.00225483, 0.00369745, 1.00451, 0.004518, 0.804668, 0.446716
-0.000112947, 0.00452577, 1.26758, 0.00562689, 0.852765, 1.01726
-0.000304336, 0.00479144, 1.29689, 0.00580464, -0.0999434, 0.726822
0.000127522, 0.00477878, 1.28888, 0.00575901, -0.62543, -0.72044
0.000342821, 0.00471331, 1.27263, 0.00567037, -0.0681855, -0.932506
-0.000352646, 0.0048076, 1.28694, 0.00578288, 0.418137, -1.32611
0.000111996, 0.00483494, 1.28799, 0.00581237, 0.552218, -0.257823
9.40766e-05, 0.00478067, 1.2857, 0.00575352, 0.214508, 0.198573
0.000188049, 0.00476735, 1.28855, 0.00577528, 1.00609, -0.718883
-0.000110112, 0.0047956, 1.29455, 0.00580678, -0.340254, 1.60485
-0.000102169, 0.00487488, 1.30887, 0.00585823, -0.813583, -0.374242
0.00023919, 0.00482696, 1.30008, 0.00579182, 0.0247569, -1.60437
8.81712e-05, 0.00487564, 1.31315, 0.00586233, 0.274989, 1.69982
-0.00026083, 0.0048564, 1.30749, 0.00584406, -0.796416, 0.731341
-1.59971e-05, 0.00488776, 1.31474, 0.00588218, 0.608415, -0.500358
6.33515e-05, 0.00484837, 1.30496, 0.00580517, 1.47978, 0.383133
-0.000210342, 0.00482595, 1.29927, 0.00579461, 0.979474, -2.01454
-0.000258807, 0.00480324, 1.29618, 0.00578147, -0.427165, 0.3168
0.00029279, 0.00479582, 1.29736, 0.00574961, -0.032502, 0.327816
-0.000131219, 0.00487746, 1.31352, 0.00586732, -0.510924, 0.456347
6.45753e-05, 0.00483598, 1.30839, 0.00581672, -0.178787, 0.00627623
-0.000198947, 0.00488671, 1.31743, 0.00590833, -1.57485, 0.270252
0.000585535, 0.00489801, 1.32202, 0.00594271, -1.33767, 0.687648
-4.06744e-06, 0.00486317, 1.31817, 0.00586711, -0.0328109, 0.161037
0.000282342, 0.00488592, 1.31994, 0.00591949, 1.46451, -0.841098
8.08353e-05, 0.00490124, 1.32011, 0.00588061, 0.562792, 0.402878
0.000545116, 0.00489814, 1.32549, 0.00587139, -0.83235, -0.438488
-0.000262238, 0.00484065, 1.31972, 0.00585763, -0.26899, 0.648375
0.000243097, 0.00487462, 1.32732, 0.00591001, 0.168396, -0.0898188
-0.00013491, 0.00497704, 1.34452, 0.00599628, -0.284505, 2.10287
-3.96597e-06, 0.00493008, 1.33553, 0.00596105, -0.279462, 1.3516
-2.22321e-05, 0.00498927, 1.34269, 0.00603178, -0.835419, -0.423004
1.45772e-05, 0.00498427, 1.3335, 0.00600946, -0.517377, 0.272411
-0.000176351, 0.0049777, 1.336, 0.00597164, -0.347231, 1.56212
-9.61475e-05, 0.00501952, 1.34702, 0.00603203, -0.119204, 0.641395
0.000150589, 0.00502649, 1.3517, 0.00603843, -0.502444, -0.918825
1.44813e-05, 0.005054, 1.35807, 0.00609026, 0.255187, 1.55362
-6.15504e-05, 0.00503985, 1.35541, 0.00606079, 0.298146, -1.46487
3.96773e-05, 0.005068, 1.36839, 0.00612917, 0.42031, 0.317444
7.91166e-05, 0.00511357, 1.36908, 0.00614612, 0.911973, -0.181139
1.12162e-05, 0.0050428, 1.35706, 0.00607351, 0.232535, 1.91866
-0.00018127, 0.00508064, 1.35579, 0.0061016, 1.01799, -2.0682
0.000122473, 0.00507159, 1.36313, 0.00608381, 0.0961632, -3.05542
-0.000397266, 0.0051278, 1.37932, 0.00617526, 0.300513, -1.72192
0.000252363, 0.00515976, 1.38481, 0.00625098, 0.641155, 0.593101
-0.000145876, 0.0051796, 1.38958, 0.00622001, -1.48304, 0.874808
5.40446e-05, 0.00522097, 1.39374, 0.00625649, -0.43233, 2.35554
3.92985e-05, 0.00519522, 1.39527, 0.00620867, -0.502573, 0.463216
0.000149739, 0.00519838, 1.39032, 0.00626492, -0.143211, 0.210144
-0.000126194, 0.00511289, 1.36687, 0.00618131, 0.239591, 0.743021
-0.000160361, 0.00508466, 1.37498, 0.00617172, -0.327688, 0.146377
0.000390003, 0.00505113, 1.36829, 0.00607878, 0.462275, -0.131262
0.000203596, 0.00506933, 1.36947, 0.00615406, -0.502738, 0.744546
4.97798e-05, 0.00511093, 1.3814, 0.00621201, 0.617901, -0.0122739
0.000329847, 0.00516085, 1.40279, 0.00620061, -0.299579, -2.67652
0.000116026, 0.005076, 1.378, 0.00617519, -1.13287, -0.318184
-0.000141927, 0.00501411, 1.3665, 0.00606457, -0.0647724, 1.12195
-0.000233388, 0.00504578, 1.3731, 0.00614869, 1.04601, -0.472861
-7.04537e-05, 0.00509257, 1.37899, 0.00617463, 1.01765, 1.98897
-5.01809e-05, 0.00508887, 1.38476, 0.00618322, 1.57416, -1.53461
0.000281348, 0.00511552, 1.38931, 0.00623082, 0.262303, -1.69188
-7.34459e-05, 0.00515687, 1.39987, 0.00624277, 0.023876, 0.660014
0.000281433, 0.00516072, 1.39586, 0.00622728, -0.0486381, 0.689886
-2.95074e-06, 0.00518485, 1.40089, 0.00629429, 0.58054, 0.44427
-2.27614e-05, 0.00516325, 1.3971, 0.00629006, 1.58266, 0.360363
-0.000252517, 0.00517486, 1.39284, 0.00625014, -0.350227, -1.23394
-6.94901e-06, 0.00524026, 1.40413, 0.00632581, -0.776342, -0.500617
-0.000152569, 0.00523744, 1.41254, 0.00633792, 0.350362, -0.308586
-0.000145727, 0.00520806, 1.40515, 0.00632606, -0.95188, -0.430163
-2.15416e-05, 0.00527586, 1.41228, 0.00636405, -1.11514, -0.474917
-5.90985e-05, 0.00525352, 1.40567, 0.00632204, -0.372226, -2.44514
0.000240963, 0.00528791, 1.41886, 0.00637927, -0.675812, -0.465013
6.45195e-05, 0.00524621, 1.40161, 0.00631824, 0.762393, -0.788634
0.000367902, 0.00532671, 1.42922, 0.00644951, -0.157771, 1.53302
-0.000340964, 0.00527039, 1.42166, 0.00639381, 0.438727, 1.57129
-1.45938e-05, 0.00524809, 1.42609, 0.00638186, 0.0760822, -0.708075
1.0594e-05, 0.00529209, 1.42863, 0.00642776, 0.04154, -1.7346
-0.000126121, 0.0052865, 1.42834, 0.00640707, 1.00782, 0.13201
-0.000542726, 0.00522788, 1.42134, 0.00635724, -0.704586, -2.03969
0.000388977, 0.0052439, 1.42091, 0.00636847, -0.829846, 0.783901
-6.54267e-05, 0.00523029, 1.42164, 0.00635926, -0.0311079, -0.603623
-6.38849e-05, 0.00527156, 1.42885, 0.00644256, -0.383483, 0.262388
-0.000110004, 0.00521536, 1.41409, 0.00632243, -0.326904, -1.56585
0.000281637, 0.00520733, 1.41147, 0.00635197, -0.819598, 0.963671
1.80981e-05, 0.00521812, 1.42293, 0.00637562, 0.739871, 0.781815
0.000200027, 0.00525308, 1.42444, 0.00641663, -0.591482, 1.09273
-0.000154122, 0.00529539, 1.43788, 0.00644296, -1.00493, 0.0488749
0.000142711, 0.00527242, 1.44378, 0.006422, -0.765423, 0.688751
-0.000152237, 0.00529219, 1.44446, 0.00646855, -0.338941, 0.132961
-4.99618e-05, 0.00526414, 1.43849, 0.00641524, -0.388003, -0.426228
-0.000254685, 0.00534193, 1.45298, 0.00649923, -1.08937, 0.890481
0.000213845, 0.00530442, 1.43986, 0.00643516, 0.293307, 0.303976
-0.000344431, 0.00531295, 1.44564, 0.00647572, 0.290129, -0.358687
-3.15315e-05, 0.00533749, 1.45091, 0.00651637, -0.932366, -2.69474
-0.00015921, 0.00530563, 1.44645, 0.00643942, 0.654596, 1.00022
-0.000180348, 0.00536461, 1.46495, 0.00654039, -0.744655, 1.29011
0.000143198, 0.0053099, 1.44703, 0.00648982, -0.106156, 0.507344
-0.000116946, 0.00542221, 1.46504, 0.00658202, 1.4777, 1.25602
-2.23427e-05, 0.00540735, 1.45897, 0.00655096, 0.671348, -0.358619
0.000495397, 0.00533681, 1.45577, 0.0064728, 0.26949, -0.0603165
0.00019756, 0.0053971, 1.47, 0.00658039, -0.261631, 0.101152
-0.000287386, 0.00542482, 1.47506, 0.00660226, -1.12563, 0.0196872
0.000141156, 0.00547964, 1.4901, 0.00666802, 0.809776, 1.07759
-0.000354582, 0.00541137, 1.47728, 0.00659663, 0.00948709, -2.09669
0.000131441, 0.00544008, 1.48527, 0.00665274, 0.282843, -0.715882
2.31706e-05, 0.00537778, 1.47368, 0.00656482, -0.264373, -0.294123
6.57603e-05, 0.00540525, 1.48126, 0.00663441, -0.43772, 1.30546
1.55514e-05, 0.00546918, 1.49314, 0.00666129, 0.514742, 1.34202
-1.17574e-05, 0.00549351, 1.49025, 0.00670723, 1.05891, -1.78978
-1.05118e-05, 0.00539228, 1.47846, 0.00660382, 1.35785, 1.67662
-3.50062e-05, 0.00552217, 1.50182, 0.00678244, 2.20068, -0.971195
-2.58852e-05, 0.00551126, 1.50016, 0.00673827, 0.508367, -0.884185
-2.11432e-05, 0.0054577, 1.49922, 0.0067272, 0.547871, -0.865853
-4.93974e-05, 0.00553093, 1.5043, 0.00677008, -1.23378, -0.00535296
-0.000456502, 0.00554819, 1.50286, 0.00675268, 0.314693, 0.154775
-6.37326e-05, 0.00554765, 1.50744, 0.00676403, 0.982426, -0.624955
0.000208099, 0.00547323, 1.49982, 0.00665834, -0.479892, 0.861582
-0.000290359, 0.00548518, 1.49243, 0.00669136, -0.432248, -1.9418
-0.000358422, 0.00552355, 1.51426, 0.00672913, -1.1426, -0.114662
-7.66208e-05, 0.00551813, 1.50046, 0.00669899, -0.470137, -0.307685
1.96438e-05, 0.00558413, 1.51664, 0.00677004, -0.296001, 0.644229
-0.000192111, 0.00564431, 1.52428, 0.00686896, 1.15779, 0.62822
-0.000143013, 0.00559434, 1.51757, 0.00680891, -0.0450891, -0.0491138
0.000136692, 0.00562638, 1.51672, 0.00681265, 0.835609, -1.41119
-0.000134143, 0.00564289, 1.52324, 0.00680714, 1.48284, -0.125394
-0.000145083, 0.00568605, 1.52979, 0.00689323, -0.933385, 0.792879
0.000358697, 0.0055895, 1.52252, 0.00678854, 0.0556135, 0.901045
-0.000618888, 0.00567636, 1.53908, 0.00688604, 0.87205, -1.4945
-1.62807e-06, 0.00566518, 1.53766, 0.00688468, 0.276982, -1.09313
-6.75028e-05, 0.00568356, 1.54047, 0.00692576, 1.09236, 0.379119
5.23387e-05, 0.00563326, 1.52454, 0.00687039, 0.645148, 1.45474
-0.000131827, 0.00558306, 1.52964, 0.00681866, -0.696772, -0.248186
0.000225849, 0.0056548, 1.53963, 0.00693328, 0.461203, 1.83019
-1.98291e-05, 0.00560831, 1.53283, 0.00686423, -0.423792, -2.81076
-0.000149993, 0.00563405, 1.52983, 0.00685917, -0.0621863, -0.0989685
-6.45908e-05, 0.00566688, 1.53187, 0.0069001, -0.817491, -0.487865
-4.68241e-05, 0.00573231, 1.55314, 0.00697333, -1.1138, 2.43191
-0.000202104, 0.00566871, 1.54182, 0.00692187, -0.447296, -0.300431
0.000156874, 0.00577013, 1.56205, 0.00701419, 0.307743, 0.858567
-0.000189087, 0.00574999, 1.56118, 0.00698588, -0.544939, -1.62587
0.000309971, 0.00569525, 1.54706, 0.00696305, -0.262775, 0.672397
6.37684e-05, 0.00572711, 1.56234, 0.00697508, 1.04266, 1.18696
0.000255143, 0.00571871, 1.56299, 0.00699182, 0.0688092, 0.661259
-0.000132931, 0.00574278, 1.57039, 0.00704261, 0.109104, 2.87819
-5.55902e-05, 0.00579822, 1.57677, 0.00703719, -0.0791775, 1.24944
0.000294568, 0.00580882, 1.57128, 0.00704521, 1.0875, 0.488896
-0.00013163, 0.0058211, 1.58121, 0.00705727, -1.14519, 0.704957
-8.96946e-05, 0.00577575, 1.56738, 0.00702569, -1.05689, 2.00249
-0.000164846, 0.00577493, 1.57563, 0.00700284, -0.246678, 2.77095
-3.31588e-05, 0.00580978, 1.5769, 0.00707669, 0.502013, 1.50566
6.48143e-05, 0.00575422, 1.57133, 0.00702179, 0.131651, -1.5293
-0.000181059, 0.00574394, 1.56258, 0.00697543, -0.000747866, 2.26686
-0.000260121, 0.00583971, 1.58048, 0.00707854, -1.29027, -2.09664
0.000238929, 0.00576887, 1.57022, 0.00696816, -0.739606, 0.364026
-0.000144298, 0.00579647, 1.56948, 0.00703746, -0.0131349, 1.29081
1.88935e-05, 0.00584004, 1.59051, 0.00709309, 0.916909, -0.388188
0.000186261, 0.00588486, 1.59332, 0.00718208, -0.677239, 1.39006
-0.000475601, 0.0058092, 1.58564, 0.00709237, 0.836253, 1.42485
0.000170199, 0.00583036, 1.59184, 0.00707682, 0.801234, 0.560092
-0.000584005, 0.00590349, 1.60264, 0.0071848, -0.323799, 1.5562
-6.43372e-05, 0.00590194, 1.59016, 0.00721164, -0.538174, -2.37123
0.00037545, 0.0058604, 1.59085, 0.00713188, -0.989575, 1.33788
-3.87197e-05, 0.00591057, 1.60165, 0.00720934, -0.550662, 1.30868
-0.000105365, 0.00586035, 1.59253, 0.00716139, -0.233121, 0.179864
0.000216884, 0.00582074, 1.59011, 0.00712211, 1.32667, 0.825329
-5.93195e-05, 0.00588211, 1.60454, 0.00717709, -0.478111, 1.37132
-9.09655e-05, 0.00590193, 1.59883, 0.00715512, -0.801169, -0.5051
1.8305e-05, 0.00594249, 1.59855, 0.00722076, -0.0784987, 1.76756
0.000213016, 0.00597892, 1.60593, 0.00727708, 0.147529, -1.04651
-0.000338814, 0.00596655, 1.60742, 0.00727277, -1.09846, 0.0253079
0.000158532, 0.00595757, 1.60514, 0.00724244, -0.795631, -0.831702
4.29641e-05, 0.00603551, 1.62501, 0.00731737, -0.282743, 0.97586
0.000388395, 0.00597807, 1.61445, 0.00720173, 0.721839, -0.096535
-9.36586e-05, 0.00598537, 1.61452, 0.00725637, 0.386129, -0.187226
-6.49282e-05, 0.00594603, 1.61268, 0.0071914, -0.29512, 1.59711
1.11189e-05, 0.00590829, 1.60705, 0.0071451, 0.288385, 0.0342768
-0.000157735, 0.00601536, 1.62026, 0.00732313, -0.206456, -2.8606
0.000562928, 0.00596121, 1.62314, 0.0072712, -0.58862, 1.56124
-0.000324214, 0.00594085, 1.62189, 0.00723614, -0.0662445, -3.33621
0.00014677, 0.00604151, 1.63301, 0.00734377, -0.658089, -0.909196
0.000125664, 0.00607185, 1.6382, 0.00737308, -1.06551, 0.554258
-0.00019627, 0.006074, 1.63819, 0.00736285, -1.0221, 2.45658
0.000189379, 0.0060666, 1.64412, 0.00736096, -0.851081, 1.01643
-6.4229e-05, 0.00610944, 1.65368, 0.00742838, 0.120565, -1.00151
0.000402909, 0.00617686, 1.65878, 0.00746775, -0.336649, 2.08339
-1.29339e-05, 0.00621787, 1.6682, 0.00749685, 0.950753, -1.69615
-0.000151438, 0.00618053, 1.65573, 0.00744053, -1.27328, -1.00066
0.000164668, 0.00619354, 1.6725, 0.00745659, -0.500851, -0.91891
0.000295084, 0.00621532, 1.67371, 0.00756422, 0.515455, -2.01188
-0.00039426, 0.0060902, 1.64958, 0.00741203, 1.43803, -0.292298
-0.000142208, 0.00618768, 1.67056, 0.00749933, 0.203457, 0.188508
-0.000149517, 0.00614842, 1.65777, 0.00745545, -0.0110706, 1.16944
9.56827e-05, 0.00619452, 1.67821, 0.0075011, -0.233083, -1.58374
1.75447e-05, 0.00626518, 1.67913, 0.00757547, 0.622971, 0.0114835
-0.0001988, 0.00632096, 1.69012, 0.00770502, 1.35875, 2.22212
5.5331e-06, 0.00624452, 1.67702, 0.00758088, 0.586693, -0.0250724
-8.86851e-05, 0.00624823, 1.6868, 0.00759501, -0.122577, 0.589083
-0.000331961, 0.00623698, 1.68973, 0.00757562, 0.651354, 0.113218
0.00135528, 0.0063397, 1.69123, 0.00762405, 0.581772, -0.462439
-0.00831885, 0.00699088, 2.00242, 0.00898692, -0.691499, 1.13372
